0 0.569517 0.085227 0.012262 0.004984
0 0.617848 0.082291 0.012557 0.010857
0 0.495894 0.132326 0.012074 0.010020
0 0.523500 0.143094 0.010394 0.009746
0 0.504370 0.139241 0.011118 0.009946
0 0.547340 0.122582 0.010458 0.009567
0 0.538283 0.123473 0.010144 0.009174
0 0.525902 0.092031 0.008827 0.006377
0 0.538713 0.105253 0.005356 0.004332
0 0.534069 0.115516 0.006834 0.005009
0 0.539761 0.123153 0.013775 0.009654
0 0.633230 0.109553 0.011191 0.009794
0 0.675372 0.136609 0.011213 0.008757
0 0.689136 0.125779 0.011218 0.008409
0 0.601913 0.141201 0.011673 0.011561
0 0.686017 0.134396 0.012110 0.010849
0 0.604696 0.172279 0.008370 0.006176
0 0.602930 0.090455 0.010890 0.005471
0 0.773673 0.144177 0.012138 0.010173
0 0.791673 0.139445 0.012161 0.010298
0 0.706289 0.137519 0.009070 0.007083
0 0.713793 0.143106 0.010299 0.008172
0 0.745676 0.163970 0.009618 0.007206
0 0.746160 0.171482 0.010803 0.007912
0 0.798384 0.170420 0.007876 0.005821
0 0.798831 0.149216 0.010748 0.007971
0 0.773416 0.165909 0.012354 0.008563
0 0.718410 0.147577 0.006427 0.004146
0 0.782035 0.136144 0.011810 0.010572
0 0.756820 0.168125 0.011525 0.010755
0 0.783189 0.144817 0.007343 0.008195
0 0.776161 0.166088 0.006735 0.007812
0 0.803760 0.169176 0.019477 0.009332
0 0.769174 0.130562 0.008467 0.007651
0 0.881063 0.149556 0.011768 0.009571
0 0.849327 0.125103 0.012919 0.010341
0 0.890008 0.156581 0.013667 0.011353
0 0.878616 0.136456 0.012956 0.009392
0 0.844446 0.162455 0.008961 0.008637
0 0.018187 0.256966 0.012068 0.009350
0 0.033239 0.259477 0.012064 0.007361
0 0.020426 0.225108 0.014512 0.007950
0 0.045523 0.228753 0.006635 0.008423
0 0.193552 0.185817 0.010628 0.007625
0 0.123533 0.209971 0.011089 0.008545
0 0.185064 0.180284 0.010327 0.008842
0 0.198293 0.217867 0.008648 0.007421
0 0.230203 0.197296 0.007430 0.007335
0 0.200551 0.248674 0.004526 0.003926
0 0.143321 0.235501 0.010785 0.008033
0 0.183585 0.195931 0.006191 0.004611
0 0.135490 0.241673 0.011759 0.004843
0 0.211396 0.210765 0.005349 0.005595
0 0.177375 0.186198 0.008937 0.006388
0 0.187786 0.217132 0.010674 0.006198
0 0.143409 0.237809 0.010991 0.012755
0 0.189648 0.206740 0.008875 0.005083
0 0.249684 0.193089 0.010303 0.008369
0 0.243744 0.179133 0.011919 0.007269
0 0.275650 0.190477 0.010741 0.007033
0 0.347229 0.227737 0.007297 0.006695
0 0.255829 0.184451 0.010815 0.008529
0 0.343072 0.250284 0.008958 0.005251
0 0.323640 0.254608 0.008245 0.007029
0 0.318067 0.247224 0.013448 0.008184
0 0.315666 0.248528 0.008313 0.005648
0 0.257272 0.226697 0.007641 0.007464
0 0.280932 0.205728 0.010272 0.006987
0 0.283373 0.213949 0.009202 0.007774
0 0.248903 0.183898 0.009340 0.006860
0 0.242623 0.259102 0.008104 0.006783
0 0.253009 0.235499 0.005665 0.004331
0 0.262238 0.222319 0.006028 0.003877
0 0.348878 0.256830 0.003999 0.005235
0 0.343833 0.243240 0.008493 0.005412
0 0.252823 0.183694 0.017090 0.007368
0 0.346339 0.233286 0.007778 0.004482
0 0.348740 0.245002 0.004274 0.005456
0 0.367773 0.197659 0.008242 0.005769
0 0.463409 0.229389 0.008855 0.006903
0 0.389710 0.232164 0.007310 0.006488
0 0.354709 0.232183 0.007537 0.005964
0 0.359231 0.258711 0.007166 0.006007
0 0.425540 0.186699 0.006796 0.005355
0 0.439244 0.226698 0.006554 0.004456
0 0.452575 0.224364 0.005907 0.004595
0 0.455699 0.224595 0.007231 0.005633
0 0.552374 0.248908 0.011169 0.007862
0 0.472841 0.238134 0.008861 0.008154
0 0.557980 0.249556 0.007902 0.007167
0 0.564114 0.241569 0.006061 0.004120
0 0.499384 0.254827 0.008601 0.004743
0 0.669995 0.223151 0.010046 0.007354
0 0.679006 0.229285 0.010572 0.008239
0 0.605519 0.202021 0.010103 0.009505
0 0.628598 0.248828 0.010692 0.008633
0 0.620130 0.253904 0.009938 0.007144
0 0.620303 0.222976 0.009269 0.007391
0 0.599117 0.181190 0.009595 0.007711
0 0.587937 0.247721 0.006283 0.006916
0 0.616285 0.205712 0.008109 0.005929
0 0.647610 0.232972 0.009752 0.007357
0 0.599034 0.183341 0.009601 0.012695
0 0.597030 0.187605 0.010373 0.008164
0 0.607792 0.258257 0.006647 0.006412
0 0.592961 0.246222 0.005783 0.006061
0 0.741720 0.234621 0.011113 0.009686
0 0.715868 0.191832 0.008281 0.006935
0 0.738167 0.191297 0.011680 0.009784
0 0.716283 0.236868 0.008203 0.006013
0 0.747828 0.248126 0.011761 0.009957
0 0.730485 0.184465 0.008349 0.005195
0 0.770386 0.210665 0.009529 0.008790
0 0.732105 0.178110 0.010533 0.005114
0 0.740367 0.206239 0.007804 0.007762
0 0.727603 0.191643 0.007894 0.007119
0 0.732255 0.191552 0.018104 0.009398
0 0.740333 0.179362 0.007885 0.007174
0 0.721856 0.191099 0.004780 0.005302
0 0.763362 0.215245 0.008262 0.005133
0 0.788816 0.213402 0.007109 0.004808
0 0.815597 0.251280 0.006233 0.008767
0 0.741867 0.206305 0.011156 0.008163
0 0.788335 0.212714 0.007931 0.005936
0 0.711821 0.198977 0.008773 0.006178
0 0.856157 0.211402 0.012135 0.008770
0 0.841082 0.259494 0.012477 0.007327
0 0.871416 0.256623 0.009006 0.006898
0 0.838984 0.242244 0.010720 0.009301
0 0.915964 0.179283 0.010458 0.006796
0 0.876746 0.254155 0.013022 0.010308
0 0.833194 0.235457 0.008666 0.007287
0 0.878393 0.253888 0.009379 0.009678
0 0.848142 0.205721 0.010364 0.008628
0 0.875210 0.255206 0.015784 0.010294
0 0.873810 0.256216 0.013426 0.007941
0 0.014825 0.298981 0.011877 0.009012
0 0.112035 0.312023 0.009531 0.008906
0 0.106868 0.321396 0.008740 0.005537
0 0.021507 0.279465 0.011530 0.006950
0 0.069707 0.340023 0.008343 0.005347
0 0.054570 0.340723 0.006686 0.004444
0 0.021437 0.280777 0.011640 0.009893
0 0.010016 0.292033 0.011949 0.006268
0 0.076252 0.341300 0.005353 0.005997
0 0.085882 0.336777 0.005353 0.003960
0 0.079845 0.327841 0.011595 0.006785
0 0.004969 0.298555 0.009938 0.008857
0 0.085764 0.343589 0.005656 0.004920
0 0.074245 0.340713 0.009536 0.005686
0 0.140688 0.293391 0.010584 0.007013
0 0.167739 0.345477 0.011348 0.007863
0 0.137676 0.293773 0.016535 0.007706
0 0.120032 0.333599 0.006147 0.005395
0 0.128355 0.347329 0.011432 0.007097
0 0.181022 0.327932 0.007784 0.006026
0 0.171115 0.324865 0.008485 0.005255
0 0.142094 0.342815 0.005991 0.003843
0 0.165732 0.338118 0.007880 0.005537
0 0.206571 0.347147 0.011303 0.007461
0 0.133189 0.293837 0.007577 0.007507
0 0.154282 0.325103 0.007930 0.004434
0 0.195939 0.268367 0.008284 0.007347
0 0.196266 0.267144 0.007562 0.004860
0 0.166149 0.338857 0.008876 0.007303
0 0.172947 0.336300 0.009791 0.007939
0 0.221667 0.314996 0.006585 0.006879
0 0.252727 0.343938 0.011238 0.008012
0 0.288631 0.320801 0.009755 0.006863
0 0.294906 0.315993 0.010557 0.007947
0 0.247563 0.309423 0.011974 0.009211
0 0.242749 0.297487 0.010230 0.008608
0 0.345198 0.339793 0.009307 0.007231
0 0.297243 0.299045 0.007802 0.008017
0 0.273031 0.275465 0.008979 0.007276
0 0.334481 0.332408 0.008911 0.006668
0 0.309204 0.328168 0.008500 0.005877
0 0.313466 0.336494 0.010763 0.009580
0 0.304907 0.318905 0.006549 0.004321
0 0.258396 0.332107 0.005634 0.004248
0 0.271869 0.294799 0.008135 0.004343
0 0.303685 0.312369 0.006782 0.004212
0 0.333228 0.331495 0.011583 0.008864
0 0.257855 0.315662 0.004836 0.006463
0 0.260236 0.315445 0.009994 0.006670
0 0.268855 0.314462 0.007733 0.004586
0 0.342862 0.292283 0.006015 0.004903
0 0.305200 0.319054 0.007448 0.005512
0 0.272091 0.282634 0.009885 0.006338
0 0.458648 0.339336 0.009345 0.007080
0 0.448122 0.337082 0.009909 0.007227
0 0.370476 0.313348 0.007859 0.005963
0 0.355365 0.338169 0.008976 0.009024
0 0.449333 0.344516 0.008954 0.007523
0 0.369909 0.306100 0.008068 0.005875
0 0.433935 0.312121 0.009533 0.007011
0 0.358785 0.311400 0.008116 0.006642
0 0.426439 0.305751 0.005432 0.003634
0 0.432094 0.312569 0.011875 0.008263
0 0.427716 0.314967 0.005816 0.004855
0 0.385361 0.313083 0.006710 0.006288
0 0.354970 0.265059 0.008186 0.003801
0 0.498809 0.291309 0.009675 0.006859
0 0.478759 0.279569 0.008979 0.007642
0 0.525001 0.297749 0.009880 0.006979
0 0.532903 0.295433 0.009940 0.006984
0 0.497138 0.274189 0.007912 0.005801
0 0.516289 0.344971 0.010190 0.007233
0 0.563296 0.277831 0.008013 0.005981
0 0.519153 0.337376 0.007546 0.006467
0 0.491050 0.288138 0.009155 0.007167
0 0.498425 0.328619 0.010752 0.006708
0 0.499930 0.334815 0.008695 0.006351
0 0.516635 0.268130 0.007263 0.005251
0 0.547825 0.339574 0.009647 0.007169
0 0.516690 0.330822 0.008070 0.007583
0 0.562006 0.294080 0.006077 0.005234
0 0.496048 0.290976 0.016172 0.007500
0 0.571726 0.334805 0.008075 0.006484
0 0.493791 0.338618 0.005511 0.004461
0 0.553311 0.280254 0.007102 0.005692
0 0.554069 0.286062 0.005918 0.004240
0 0.579689 0.333779 0.009441 0.008612
0 0.490944 0.301126 0.005806 0.004132
0 0.499747 0.303467 0.011387 0.008337
0 0.470132 0.328394 0.004591 0.004701
0 0.562211 0.266974 0.005252 0.004580
0 0.559649 0.326285 0.006242 0.004432
0 0.554029 0.279927 0.009819 0.006388
0 0.502650 0.302659 0.005650 0.005696
0 0.557543 0.291390 0.006616 0.006779
0 0.498875 0.274308 0.011885 0.005539
0 0.541764 0.299196 0.005420 0.004914
0 0.555412 0.266252 0.007702 0.006127
0 0.561471 0.303053 0.004080 0.003808
0 0.693755 0.287206 0.010923 0.009030
0 0.621462 0.281926 0.010498 0.007581
0 0.613975 0.306373 0.007667 0.007296
0 0.630251 0.286453 0.011771 0.007934
0 0.609646 0.277847 0.008991 0.006461
0 0.656383 0.347505 0.012236 0.006744
0 0.686864 0.304254 0.009264 0.006721
0 0.662222 0.342441 0.010300 0.006944
0 0.674357 0.289961 0.007523 0.004958
0 0.617586 0.288143 0.005834 0.004290
0 0.688829 0.345560 0.007124 0.005606
0 0.586651 0.268066 0.003711 0.003935
0 0.760648 0.303497 0.011086 0.009403
0 0.802923 0.267219 0.012968 0.007923
0 0.723559 0.313074 0.009472 0.006060
0 0.799734 0.331368 0.010908 0.009262
0 0.744676 0.289194 0.011216 0.008823
0 0.722927 0.293394 0.005246 0.004318
0 0.811757 0.348285 0.010664 0.004933
0 0.724114 0.293275 0.008248 0.004729
0 0.734025 0.306689 0.010514 0.007788
0 0.725699 0.293869 0.010814 0.005359
0 0.836501 0.290737 0.010785 0.007777
0 0.925630 0.315356 0.012499 0.010052
0 0.881177 0.278383 0.010604 0.008852
0 0.889071 0.278446 0.008165 0.008481
0 0.931704 0.333805 0.007937 0.008494
0 0.035576 0.354625 0.012890 0.007495
0 0.073008 0.396212 0.011459 0.007353
0 0.053696 0.426242 0.012510 0.009298
0 0.098667 0.372034 0.011394 0.007558
0 0.062226 0.410705 0.011235 0.008888
0 0.089672 0.366663 0.012036 0.008828
0 0.113034 0.408426 0.007850 0.008480
0 0.098226 0.425453 0.010588 0.007439
0 0.025540 0.355269 0.008422 0.007572
0 0.112649 0.358645 0.008620 0.008110
0 0.073843 0.404558 0.011029 0.006639
0 0.106667 0.424055 0.009037 0.008500
0 0.082701 0.373012 0.011085 0.008705
0 0.040347 0.374397 0.007161 0.004976
0 0.024265 0.355209 0.011319 0.008160
0 0.089569 0.369190 0.012709 0.013783
0 0.069842 0.380390 0.008911 0.007577
0 0.100310 0.378597 0.010845 0.006595
0 0.165521 0.404902 0.010724 0.007495
0 0.157296 0.400099 0.011853 0.007770
0 0.148053 0.403924 0.011921 0.007934
0 0.197138 0.434121 0.012171 0.008432
0 0.138194 0.410116 0.011313 0.006974
0 0.121332 0.363517 0.008746 0.007070
0 0.126076 0.369313 0.008422 0.008143
0 0.197831 0.388553 0.011002 0.009453
0 0.206108 0.433062 0.004834 0.003750
0 0.129724 0.412761 0.006125 0.004708
0 0.136829 0.373917 0.007753 0.007397
0 0.214498 0.432660 0.014078 0.010515
0 0.146999 0.374133 0.004609 0.003854
0 0.265418 0.381674 0.011217 0.009379
0 0.314089 0.376154 0.011165 0.008028
0 0.319358 0.363112 0.010646 0.007546
0 0.255829 0.427808 0.011232 0.007984
0 0.292416 0.357047 0.010810 0.006512
0 0.247913 0.426278 0.008952 0.008735
0 0.311482 0.368430 0.010226 0.007235
0 0.335116 0.384821 0.011288 0.007428
0 0.315638 0.386199 0.010763 0.006574
0 0.283218 0.358027 0.008520 0.006615
0 0.325679 0.385127 0.011374 0.007880
0 0.288656 0.429544 0.007670 0.005885
0 0.278275 0.389160 0.008151 0.004473
0 0.298581 0.353487 0.004403 0.003723
0 0.278363 0.388458 0.008803 0.006392
0 0.238357 0.416216 0.008878 0.006324
0 0.330060 0.384837 0.020732 0.007305
0 0.257465 0.399796 0.004236 0.004176
0 0.260174 0.435283 0.008398 0.006566
0 0.446668 0.412677 0.012937 0.009603
0 0.438391 0.389795 0.013945 0.011754
0 0.429974 0.410803 0.013466 0.010532
0 0.439310 0.404434 0.012914 0.008950
0 0.422535 0.401659 0.015082 0.010533
0 0.449029 0.353744 0.010263 0.005535
0 0.427266 0.385095 0.012501 0.011966
0 0.376384 0.361722 0.008220 0.007505
0 0.453226 0.375815 0.009143 0.005914
0 0.451146 0.370073 0.005420 0.006285
0 0.387920 0.374354 0.006381 0.007332
0 0.455398 0.370052 0.006671 0.006302
0 0.407869 0.391550 0.014607 0.007217
0 0.458537 0.356135 0.006560 0.005780
0 0.434335 0.435525 0.006390 0.005241
0 0.456647 0.408772 0.009411 0.006304
0 0.436547 0.415134 0.004746 0.003926
0 0.455744 0.370340 0.005276 0.005525
0 0.529589 0.406647 0.009569 0.007163
0 0.530290 0.418951 0.009949 0.007419
0 0.550705 0.396092 0.006987 0.006425
0 0.550767 0.378639 0.005481 0.004979
0 0.581899 0.367091 0.005792 0.007889
0 0.532478 0.405879 0.015401 0.008312
0 0.509486 0.361849 0.005594 0.005766
0 0.521678 0.362424 0.009418 0.006484
0 0.520217 0.353135 0.008449 0.004379
0 0.521510 0.365149 0.010052 0.012875
0 0.534280 0.414902 0.006221 0.004343
0 0.536519 0.403779 0.007001 0.004911
0 0.514683 0.358212 0.004336 0.003948
0 0.673489 0.398534 0.010121 0.007119
0 0.592606 0.372510 0.007844 0.006683
0 0.601942 0.363118 0.008959 0.006610
0 0.604124 0.370810 0.008883 0.006609
0 0.593501 0.372593 0.010591 0.007176
0 0.649045 0.362383 0.004639 0.004599
0 0.660992 0.387876 0.006464 0.004176
0 0.640712 0.360546 0.004184 0.003963
0 0.792283 0.430277 0.005847 0.004647
0 0.747744 0.422668 0.012417 0.008641
0 0.775809 0.371695 0.009675 0.007695
0 0.830813 0.415222 0.004886 0.004473
0 0.836597 0.419181 0.005807 0.004221
0 0.835402 0.409841 0.011090 0.006793
0 0.925624 0.411763 0.006898 0.005721
0 0.835300 0.411474 0.011744 0.011004
0 0.864653 0.436005 0.010865 0.005183
0 0.862804 0.391514 0.007446 0.007156
0 0.044390 0.454546 0.011467 0.009436
0 0.041473 0.468789 0.011245 0.006178
0 0.076458 0.447754 0.010443 0.006825
0 0.068676 0.448291 0.005613 0.004308
0 0.073457 0.447968 0.016087 0.006016
0 0.079240 0.479288 0.005997 0.005633
0 0.037812 0.475817 0.004054 0.004422
0 0.087728 0.450287 0.009936 0.005219
0 0.061880 0.517054 0.005712 0.004734
0 0.082200 0.454316 0.005322 0.005359
0 0.074752 0.447614 0.011801 0.006400
0 0.200547 0.467669 0.010189 0.008781
0 0.228382 0.447615 0.006525 0.005486
0 0.125912 0.479691 0.008801 0.006600
0 0.132940 0.472619 0.008848 0.006152
0 0.286697 0.497203 0.009680 0.007390
0 0.292503 0.515939 0.010711 0.008101
0 0.298623 0.502912 0.008807 0.008389
0 0.283962 0.460157 0.004118 0.005134
0 0.379663 0.467956 0.014411 0.012349
0 0.364967 0.468710 0.014001 0.011773
0 0.358157 0.474801 0.012169 0.010952
0 0.371372 0.475470 0.011139 0.008203
0 0.371886 0.476873 0.010678 0.005834
0 0.462490 0.471046 0.004669 0.004188
0 0.546005 0.503133 0.013427 0.008613
0 0.530551 0.516693 0.015109 0.011229
0 0.544713 0.492863 0.014756 0.011987
0 0.559329 0.500760 0.013956 0.011073
0 0.542419 0.492807 0.016958 0.012994
0 0.556891 0.500389 0.009327 0.010471
0 0.553640 0.491021 0.007491 0.008014
0 0.536729 0.488485 0.005612 0.006246
0 0.541000 0.522755 0.014147 0.007122
0 0.578426 0.490456 0.012739 0.017497
0 0.670388 0.492284 0.013510 0.008670
0 0.665585 0.501206 0.012475 0.010804
0 0.605178 0.511203 0.013016 0.010333
0 0.590094 0.482476 0.010598 0.008897
0 0.599466 0.496573 0.018840 0.019280
0 0.708510 0.466959 0.013341 0.009013
0 0.775879 0.474441 0.013435 0.009113
0 0.788931 0.473632 0.015166 0.009720
0 0.776546 0.466309 0.011421 0.007810
0 0.788939 0.466513 0.013607 0.009596
0 0.788866 0.468537 0.013170 0.013630
0 0.847205 0.513582 0.010460 0.008185
0 0.857520 0.448343 0.011053 0.007996
0 0.859417 0.480464 0.014731 0.009948
0 0.877558 0.475444 0.010795 0.006925
0 0.883874 0.487582 0.010308 0.008207
0 0.860407 0.505065 0.010851 0.008994
0 0.855777 0.518080 0.009845 0.008560
0 0.873925 0.483202 0.009104 0.006670
0 0.855937 0.461089 0.009433 0.007691
0 0.849497 0.503249 0.011420 0.007749
0 0.893935 0.499334 0.007173 0.005749
0 0.865111 0.441042 0.010113 0.004847
0 0.857584 0.480791 0.011055 0.009179
0 0.933405 0.509015 0.004534 0.005702
0 0.860427 0.457482 0.009182 0.010067
0 0.052374 0.535940 0.011812 0.008456
0 0.048261 0.542579 0.011474 0.007788
0 0.052384 0.539188 0.011983 0.014760
0 0.034922 0.548944 0.005866 0.004378
0 0.239367 0.528978 0.007139 0.005036
0 0.421651 0.586179 0.013809 0.010480
0 0.373718 0.583748 0.012197 0.009347
0 0.355987 0.578544 0.010220 0.009531
0 0.357025 0.589852 0.005410 0.004653
0 0.364152 0.580043 0.010476 0.008358
0 0.440034 0.560212 0.005966 0.004265
0 0.420249 0.596781 0.012619 0.010613
0 0.536088 0.596876 0.014140 0.011863
0 0.547267 0.604040 0.017169 0.014416
0 0.491434 0.548564 0.009954 0.008113
0 0.570670 0.585440 0.005706 0.007164
0 0.544190 0.588358 0.016301 0.012353
0 0.500782 0.550449 0.009290 0.006779
0 0.626262 0.556608 0.014118 0.011022
0 0.692667 0.544499 0.013317 0.009478
0 0.624962 0.564099 0.014451 0.011208
0 0.783616 0.565526 0.013657 0.010196
0 0.794437 0.608572 0.013429 0.010925
0 0.796159 0.575144 0.011419 0.009806
0 0.767200 0.531652 0.016115 0.010673
0 0.776269 0.601044 0.007723 0.004427
0 0.742151 0.530966 0.008962 0.009136
0 0.755003 0.549855 0.011281 0.010392
0 0.795379 0.569860 0.011746 0.012775
0 0.796094 0.567660 0.013592 0.009129
0 0.891442 0.552633 0.008651 0.006255
0 0.885077 0.539360 0.007928 0.006346
0 0.853340 0.532330 0.008030 0.006057
0 0.861332 0.532647 0.011075 0.009550
0 0.899128 0.577667 0.006233 0.004441
0 0.898303 0.564447 0.004825 0.004471
0 0.899414 0.577945 0.007328 0.005420
0 0.821711 0.549627 0.005950 0.006617
0 0.087419 0.621198 0.013961 0.009451
0 0.097712 0.617102 0.012425 0.006132
0 0.141474 0.671800 0.005424 0.004120
0 0.168266 0.649958 0.004830 0.003492
0 0.270039 0.640508 0.010759 0.009700
0 0.260733 0.639326 0.010621 0.009067
0 0.252033 0.637327 0.010749 0.008231
0 0.280616 0.658088 0.005853 0.005818
0 0.287645 0.655381 0.008229 0.006044
0 0.248415 0.643099 0.011408 0.006932
0 0.248388 0.641085 0.012491 0.011206
0 0.404602 0.682871 0.011940 0.010215
0 0.383812 0.676486 0.011098 0.008655
0 0.402082 0.667269 0.014090 0.012403
0 0.387271 0.687250 0.009842 0.010819
0 0.355655 0.649670 0.005839 0.004241
0 0.377141 0.667131 0.011819 0.011070
0 0.556305 0.671165 0.015548 0.010486
0 0.570066 0.670002 0.014332 0.011927
0 0.572733 0.678504 0.014865 0.012559
0 0.800336 0.618890 0.012964 0.009710
0 0.810030 0.627491 0.014408 0.009564
0 0.799747 0.640407 0.012453 0.010414
0 0.790762 0.627888 0.011742 0.007929
0 0.809391 0.672640 0.009812 0.006143
0 0.770382 0.670305 0.005152 0.004683
0 0.809230 0.643422 0.006583 0.004426
0 0.858454 0.698236 0.012782 0.007037
0 0.868092 0.698404 0.008246 0.006700
0 0.094263 0.726154 0.011842 0.009558
0 0.086943 0.719051 0.012599 0.009993
0 0.091751 0.726991 0.016915 0.011516
0 0.085667 0.728615 0.009973 0.008712
0 0.101389 0.718628 0.012429 0.011353
0 0.100835 0.758548 0.007407 0.005643
0 0.113134 0.726379 0.007332 0.005713
0 0.336244 0.755467 0.015001 0.011828
0 0.344361 0.719361 0.009642 0.009607
0 0.296037 0.736926 0.012769 0.009697
0 0.323082 0.760108 0.015681 0.012154
0 0.332517 0.721008 0.012804 0.008851
0 0.323401 0.769755 0.014776 0.013703
0 0.347007 0.741986 0.007741 0.009078
0 0.305633 0.729750 0.012127 0.009270
0 0.256280 0.724821 0.007347 0.007380
0 0.263280 0.766933 0.006086 0.006241
0 0.336848 0.752899 0.016514 0.016899
0 0.569077 0.727815 0.013968 0.011752
0 0.579534 0.731805 0.010522 0.012322
0 0.575990 0.739862 0.012134 0.007344
0 0.575729 0.738434 0.012893 0.010352
0 0.591064 0.733262 0.012339 0.013942
0 0.861183 0.712486 0.011301 0.007445
0 0.868638 0.722260 0.007622 0.008270
0 0.857213 0.720406 0.009370 0.008532
0 0.869578 0.703093 0.011355 0.002575
0 0.829034 0.724034 0.005497 0.003633
0 0.905544 0.770202 0.005988 0.003914
0 0.334482 0.836571 0.014739 0.013494
0 0.331454 0.844497 0.014334 0.010480
0 0.344935 0.840051 0.011884 0.012457
0 0.618545 0.837302 0.007394 0.006311
0 0.330076 0.895791 0.015043 0.012494
0 0.339156 0.899253 0.014491 0.013247
0 0.346591 0.897985 0.008572 0.014452
