0 0.420043 0.357807 0.012853 0.009178
0 0.410356 0.410251 0.017914 0.014086
0 0.611790 0.418449 0.017550 0.012515
0 0.345446 0.534909 0.010862 0.014785
0 0.356368 0.544239 0.010982 0.014027
0 0.549943 0.541709 0.025429 0.018266
0 0.593874 0.609826 0.017442 0.008417
0 0.593027 0.592049 0.015249 0.014175
0 0.872691 0.599075 0.004869 0.003158
0 0.190428 0.622012 0.010636 0.008589
0 0.570848 0.616728 0.014138 0.005386
0 0.595363 0.660158 0.013738 0.012769
0 0.593318 0.616578 0.016209 0.005086
0 0.895910 0.629553 0.005334 0.004537
0 0.908164 0.615772 0.004833 0.003459
0 0.327479 0.709227 0.025199 0.014945
0 0.358709 0.719440 0.015663 0.014466
0 0.384288 0.766821 0.016340 0.015251
0 0.579044 0.728731 0.011502 0.015536
0 0.686899 0.732665 0.015277 0.013259
0 0.588115 0.728659 0.006546 0.015565
0 0.667176 0.766593 0.016069 0.013761
0 0.757934 0.765505 0.015818 0.010454
0 0.030219 0.825383 0.016959 0.015053
0 0.617152 0.806271 0.009911 0.007602
0 0.629962 0.862753 0.011910 0.012120
0 0.833363 0.867252 0.010199 0.007343
0 0.681906 0.957165 0.024681 0.015495
