0 0.617706 0.317092 0.005279 0.005371
0 0.341628 0.372896 0.008023 0.008307
0 0.436216 0.355565 0.011096 0.009376
0 0.427110 0.360842 0.009855 0.010318
0 0.673433 0.381071 0.011142 0.010095
0 0.674943 0.410226 0.006889 0.005386
0 0.710821 0.405328 0.007052 0.007670
0 0.427602 0.487491 0.010588 0.009230
0 0.514753 0.447268 0.011130 0.010669
0 0.489860 0.464421 0.009009 0.006950
0 0.537176 0.444739 0.012979 0.012049
0 0.497508 0.464722 0.006314 0.006257
0 0.492029 0.472142 0.010985 0.007867
0 0.804267 0.466016 0.010537 0.008232
0 0.801596 0.464987 0.005135 0.006592
0 0.288301 0.572515 0.007655 0.005057
0 0.520069 0.593790 0.014259 0.011612
0 0.511475 0.598274 0.011327 0.011345
0 0.839705 0.561224 0.010317 0.007866
0 0.721504 0.643587 0.008962 0.006879
0 0.629291 0.916827 0.014221 0.009811
