0 0.501589 0.168717 0.006537 0.008061
0 0.575932 0.168704 0.006584 0.008834
0 0.556663 0.159644 0.006630 0.009317
0 0.591653 0.160277 0.006685 0.008699
0 0.586985 0.196352 0.009865 0.011914
0 0.603014 0.189807 0.005797 0.007894
0 0.580209 0.193658 0.005182 0.006164
0 0.593363 0.150306 0.004376 0.005451
0 0.193079 0.336446 0.007156 0.009537
0 0.197014 0.324594 0.006342 0.007911
0 0.186059 0.346623 0.006047 0.006596
0 0.173615 0.363930 0.003648 0.009833
0 0.182554 0.354366 0.005534 0.006773
0 0.186290 0.385153 0.006804 0.008550
0 0.222292 0.378148 0.006406 0.008298
0 0.321318 0.454278 0.004784 0.005921
0 0.322570 0.453897 0.007454 0.005779
0 0.336383 0.439744 0.004718 0.005612
0 0.325750 0.451912 0.003812 0.005563
0 0.321564 0.454615 0.005871 0.007464
0 0.431915 0.446320 0.006842 0.007913
0 0.435413 0.425691 0.006367 0.008856
0 0.373919 0.361260 0.004395 0.005301
0 0.436162 0.436950 0.004833 0.009219
0 0.436091 0.437201 0.005012 0.010717
0 0.453764 0.359982 0.006048 0.008981
0 0.469185 0.374670 0.006150 0.009975
0 0.440358 0.357096 0.003523 0.006304
0 0.297979 0.572915 0.005431 0.006110
0 0.307997 0.510905 0.004293 0.006802
0 0.306977 0.577871 0.005505 0.007789
0 0.303600 0.504565 0.004493 0.005162
0 0.308414 0.510832 0.005734 0.007428
0 0.313892 0.507759 0.006729 0.008088
0 0.569624 0.498378 0.004190 0.005556
0 0.740742 0.485045 0.006095 0.008086
0 0.724404 0.476318 0.006385 0.008528
0 0.737449 0.473854 0.006190 0.007748
0 0.773958 0.479842 0.005870 0.007061
0 0.775136 0.491852 0.004032 0.004660
0 0.173251 0.680057 0.004375 0.013699
0 0.398603 0.661292 0.006180 0.007270
0 0.381311 0.684559 0.006912 0.008957
0 0.368879 0.634679 0.004028 0.006636
0 0.359540 0.626744 0.003056 0.005399
0 0.495682 0.652482 0.006335 0.006693
0 0.490511 0.698758 0.004967 0.005993
0 0.602208 0.666678 0.006751 0.010338
0 0.568334 0.631267 0.004444 0.006356
0 0.590209 0.627210 0.007730 0.010510
0 0.606194 0.698547 0.004244 0.005969
0 0.543588 0.681414 0.006056 0.008245
0 0.569780 0.645592 0.008514 0.015793
0 0.570216 0.641586 0.007197 0.008319
0 0.567955 0.646925 0.005365 0.011325
0 0.642042 0.659144 0.010044 0.010409
0 0.643772 0.659568 0.006116 0.009735
0 0.653547 0.645162 0.006875 0.007819
0 0.633550 0.643953 0.005194 0.006310
0 0.641307 0.662477 0.011389 0.017377
0 0.624599 0.677452 0.005460 0.008765
0 0.644260 0.660410 0.005391 0.007820
0 0.757224 0.665455 0.004148 0.005331
0 0.414916 0.764100 0.008257 0.011194
0 0.417437 0.737513 0.008364 0.012212
0 0.409917 0.765364 0.008982 0.012413
0 0.411909 0.765373 0.013240 0.011955
0 0.391260 0.726186 0.007657 0.009963
0 0.435400 0.725641 0.006393 0.011174
0 0.397043 0.731085 0.008128 0.012089
0 0.391683 0.727707 0.008854 0.013032
0 0.444576 0.724969 0.005741 0.008506
0 0.459020 0.725411 0.007092 0.007624
0 0.482209 0.710690 0.006828 0.007375
0 0.452916 0.716125 0.007595 0.010503
0 0.497886 0.712370 0.005797 0.007572
0 0.520654 0.705991 0.004536 0.005817
0 0.472184 0.734076 0.004426 0.006315
0 0.459190 0.756600 0.004115 0.007324
0 0.521544 0.727729 0.005660 0.008074
0 0.597827 0.764348 0.004425 0.005988
0 0.600747 0.749154 0.005962 0.006595
0 0.541623 0.709704 0.006984 0.011864
0 0.538424 0.774864 0.004985 0.005848
0 0.536866 0.781893 0.004537 0.006052
0 0.537099 0.780702 0.004473 0.008035
0 0.534914 0.780839 0.008328 0.009185
0 0.661428 0.746469 0.005220 0.006420
0 0.642017 0.778379 0.004732 0.007008
0 0.707841 0.760446 0.006045 0.008068
0 0.332595 0.833350 0.005353 0.008171
0 0.418720 0.932127 0.006585 0.007090
0 0.450742 0.921836 0.003989 0.006746
0 0.463919 0.909860 0.004714 0.006982
0 0.580576 0.836689 0.006157 0.010089
0 0.676022 0.869567 0.003842 0.005801
0 0.745563 0.884950 0.004947 0.008865
