0 0.101600 0.204061 0.007925 0.010014
0 0.102863 0.191342 0.007313 0.009898
0 0.184307 0.218063 0.007415 0.009829
0 0.612181 0.218783 0.003708 0.019112
0 0.634072 0.165855 0.005693 0.009549
0 0.104627 0.320745 0.009180 0.009710
0 0.041446 0.519683 0.006439 0.009093
0 0.039137 0.543713 0.006412 0.008641
0 0.466095 0.753020 0.003856 0.005020
0 0.590361 0.811298 0.003671 0.005237
0 0.079908 0.828292 0.008635 0.010492
0 0.078654 0.828302 0.005879 0.010337
0 0.197652 0.902864 0.007718 0.009289
0 0.669398 0.886409 0.004531 0.010273
0 0.663795 0.889752 0.004591 0.005190
0 0.669367 0.907955 0.003980 0.007484
0 0.671946 0.886348 0.009352 0.010995
0 0.720484 0.822277 0.010408 0.006895
