0 0.234528 0.126451 0.006760 0.015355
0 0.693715 0.181231 0.008414 0.013582
0 0.749124 0.163893 0.005855 0.007925
0 0.196854 0.289469 0.005355 0.006787
0 0.494983 0.295030 0.005802 0.008615
0 0.610519 0.328543 0.004945 0.007762
0 0.710085 0.345636 0.005967 0.010435
0 0.377961 0.395195 0.004757 0.006996
0 0.727701 0.365492 0.006275 0.006284
0 0.069518 0.563838 0.005889 0.006427
0 0.193396 0.513708 0.008291 0.009935
0 0.203724 0.566022 0.007927 0.011289
0 0.186047 0.538361 0.004919 0.007142
0 0.392929 0.476764 0.007763 0.007657
0 0.399799 0.487906 0.004228 0.005969
0 0.478478 0.551595 0.007628 0.010613
0 0.538316 0.488493 0.005223 0.006767
0 0.108118 0.677222 0.007956 0.009824
0 0.198426 0.646329 0.006535 0.012565
0 0.245926 0.667721 0.003196 0.005395
0 0.538597 0.590413 0.005400 0.008001
0 0.557320 0.596843 0.003300 0.004329
0 0.780565 0.588070 0.005633 0.006531
0 0.815411 0.637072 0.005747 0.008223
0 0.206222 0.718797 0.006047 0.008773
0 0.432660 0.719707 0.006799 0.010880
0 0.418448 0.733822 0.003226 0.004821
0 0.398212 0.838024 0.006500 0.007371
0 0.402466 0.833449 0.008904 0.011067
0 0.471746 0.821663 0.006093 0.005813
