0 0.228792 0.184943 0.011674 0.018915
0 0.442834 0.134670 0.007899 0.013553
0 0.446851 0.188229 0.007667 0.010900
0 0.446270 0.149804 0.005075 0.006842
0 0.501074 0.206542 0.009879 0.017108
0 0.591884 0.251199 0.008213 0.012618
0 0.710055 0.294070 0.014379 0.016811
0 0.842416 0.281132 0.010992 0.017553
0 0.012107 0.451921 0.005081 0.006798
0 0.012374 0.453327 0.005751 0.009811
0 0.161401 0.451793 0.016218 0.021331
0 0.208251 0.418041 0.004909 0.006842
0 0.736008 0.419015 0.012258 0.019299
0 0.118961 0.537912 0.014037 0.020528
0 0.208020 0.664358 0.015842 0.026249
0 0.378317 0.677492 0.009455 0.010260
0 0.500769 0.622127 0.013634 0.021942
0 0.828545 0.651802 0.013548 0.021074
0 0.830407 0.609799 0.012671 0.017753
0 0.815673 0.594832 0.013983 0.020074
0 0.186220 0.759008 0.013506 0.021212
0 0.188753 0.714998 0.014861 0.020883
0 0.361518 0.704848 0.011098 0.006188
0 0.688231 0.716298 0.012509 0.019818
0 0.905527 0.753445 0.005688 0.008583
0 0.909293 0.747907 0.005907 0.009630
0 0.908778 0.760553 0.005716 0.009686
0 0.153851 0.840158 0.007326 0.012781
0 0.145846 0.829479 0.014701 0.021227
0 0.404393 0.919547 0.003610 0.005024
0 0.398748 0.883907 0.004537 0.006277
0 0.537113 0.851683 0.007408 0.012798
0 0.607168 0.879177 0.009349 0.017501
0 0.668459 0.872028 0.007447 0.011891
