0 0.270688 0.336310 0.009136 0.007849
0 0.375047 0.328949 0.011828 0.009354
0 0.363241 0.319114 0.010833 0.008138
0 0.364653 0.326574 0.010526 0.006684
0 0.368329 0.309684 0.011219 0.009467
0 0.541225 0.269227 0.010323 0.007883
0 0.570972 0.295041 0.011233 0.007912
0 0.605640 0.326084 0.011123 0.011056
0 0.280050 0.496067 0.005484 0.004164
0 0.540937 0.452848 0.008174 0.006862
0 0.544290 0.453007 0.014106 0.006565
0 0.483654 0.594917 0.005019 0.004241
0 0.591971 0.691646 0.007918 0.004396
0 0.621337 0.655460 0.007202 0.006837
0 0.858847 0.714400 0.008213 0.005676
0 0.561060 0.930221 0.006581 0.004127
