0 0.760783 0.332193 0.006708 0.010217
0 0.071218 0.425210 0.008717 0.012099
0 0.025485 0.394732 0.006334 0.008396
0 0.354727 0.526121 0.005559 0.007422
0 0.488610 0.557389 0.005917 0.008429
0 0.598276 0.539094 0.010514 0.009535
0 0.260723 0.752085 0.004494 0.008163
0 0.211491 0.711960 0.004303 0.006392
0 0.211099 0.791787 0.004019 0.007573
0 0.211304 0.713027 0.004715 0.008540
0 0.209906 0.724956 0.005589 0.007203
0 0.293831 0.786666 0.003917 0.005626
0 0.407981 0.767232 0.002856 0.005499
0 0.452765 0.801346 0.005567 0.011924
0 0.512356 0.743046 0.003885 0.006867
0 0.571155 0.762143 0.003689 0.006601
0 0.647324 0.720260 0.003424 0.005328
0 0.800043 0.722413 0.005951 0.007782
0 0.409635 0.838405 0.005869 0.008379
0 0.460371 0.832959 0.006401 0.011153
0 0.563747 0.849459 0.003990 0.007095
