0 0.219887 0.109820 0.005538 0.009209
0 0.311183 0.031411 0.005130 0.008608
0 0.608080 0.061952 0.004179 0.006842
0 0.616552 0.105340 0.005034 0.009430
0 0.767693 0.041820 0.007462 0.011326
0 0.769348 0.041614 0.011018 0.011937
0 0.838579 0.049873 0.003974 0.006175
0 0.201916 0.146060 0.004168 0.006009
0 0.194784 0.140054 0.005361 0.008588
0 0.214503 0.139054 0.005763 0.007400
0 0.343499 0.229147 0.004010 0.005917
0 0.325841 0.196775 0.003803 0.005598
0 0.296288 0.161057 0.003760 0.006937
0 0.361013 0.163463 0.005382 0.008198
0 0.359983 0.122657 0.004375 0.006660
0 0.395503 0.176786 0.003767 0.005859
0 0.362357 0.184505 0.003824 0.006631
0 0.493099 0.220234 0.005432 0.005871
0 0.497288 0.217854 0.006347 0.009761
0 0.487102 0.225034 0.003481 0.005664
0 0.488052 0.224782 0.005322 0.005989
0 0.548823 0.136757 0.005899 0.009065
0 0.579091 0.125636 0.005077 0.006030
0 0.585212 0.127370 0.006795 0.009268
0 0.582637 0.127537 0.012214 0.009994
0 0.598730 0.143191 0.002799 0.005030
0 0.750012 0.122335 0.006005 0.007338
0 0.720625 0.133650 0.006387 0.009375
0 0.706825 0.188270 0.004006 0.005721
0 0.838376 0.185502 0.007387 0.010743
0 0.819606 0.127712 0.007581 0.013158
0 0.887481 0.130446 0.005792 0.010064
0 0.479751 0.254479 0.006057 0.008692
0 0.521236 0.252454 0.006122 0.010715
0 0.564339 0.259403 0.004513 0.007563
0 0.565889 0.259390 0.007702 0.008229
0 0.527449 0.244778 0.002267 0.004664
0 0.635669 0.297890 0.005543 0.008465
0 0.640017 0.294522 0.005748 0.008434
0 0.666178 0.266434 0.004972 0.007350
0 0.646501 0.346215 0.006045 0.005846
0 0.659202 0.282591 0.005513 0.007834
0 0.705416 0.302043 0.005850 0.007078
0 0.723365 0.298734 0.005586 0.007162
0 0.710511 0.299341 0.005394 0.005730
0 0.740885 0.257640 0.004947 0.007299
0 0.717897 0.298409 0.006029 0.007779
0 0.710326 0.300431 0.006477 0.008407
0 0.720689 0.298490 0.011451 0.008051
0 0.862063 0.245275 0.004238 0.007379
0 0.250599 0.397523 0.003520 0.006479
0 0.533840 0.432837 0.004785 0.006329
0 0.534593 0.432911 0.006622 0.006646
0 0.690085 0.382755 0.005574 0.008633
0 0.683239 0.383336 0.004897 0.006500
0 0.918801 0.461284 0.007905 0.012828
0 0.417758 0.534732 0.006239 0.008971
0 0.568454 0.539887 0.007198 0.010902
0 0.651184 0.529056 0.006191 0.008288
0 0.130428 0.637099 0.004148 0.006138
0 0.303514 0.624671 0.008519 0.013991
0 0.642211 0.590296 0.005471 0.008872
0 0.651751 0.611309 0.005759 0.009957
0 0.677188 0.587772 0.005820 0.005954
