0 0.699445 0.252448 0.004619 0.008290
0 0.698497 0.252664 0.006515 0.008691
0 0.369824 0.271166 0.008558 0.006998
0 0.374427 0.269046 0.004936 0.003608
0 0.344459 0.379218 0.008298 0.006528
0 0.336279 0.413990 0.006270 0.004271
0 0.527272 0.379583 0.009212 0.005103
0 0.591273 0.355353 0.010987 0.008788
0 0.691515 0.387578 0.005387 0.004844
0 0.518447 0.443945 0.004644 0.003651
0 0.640580 0.511793 0.003972 0.004376
0 0.884554 0.468434 0.005204 0.003538
0 0.440763 0.568063 0.006283 0.004586
0 0.629752 0.546270 0.009821 0.004460
0 0.760945 0.567842 0.005707 0.003676
0 0.507541 0.675971 0.006208 0.004702
0 0.513385 0.673379 0.005689 0.003012
0 0.812984 0.693335 0.011459 0.011475
0 0.815156 0.693492 0.007116 0.011106
0 0.460470 0.727753 0.006255 0.004490
0 0.786785 0.716172 0.007969 0.003924
0 0.806768 0.707791 0.007706 0.006510
0 0.767865 0.716697 0.005948 0.003281
0 0.811982 0.707740 0.010535 0.005945
0 0.932528 0.706879 0.005516 0.004536
0 0.834375 0.718286 0.019503 0.008195
0 0.837872 0.718758 0.012685 0.007034
0 0.530059 0.851978 0.010841 0.007980
0 0.566832 0.861115 0.007051 0.006099
0 0.264951 0.928783 0.012275 0.009078
