0 0.285981 0.126160 0.008139 0.012513
0 0.308214 0.290336 0.004660 0.006388
0 0.030565 0.422230 0.013066 0.015770
0 0.611848 0.440062 0.004374 0.009678
0 0.611251 0.427807 0.004501 0.006185
0 0.611299 0.428634 0.005262 0.008603
0 0.233407 0.483189 0.010727 0.017786
0 0.202434 0.509821 0.008077 0.011536
0 0.570205 0.575071 0.008353 0.010671
0 0.549795 0.568212 0.007250 0.006937
0 0.549844 0.572178 0.007481 0.015070
0 0.140412 0.662492 0.005121 0.006983
0 0.136613 0.660648 0.003984 0.006072
0 0.138564 0.661816 0.008187 0.006274
0 0.358792 0.643203 0.006446 0.006715
0 0.502618 0.616606 0.004653 0.006508
0 0.543397 0.692403 0.005483 0.008524
0 0.228154 0.725910 0.005005 0.005550
0 0.236848 0.732391 0.003332 0.004551
0 0.625497 0.789607 0.005351 0.008434
0 0.621399 0.765197 0.004736 0.009314
