0 0.326896 0.242150 0.007343 0.008776
0 0.332666 0.240924 0.005106 0.006061
0 0.348340 0.295293 0.005074 0.012785
0 0.332807 0.241244 0.006087 0.007423
0 0.330733 0.243474 0.009616 0.012532
0 0.358451 0.297386 0.007649 0.010565
0 0.353153 0.296776 0.004551 0.010843
0 0.520724 0.294138 0.006965 0.010526
0 0.936224 0.327387 0.006959 0.006949
0 0.008579 0.372122 0.008448 0.011988
0 0.007018 0.363148 0.004468 0.006863
0 0.171642 0.433837 0.007593 0.011503
0 0.196390 0.442633 0.008576 0.012187
0 0.179397 0.438187 0.006886 0.008688
0 0.245616 0.427859 0.009644 0.011877
0 0.295127 0.432644 0.008353 0.013314
0 0.294661 0.416699 0.008318 0.011660
0 0.288231 0.407237 0.008039 0.011948
0 0.311031 0.382367 0.006067 0.007820
0 0.293909 0.429321 0.010225 0.019617
0 0.291230 0.424212 0.006086 0.009757
0 0.300797 0.416122 0.005284 0.013646
0 0.288039 0.388707 0.004023 0.005967
0 0.284169 0.431902 0.006577 0.008240
0 0.423334 0.354268 0.007099 0.006634
0 0.499696 0.424065 0.006052 0.007591
0 0.666639 0.354591 0.013507 0.007428
0 0.684574 0.431422 0.007429 0.011068
0 0.757433 0.459012 0.007114 0.007812
0 0.704107 0.428460 0.004706 0.010139
0 0.863102 0.390687 0.009085 0.013494
0 0.094162 0.546983 0.007161 0.013111
0 0.311120 0.482334 0.007867 0.012041
0 0.325046 0.542776 0.007727 0.010418
0 0.276131 0.517588 0.005067 0.006970
0 0.435717 0.480115 0.005760 0.010859
0 0.409912 0.535612 0.006850 0.011174
0 0.396422 0.484634 0.006074 0.009245
0 0.504499 0.489196 0.007000 0.011215
0 0.483674 0.561428 0.007525 0.013053
0 0.585883 0.553104 0.007616 0.012591
0 0.591612 0.552099 0.004085 0.005739
0 0.587971 0.552975 0.012211 0.011993
0 0.582287 0.555184 0.007257 0.010458
0 0.619341 0.482545 0.006219 0.007207
0 0.623842 0.488730 0.005742 0.007244
0 0.620250 0.472473 0.008966 0.009046
0 0.619599 0.485151 0.006429 0.013242
0 0.619366 0.478111 0.010663 0.020550
0 0.804291 0.543186 0.010055 0.011343
0 0.936060 0.488593 0.008935 0.012783
0 0.038456 0.677094 0.008638 0.011968
0 0.113908 0.638583 0.006949 0.007841
0 0.186110 0.694865 0.006329 0.007305
0 0.256413 0.634192 0.009018 0.010866
0 0.582739 0.594081 0.003502 0.004732
0 0.651012 0.645240 0.006664 0.009336
0 0.806827 0.663317 0.010575 0.014948
0 0.954563 0.687374 0.011808 0.012823
0 0.948063 0.632468 0.004435 0.008028
0 0.433999 0.811973 0.006871 0.010641
0 0.377140 0.767552 0.005871 0.010483
0 0.430644 0.733593 0.004115 0.007189
0 0.358400 0.783259 0.007163 0.008835
0 0.431306 0.733247 0.005590 0.007179
0 0.424569 0.787365 0.005567 0.011698
0 0.432119 0.733623 0.007252 0.007568
0 0.379269 0.810004 0.005547 0.007589
0 0.464461 0.809118 0.006322 0.008537
0 0.441259 0.800305 0.005325 0.008933
0 0.469828 0.808796 0.005924 0.009759
0 0.466295 0.788453 0.005311 0.007654
0 0.617967 0.748143 0.005523 0.006952
0 0.620899 0.741665 0.003833 0.005449
0 0.938877 0.723266 0.007394 0.010243
0 0.302761 0.886486 0.003396 0.005834
0 0.374692 0.829563 0.004762 0.007480
0 0.565702 0.877974 0.007077 0.012597
