0 0.279869 0.046611 0.007959 0.007388
0 0.308508 0.116296 0.006772 0.005201
0 0.271421 0.153828 0.008523 0.007384
0 0.690405 0.162022 0.005152 0.004388
0 0.285795 0.181622 0.006577 0.006363
0 0.308412 0.186595 0.005421 0.004813
0 0.337906 0.237303 0.005828 0.004502
0 0.280563 0.195248 0.005542 0.005487
0 0.535362 0.233821 0.005330 0.004341
0 0.322930 0.330648 0.010027 0.008150
0 0.403749 0.342699 0.009337 0.009142
0 0.463966 0.326828 0.007390 0.004926
0 0.427187 0.343868 0.007186 0.006183
0 0.431450 0.338787 0.007557 0.006973
0 0.525019 0.324587 0.006953 0.005796
0 0.514079 0.323073 0.005702 0.004314
0 0.595758 0.318275 0.006962 0.005100
0 0.600700 0.315229 0.008196 0.008152
0 0.593446 0.312126 0.005951 0.004471
0 0.821080 0.282492 0.004710 0.004630
0 0.226029 0.398203 0.007196 0.007458
0 0.215221 0.401339 0.006205 0.004697
0 0.134935 0.417292 0.008786 0.010085
0 0.123635 0.413254 0.012105 0.010015
0 0.266324 0.398750 0.006795 0.006544
0 0.398899 0.373887 0.009287 0.007987
0 0.407879 0.386456 0.009238 0.007825
0 0.459842 0.410149 0.006331 0.007281
0 0.411912 0.373187 0.006948 0.005250
0 0.460497 0.371297 0.008595 0.006077
0 0.397659 0.391511 0.007675 0.007213
0 0.440483 0.359121 0.005392 0.004795
0 0.520574 0.414040 0.008258 0.007158
0 0.517312 0.376774 0.008484 0.006865
0 0.508104 0.368561 0.007583 0.005359
0 0.484827 0.414977 0.008293 0.007561
0 0.522182 0.368489 0.007079 0.004769
0 0.525121 0.388641 0.007362 0.005532
0 0.529112 0.366870 0.008756 0.004921
0 0.471225 0.428871 0.006574 0.005704
0 0.472757 0.381110 0.007154 0.006012
0 0.471642 0.436283 0.007610 0.004276
0 0.535530 0.378836 0.006704 0.005741
0 0.529246 0.367311 0.009787 0.006346
0 0.509876 0.416508 0.007944 0.006147
0 0.519930 0.378413 0.007332 0.005034
0 0.533835 0.384187 0.005730 0.005034
0 0.473213 0.387915 0.006740 0.005371
0 0.481333 0.391312 0.005213 0.004178
0 0.536122 0.379102 0.007957 0.007111
0 0.476017 0.371012 0.005707 0.004337
0 0.590113 0.428380 0.005696 0.004642
0 0.645979 0.388688 0.003893 0.003970
0 0.586965 0.435017 0.004339 0.004116
0 0.611233 0.408390 0.005079 0.004713
0 0.693215 0.353861 0.006366 0.004670
0 0.808284 0.399764 0.006529 0.005283
0 0.811620 0.399788 0.009604 0.005102
0 0.724586 0.388845 0.006074 0.004870
0 0.743499 0.397241 0.005457 0.005292
0 0.813625 0.399754 0.005482 0.004703
0 0.426456 0.476938 0.007502 0.006353
0 0.500939 0.456896 0.007030 0.006366
0 0.507966 0.459128 0.006494 0.004446
0 0.555621 0.473228 0.005062 0.004316
0 0.506662 0.451914 0.005489 0.005414
0 0.491657 0.456813 0.006532 0.005840
0 0.513363 0.457141 0.005316 0.003990
0 0.508727 0.458672 0.007678 0.004346
0 0.487019 0.441062 0.008068 0.004857
0 0.504416 0.457173 0.014716 0.006925
0 0.471729 0.439946 0.007640 0.002699
0 0.495447 0.456972 0.014942 0.006476
0 0.611661 0.462809 0.006461 0.005174
0 0.596152 0.458520 0.006034 0.004678
0 0.604620 0.478892 0.004963 0.004435
0 0.597284 0.503283 0.005310 0.004479
0 0.592230 0.454345 0.006921 0.004942
0 0.610089 0.456444 0.006100 0.005107
0 0.622689 0.478617 0.003759 0.003788
0 0.599630 0.497944 0.004666 0.005232
0 0.729201 0.449768 0.005738 0.005326
0 0.722921 0.464474 0.004979 0.004247
0 0.768762 0.497304 0.006778 0.005075
0 0.716680 0.453271 0.006332 0.005541
0 0.710989 0.442666 0.005410 0.005059
0 0.755882 0.494674 0.005518 0.003620
0 0.714752 0.457592 0.005108 0.004073
0 0.720346 0.468470 0.005045 0.004505
0 0.716730 0.454060 0.006827 0.007960
0 0.706141 0.496313 0.005098 0.003884
0 0.122113 0.530529 0.010308 0.008337
0 0.275519 0.579522 0.005064 0.005667
0 0.283855 0.574072 0.004583 0.004254
0 0.366416 0.534025 0.009908 0.007809
0 0.370508 0.555918 0.005586 0.003877
0 0.519731 0.550145 0.008008 0.006633
0 0.504751 0.604957 0.008413 0.006436
0 0.645821 0.535206 0.004543 0.004181
0 0.212929 0.684357 0.010072 0.005432
0 0.176972 0.687973 0.013127 0.012655
0 0.219289 0.697306 0.009656 0.008022
0 0.169070 0.673025 0.008383 0.006016
0 0.125007 0.671277 0.009324 0.008457
0 0.502839 0.625419 0.008831 0.006716
0 0.052606 0.722078 0.006690 0.006770
0 0.199470 0.759433 0.010742 0.009245
0 0.223230 0.721442 0.006764 0.004942
0 0.781450 0.742805 0.006513 0.004119
0 0.160327 0.936679 0.012536 0.010351
0 0.317903 0.879693 0.008689 0.004990
