0 0.327262 0.083668 0.011104 0.008102
0 0.596409 0.015219 0.007000 0.005202
0 0.032574 0.133413 0.009787 0.009711
0 0.289907 0.162098 0.010219 0.007298
0 0.281045 0.160882 0.009838 0.007644
0 0.383486 0.159030 0.015006 0.012637
0 0.244890 0.208046 0.005916 0.005677
0 0.740613 0.331788 0.004440 0.003913
0 0.300487 0.378543 0.012935 0.010587
0 0.246859 0.401770 0.003922 0.003125
0 0.385129 0.399082 0.016403 0.014170
0 0.669766 0.405038 0.009506 0.006301
0 0.731819 0.364067 0.005104 0.004308
0 0.130453 0.504956 0.004428 0.003541
0 0.340664 0.510672 0.015149 0.015500
0 0.407465 0.476079 0.011465 0.010018
0 0.490994 0.504085 0.011582 0.007463
0 0.099391 0.551565 0.009700 0.007713
0 0.227959 0.589647 0.007211 0.005641
0 0.371583 0.633891 0.005361 0.003990
0 0.090004 0.733693 0.008669 0.004329
0 0.214942 0.783538 0.009930 0.010581
0 0.208158 0.787196 0.010799 0.004552
0 0.213854 0.783044 0.007396 0.009151
0 0.201981 0.767403 0.005521 0.004542
0 0.698147 0.742124 0.007215 0.008335
0 0.056451 0.832714 0.010991 0.007382
0 0.222380 0.799479 0.017376 0.016135
0 0.543263 0.812508 0.008684 0.007227
