0 0.344538 0.385320 0.007522 0.009318
0 0.343435 0.376398 0.007449 0.009573
0 0.409820 0.356539 0.005914 0.007982
0 0.084757 0.557555 0.005925 0.011325
0 0.053438 0.573842 0.006416 0.011272
0 0.017146 0.546145 0.009281 0.010555
0 0.366535 0.559623 0.005937 0.013299
0 0.373218 0.488943 0.005400 0.008075
0 0.369302 0.559829 0.011652 0.014198
0 0.535644 0.539007 0.008438 0.012291
0 0.148478 0.666841 0.005016 0.006448
0 0.282241 0.641459 0.009376 0.014865
0 0.275619 0.632788 0.009867 0.014998
0 0.372065 0.620270 0.009313 0.013964
0 0.605988 0.633517 0.008473 0.010347
0 0.580217 0.769475 0.008852 0.012890
0 0.563344 0.706013 0.006942 0.008449
0 0.367251 0.920017 0.011001 0.017381
0 0.386021 0.856998 0.011488 0.016299
0 0.368730 0.899689 0.011395 0.018307
0 0.355352 0.903055 0.008949 0.018446
0 0.379487 0.834270 0.014587 0.018631
0 0.385141 0.900530 0.010759 0.021792
0 0.399475 0.915156 0.006613 0.008381
0 0.392446 0.874527 0.010889 0.020205
0 0.402038 0.859436 0.009987 0.014378
0 0.393265 0.901731 0.006359 0.012993
0 0.394941 0.900975 0.009979 0.014759
0 0.407832 0.854873 0.007763 0.014787
0 0.399768 0.858751 0.014487 0.016904
0 0.363481 0.929618 0.009436 0.011879
0 0.405430 0.857958 0.010359 0.019771
0 0.449445 0.868877 0.008342 0.018771
