0 0.427191 0.327769 0.006445 0.007729
0 0.421067 0.336339 0.005236 0.006679
0 0.427132 0.329204 0.006680 0.010958
0 0.457963 0.313850 0.004815 0.005736
0 0.393993 0.394412 0.006010 0.008731
0 0.428852 0.377470 0.005350 0.006992
0 0.388459 0.392181 0.004849 0.006504
0 0.364274 0.438142 0.006794 0.008733
0 0.356724 0.438362 0.005417 0.006254
0 0.421524 0.360065 0.007895 0.009297
0 0.384236 0.380875 0.004017 0.005742
0 0.577258 0.358269 0.007139 0.009510
0 0.556320 0.441833 0.009813 0.012278
0 0.571918 0.393164 0.006380 0.010193
0 0.576859 0.369892 0.007812 0.010794
0 0.407822 0.551960 0.007608 0.009744
0 0.414484 0.475027 0.007141 0.010011
0 0.356952 0.525511 0.006482 0.009804
0 0.399004 0.545952 0.007175 0.008902
0 0.401474 0.488565 0.005229 0.007064
0 0.405601 0.471531 0.006741 0.006934
0 0.406149 0.485890 0.004001 0.005218
0 0.376969 0.503981 0.005007 0.005962
0 0.406611 0.471884 0.008792 0.007896
0 0.547055 0.479761 0.009317 0.009996
0 0.363640 0.616362 0.005789 0.008000
0 0.465588 0.614291 0.008150 0.012398
0 0.481984 0.611909 0.007961 0.010227
0 0.430382 0.911072 0.007851 0.011005
0 0.436642 0.890822 0.003910 0.010029
0 0.471323 0.863239 0.006569 0.012623
