0 0.148767 0.172128 0.006258 0.008544
0 0.155477 0.168874 0.007204 0.008473
0 0.157903 0.155666 0.005206 0.006326
0 0.154774 0.170015 0.008519 0.011262
0 0.135793 0.162834 0.006183 0.008343
0 0.151772 0.154351 0.007718 0.008785
0 0.190151 0.172987 0.006214 0.010237
0 0.193933 0.163909 0.006086 0.006669
0 0.321965 0.190067 0.005387 0.008088
0 0.397009 0.166911 0.004216 0.006979
0 0.303619 0.290035 0.004425 0.006025
0 0.429210 0.307056 0.005081 0.006661
0 0.409483 0.310686 0.003957 0.005827
0 0.508403 0.286144 0.005381 0.008251
0 0.488250 0.286551 0.004871 0.006900
0 0.916682 0.330081 0.004692 0.007503
0 0.047705 0.423716 0.005937 0.007336
0 0.054788 0.431759 0.005501 0.008507
0 0.344746 0.394799 0.003761 0.006086
0 0.502587 0.422946 0.005177 0.007216
0 0.591259 0.459860 0.004297 0.006404
0 0.557683 0.368949 0.003254 0.005412
0 0.653162 0.386683 0.003606 0.004613
0 0.648189 0.384661 0.005323 0.005933
0 0.658110 0.389417 0.002793 0.004633
0 0.066105 0.570661 0.003548 0.006300
0 0.073133 0.561374 0.004484 0.006667
0 0.090054 0.554867 0.004509 0.007192
0 0.433357 0.547502 0.003595 0.005028
0 0.364411 0.526780 0.003426 0.006472
0 0.436440 0.522487 0.004313 0.007786
0 0.513607 0.512208 0.003766 0.006317
0 0.521940 0.479087 0.002897 0.005566
0 0.577090 0.548587 0.004626 0.008652
0 0.528848 0.508441 0.004487 0.006223
0 0.534805 0.471170 0.006457 0.006571
0 0.551326 0.562488 0.004370 0.005653
0 0.546017 0.560983 0.004154 0.005722
0 0.570652 0.540978 0.004181 0.006281
0 0.570639 0.547939 0.004465 0.006581
0 0.532479 0.472047 0.011183 0.007733
0 0.535662 0.519730 0.003892 0.006660
0 0.546363 0.560395 0.005705 0.007075
0 0.800959 0.479478 0.004146 0.006649
0 0.817382 0.498905 0.005679 0.008424
0 0.830362 0.515363 0.004215 0.005661
0 0.843023 0.511894 0.005185 0.006983
0 0.896416 0.572046 0.005903 0.007836
0 0.890511 0.564298 0.005507 0.007008
0 0.887869 0.569915 0.005011 0.007675
0 0.945281 0.481956 0.005099 0.007970
0 0.915847 0.522778 0.004246 0.006280
0 0.156406 0.652677 0.004437 0.006529
0 0.240899 0.675404 0.004795 0.006611
0 0.241791 0.663653 0.003837 0.006861
0 0.196916 0.608695 0.004249 0.004924
0 0.215524 0.608518 0.004362 0.004660
0 0.431763 0.625918 0.003123 0.006093
0 0.413251 0.651653 0.003851 0.007170
0 0.398737 0.591611 0.003958 0.005592
0 0.487408 0.659955 0.004157 0.007153
0 0.491831 0.686642 0.003898 0.005980
0 0.550253 0.685029 0.004293 0.006380
0 0.576550 0.644214 0.003449 0.005633
0 0.605892 0.674149 0.003966 0.006333
0 0.680392 0.687061 0.003420 0.005611
0 0.615747 0.680575 0.003424 0.006818
0 0.661508 0.635665 0.003977 0.005628
0 0.661883 0.586327 0.004414 0.003063
0 0.722233 0.599402 0.004429 0.007566
0 0.779447 0.659102 0.003933 0.005425
0 0.853380 0.693049 0.004836 0.007063
0 0.808377 0.603056 0.004605 0.006411
0 0.818365 0.607278 0.004881 0.007506
0 0.801282 0.600856 0.004591 0.006305
0 0.849399 0.690586 0.004489 0.006876
0 0.801647 0.601236 0.005637 0.007373
0 0.940418 0.611392 0.004720 0.006807
0 0.903851 0.662001 0.003361 0.005661
0 0.027330 0.787569 0.003545 0.004851
0 0.254562 0.803303 0.004226 0.008613
0 0.258645 0.813506 0.004087 0.006004
0 0.373637 0.748820 0.004779 0.007233
0 0.381318 0.728292 0.003357 0.005151
0 0.374002 0.788728 0.004773 0.007327
0 0.368731 0.797505 0.004312 0.005789
0 0.430685 0.725147 0.003694 0.006654
0 0.515203 0.760972 0.003072 0.005611
0 0.468980 0.795256 0.004083 0.006995
0 0.460751 0.796134 0.005171 0.008991
0 0.491365 0.717957 0.004564 0.008402
0 0.463862 0.795843 0.009323 0.010168
0 0.466200 0.795164 0.006161 0.008615
0 0.465762 0.794752 0.003846 0.007864
0 0.540394 0.733132 0.003989 0.006275
0 0.589803 0.751957 0.003514 0.005609
0 0.570942 0.724441 0.004288 0.006155
0 0.663947 0.768450 0.005191 0.008235
0 0.657608 0.762057 0.004668 0.008322
0 0.616089 0.710967 0.003022 0.004747
0 0.682171 0.713148 0.003406 0.006235
0 0.662712 0.766864 0.008433 0.011415
0 0.727472 0.763988 0.004736 0.006497
0 0.539383 0.824894 0.003002 0.006058
