0 0.307319 0.187383 0.004766 0.007145
0 0.442898 0.213250 0.008604 0.014144
0 0.334450 0.309667 0.016723 0.022894
0 0.285012 0.292871 0.004443 0.007245
0 0.500958 0.313556 0.008176 0.012389
0 0.573444 0.296610 0.016198 0.022094
0 0.577761 0.257093 0.014460 0.024729
0 0.546244 0.317561 0.013328 0.017063
0 0.563582 0.319713 0.013591 0.020538
0 0.549358 0.287002 0.015898 0.024098
0 0.177845 0.452637 0.004813 0.011239
0 0.629562 0.403071 0.013347 0.021354
0 0.669711 0.443758 0.016031 0.021651
0 0.043201 0.568980 0.010134 0.015673
0 0.123372 0.554864 0.008222 0.009734
0 0.311235 0.499417 0.008547 0.010947
0 0.319336 0.500362 0.005110 0.007010
0 0.271059 0.547586 0.009534 0.012625
0 0.505722 0.515800 0.013597 0.022895
0 0.580409 0.571332 0.011288 0.014582
0 0.586492 0.553145 0.015163 0.022842
0 0.574606 0.561503 0.010674 0.018163
0 0.533756 0.580271 0.014823 0.009048
0 0.546336 0.577111 0.013011 0.015369
0 0.067801 0.683462 0.009357 0.016065
0 0.036821 0.693592 0.009774 0.016106
0 0.066219 0.629972 0.003934 0.005565
0 0.517911 0.592742 0.014712 0.015894
0 0.455353 0.618778 0.005708 0.007751
0 0.533748 0.590279 0.014148 0.010891
0 0.105227 0.757425 0.009819 0.016906
0 0.098721 0.766166 0.006694 0.006748
0 0.145050 0.806646 0.012133 0.017166
0 0.104651 0.772063 0.004797 0.007494
0 0.196746 0.711142 0.011683 0.018775
0 0.196817 0.815339 0.011749 0.006713
0 0.574620 0.720172 0.014713 0.025693
0 0.668040 0.729980 0.008852 0.014748
0 0.065674 0.885432 0.009319 0.019369
0 0.061394 0.890674 0.010366 0.010649
0 0.059983 0.891358 0.007957 0.011329
0 0.075472 0.888527 0.011223 0.015196
0 0.092302 0.865059 0.008684 0.018822
0 0.194447 0.823985 0.009263 0.010281
0 0.221721 0.863509 0.010710 0.015843
0 0.204274 0.857415 0.008265 0.015770
0 0.204314 0.828950 0.012628 0.020272
0 0.210077 0.867614 0.015009 0.021313
0 0.863268 0.909791 0.005699 0.006976
