0 0.507176 0.100652 0.006517 0.018358
0 0.339884 0.174454 0.012877 0.017823
0 0.519127 0.198292 0.013880 0.022111
0 0.499905 0.162756 0.005841 0.007655
0 0.379915 0.372265 0.004146 0.005484
0 0.394669 0.462438 0.011294 0.010797
0 0.382451 0.386646 0.004110 0.005189
0 0.237378 0.617863 0.002971 0.005477
0 0.248713 0.676478 0.003889 0.005700
0 0.302013 0.669396 0.006016 0.008246
0 0.428252 0.588372 0.009906 0.007104
0 0.472283 0.586592 0.005372 0.003593
0 0.309091 0.726020 0.003071 0.004909
0 0.415639 0.800111 0.006558 0.008979
0 0.603692 0.710078 0.006269 0.006459
0 0.632971 0.740931 0.005489 0.006748
0 0.751484 0.763706 0.009595 0.011783
0 0.851473 0.771495 0.004613 0.007517
0 0.161658 0.856738 0.009828 0.015027
0 0.633344 0.905808 0.005762 0.008907
0 0.778653 0.844680 0.010077 0.013403
0 0.893164 0.846969 0.007402 0.010056
