0 0.512213 0.063176 0.007651 0.012177
0 0.421312 0.158588 0.006884 0.010832
0 0.952224 0.184793 0.003027 0.004346
0 0.508900 0.241303 0.007376 0.011632
0 0.775064 0.257137 0.007427 0.011144
0 0.792522 0.338221 0.006096 0.009521
0 0.465814 0.460810 0.007694 0.013592
0 0.578309 0.448770 0.008087 0.011341
0 0.591522 0.384146 0.007335 0.012757
0 0.565007 0.445008 0.008201 0.012438
0 0.567355 0.463447 0.008282 0.008778
0 0.586727 0.377993 0.007529 0.011829
0 0.596568 0.376563 0.008420 0.009341
0 0.596354 0.380638 0.008561 0.018326
0 0.589165 0.382444 0.011451 0.015766
0 0.612368 0.401240 0.003333 0.012272
0 0.652031 0.373336 0.006643 0.009219
0 0.627236 0.410381 0.007813 0.013540
0 0.724322 0.417991 0.006828 0.009227
0 0.774037 0.411188 0.005685 0.009576
0 0.868343 0.437426 0.007446 0.010430
0 0.871550 0.386122 0.004854 0.006909
0 0.896224 0.405861 0.005771 0.008748
0 0.522381 0.558203 0.007870 0.012248
0 0.574257 0.475273 0.010188 0.014873
0 0.676345 0.518182 0.008560 0.012832
0 0.684534 0.514751 0.008734 0.012235
0 0.669116 0.512204 0.008003 0.012387
0 0.683921 0.515352 0.010258 0.015069
0 0.647297 0.484939 0.007809 0.013123
0 0.650330 0.484029 0.013791 0.014693
0 0.659751 0.479921 0.007702 0.014204
0 0.653410 0.482727 0.007842 0.012982
0 0.665614 0.504391 0.007142 0.014346
0 0.844516 0.500096 0.007336 0.007761
0 0.581125 0.610995 0.006873 0.008506
0 0.818387 0.650292 0.007793 0.012346
0 0.719306 0.918197 0.011046 0.013623
