0 0.914016 0.368078 0.006079 0.008220
0 0.159760 0.540466 0.006194 0.008944
0 0.158842 0.541425 0.008022 0.011354
0 0.160650 0.503105 0.005475 0.007529
0 0.232905 0.575144 0.007739 0.010528
0 0.312921 0.510785 0.005706 0.006633
0 0.664229 0.549331 0.005072 0.005910
0 0.668847 0.551022 0.004732 0.004611
0 0.663864 0.548517 0.005572 0.005876
0 0.221769 0.694998 0.007799 0.013233
0 0.361763 0.642790 0.003454 0.007032
0 0.362128 0.643451 0.004005 0.007583
0 0.843539 0.657340 0.005918 0.007799
0 0.930474 0.635868 0.003205 0.004908
0 0.034470 0.771712 0.005300 0.008359
0 0.165907 0.730055 0.005523 0.007946
0 0.251729 0.764536 0.006625 0.009552
0 0.278984 0.734022 0.007422 0.011011
0 0.634116 0.766122 0.004214 0.006564
0 0.858323 0.809996 0.004875 0.008143
0 0.083558 0.893983 0.005988 0.009373
0 0.083085 0.892692 0.005683 0.010873
0 0.205783 0.897967 0.003301 0.004905
0 0.316096 0.928864 0.003808 0.007115
0 0.436353 0.907189 0.004268 0.006406
