0 0.051818 0.160046 0.010238 0.014012
0 0.115622 0.181219 0.011097 0.018580
0 0.155157 0.214921 0.010294 0.013090
0 0.520138 0.222971 0.004237 0.007812
0 0.462330 0.230058 0.006141 0.007471
0 0.520692 0.223228 0.005302 0.009259
0 0.392752 0.332555 0.007871 0.009335
0 0.429356 0.267303 0.010658 0.013822
0 0.419053 0.269397 0.010574 0.013093
0 0.405362 0.273337 0.009524 0.013242
0 0.373044 0.324867 0.010966 0.012480
0 0.410790 0.343167 0.008855 0.011734
0 0.425527 0.302810 0.010763 0.013807
0 0.468423 0.257354 0.006864 0.008118
0 0.522200 0.293977 0.007978 0.009509
0 0.510906 0.239867 0.010263 0.011784
0 0.452426 0.255997 0.009069 0.012098
0 0.476666 0.249519 0.003433 0.005497
0 0.524453 0.253813 0.003726 0.009236
0 0.491884 0.256901 0.006793 0.010005
0 0.467900 0.243466 0.006496 0.010539
0 0.554303 0.263222 0.009051 0.013605
0 0.603528 0.274448 0.007060 0.009297
0 0.609183 0.286005 0.005438 0.009073
0 0.612309 0.284082 0.003452 0.007585
0 0.610573 0.285063 0.006923 0.010528
0 0.577431 0.292055 0.005207 0.006904
0 0.568240 0.281222 0.007998 0.010787
0 0.599299 0.277300 0.004102 0.006566
0 0.669300 0.325353 0.007406 0.010771
0 0.618813 0.286966 0.004136 0.007034
0 0.625326 0.285900 0.007801 0.008353
0 0.697825 0.260569 0.003919 0.006835
0 0.683334 0.346012 0.008938 0.009731
0 0.658646 0.322126 0.007600 0.012192
0 0.840659 0.309381 0.006466 0.010220
0 0.851336 0.312150 0.006791 0.009246
0 0.828823 0.305335 0.004373 0.006086
0 0.833436 0.327860 0.003679 0.005490
0 0.842261 0.291792 0.007307 0.008487
0 0.830337 0.305076 0.007752 0.007403
0 0.834836 0.327641 0.006384 0.005715
0 0.835216 0.305080 0.003748 0.005034
0 0.842144 0.290866 0.006309 0.006498
0 0.313235 0.458484 0.010693 0.013755
0 0.377959 0.459521 0.009493 0.010800
0 0.479399 0.418370 0.008571 0.013389
0 0.502788 0.459714 0.008426 0.013798
0 0.484244 0.366491 0.008516 0.013650
0 0.469821 0.401455 0.006798 0.009350
0 0.463189 0.399392 0.006850 0.007842
0 0.523322 0.448443 0.005987 0.014401
0 0.516522 0.459414 0.008114 0.011845
0 0.499497 0.410245 0.007044 0.010649
0 0.610065 0.448906 0.007939 0.015502
0 0.539495 0.436108 0.008480 0.012621
0 0.533904 0.445970 0.008368 0.014974
0 0.530527 0.376468 0.006844 0.009205
0 0.578613 0.453163 0.007391 0.010610
0 0.682689 0.451811 0.006969 0.010623
0 0.625445 0.424660 0.009916 0.014509
0 0.683730 0.369558 0.005423 0.005492
0 0.687972 0.445386 0.004194 0.006029
0 0.730324 0.419773 0.007976 0.011307
0 0.724150 0.355402 0.009066 0.009049
0 0.714895 0.456310 0.004801 0.007258
0 0.712024 0.464596 0.004020 0.006179
0 0.869954 0.398889 0.005990 0.010443
0 0.855787 0.401089 0.003900 0.006860
0 0.856525 0.400908 0.005581 0.006779
0 0.842395 0.438344 0.004952 0.007723
0 0.855421 0.391839 0.006725 0.006843
0 0.847607 0.426094 0.004217 0.005166
0 0.849744 0.386458 0.004717 0.005518
0 0.894907 0.385457 0.007317 0.009028
0 0.916703 0.400558 0.004761 0.005853
0 0.929359 0.407595 0.004120 0.005531
0 0.886809 0.414106 0.006440 0.010086
0 0.948800 0.453165 0.009012 0.010831
0 0.935771 0.403494 0.005893 0.006600
0 0.948436 0.455738 0.010046 0.016253
0 0.891272 0.374359 0.007066 0.007960
0 0.949893 0.454075 0.006544 0.008733
0 0.056661 0.482023 0.009167 0.014598
0 0.227921 0.497622 0.009206 0.014497
0 0.235119 0.506538 0.008816 0.012703
0 0.313598 0.487906 0.007211 0.011718
0 0.298622 0.478889 0.007962 0.009251
0 0.389687 0.483469 0.007837 0.011001
0 0.456668 0.530641 0.004411 0.004920
0 0.496480 0.539128 0.007737 0.011487
0 0.543078 0.499693 0.006059 0.008367
0 0.551169 0.494111 0.003458 0.005770
0 0.561670 0.544204 0.007959 0.010274
0 0.553363 0.561074 0.009478 0.014329
0 0.689983 0.577922 0.006767 0.009509
0 0.726178 0.504848 0.007748 0.010213
0 0.767013 0.527813 0.006504 0.008846
0 0.741985 0.490888 0.007992 0.009725
0 0.815306 0.568803 0.008557 0.010573
0 0.794116 0.567333 0.007857 0.008149
0 0.835253 0.567041 0.008044 0.006670
0 0.835920 0.474093 0.004181 0.007272
0 0.908707 0.494427 0.008211 0.012874
0 0.887761 0.542603 0.006269 0.007531
0 0.228344 0.622924 0.008112 0.011636
0 0.372843 0.641782 0.007208 0.010363
0 0.422450 0.632786 0.009739 0.012179
0 0.417041 0.667126 0.009038 0.010702
0 0.421887 0.645906 0.008766 0.013506
0 0.431446 0.622349 0.010737 0.013101
0 0.401321 0.666812 0.003254 0.006505
0 0.432054 0.621373 0.008931 0.010866
0 0.370740 0.672824 0.007406 0.011388
0 0.452450 0.692909 0.008761 0.009957
0 0.494121 0.669222 0.008331 0.014068
0 0.564079 0.671004 0.007799 0.010878
0 0.612056 0.612008 0.003919 0.009784
0 0.609991 0.598793 0.007677 0.009312
0 0.593949 0.659837 0.007566 0.010274
0 0.570656 0.690957 0.004472 0.006118
0 0.561621 0.671352 0.012710 0.010487
0 0.605152 0.630454 0.005825 0.009378
0 0.739565 0.618124 0.007911 0.012432
0 0.802468 0.692384 0.008908 0.011793
0 0.792310 0.694632 0.005672 0.011162
0 0.871418 0.593687 0.003503 0.004953
0 0.793879 0.694585 0.008811 0.012055
0 0.901909 0.661312 0.003993 0.006239
0 0.942154 0.628009 0.005007 0.007915
0 0.939220 0.697938 0.009997 0.007633
0 0.233015 0.742007 0.003789 0.006119
0 0.301977 0.798569 0.007083 0.011940
0 0.308659 0.756041 0.006204 0.008054
0 0.305378 0.727631 0.008145 0.009457
0 0.303011 0.756609 0.005170 0.007134
0 0.319195 0.717936 0.003784 0.005075
0 0.366660 0.802918 0.007662 0.011253
0 0.431569 0.751016 0.006068 0.009274
0 0.448012 0.765862 0.009300 0.014479
0 0.478710 0.721226 0.009083 0.016124
0 0.473132 0.800155 0.009445 0.015826
0 0.467776 0.710039 0.008412 0.014331
0 0.564975 0.764103 0.007335 0.011884
0 0.578110 0.762700 0.008040 0.010124
0 0.567958 0.756801 0.006512 0.008628
0 0.558686 0.760255 0.005735 0.008541
0 0.539811 0.803689 0.007573 0.010990
0 0.604712 0.779625 0.008081 0.011371
0 0.559440 0.759325 0.007664 0.010583
0 0.560993 0.761827 0.010884 0.016272
0 0.566001 0.762436 0.008486 0.017301
0 0.558475 0.724710 0.005895 0.008893
0 0.689159 0.808873 0.007327 0.011681
0 0.692761 0.809068 0.014708 0.012605
0 0.625101 0.775254 0.007260 0.013042
0 0.755962 0.721407 0.008331 0.009599
0 0.762146 0.729290 0.008602 0.011350
0 0.734858 0.710822 0.006646 0.010329
0 0.755342 0.710585 0.009036 0.012199
0 0.739422 0.747511 0.007862 0.010186
0 0.840785 0.779453 0.006971 0.010356
0 0.904379 0.763802 0.003836 0.004618
0 0.962074 0.787202 0.004996 0.006632
0 0.961134 0.706494 0.004027 0.006419
0 0.956856 0.704584 0.005810 0.005205
0 0.953407 0.705079 0.004429 0.005463
0 0.096983 0.850352 0.011257 0.016934
0 0.204529 0.838598 0.003855 0.006669
0 0.221550 0.867448 0.007453 0.008848
0 0.235642 0.862125 0.006555 0.008362
0 0.462287 0.867252 0.009554 0.017330
0 0.696298 0.837480 0.007478 0.009909
0 0.756902 0.831352 0.007724 0.013053
0 0.706147 0.864961 0.007771 0.014161
0 0.754826 0.821624 0.005990 0.005822
0 0.847519 0.917336 0.004821 0.007926
0 0.875338 0.831918 0.003709 0.011729
0 0.848758 0.897386 0.006773 0.008887
0 0.889727 0.872391 0.008856 0.011990
0 0.896917 0.883827 0.008203 0.012361
0 0.958375 0.842502 0.007067 0.011534
0 0.904292 0.864742 0.009615 0.013591
