0 0.343735 0.009954 0.008650 0.010343
0 0.343524 0.045027 0.004307 0.005093
0 0.397737 0.057946 0.008332 0.011194
0 0.405416 0.027666 0.003675 0.006172
0 0.377107 0.052787 0.008127 0.013884
0 0.368661 0.028135 0.007548 0.011255
0 0.392651 0.019016 0.007785 0.013738
0 0.405636 0.027967 0.004343 0.007868
0 0.401204 0.026219 0.005644 0.009892
0 0.297747 0.196353 0.011006 0.015109
0 0.310941 0.230365 0.004719 0.006017
0 0.330349 0.224320 0.005610 0.007121
0 0.389716 0.191266 0.005954 0.006979
0 0.428939 0.217360 0.004311 0.005800
0 0.432668 0.221994 0.004300 0.006004
0 0.510745 0.198359 0.007192 0.008968
0 0.445493 0.187773 0.007631 0.011673
0 0.523182 0.196201 0.006267 0.011859
0 0.444635 0.157862 0.005380 0.008218
0 0.509826 0.209326 0.006766 0.009911
0 0.496578 0.167767 0.004397 0.005482
0 0.492485 0.171325 0.004098 0.005235
0 0.597681 0.214973 0.008556 0.010734
0 0.610964 0.226372 0.006143 0.011394
0 0.821628 0.222356 0.005668 0.007022
0 0.837101 0.211791 0.004055 0.005631
0 0.873512 0.147614 0.006569 0.010073
0 0.832176 0.219060 0.005636 0.006964
0 0.851506 0.156166 0.004721 0.006090
0 0.831167 0.219023 0.007826 0.010529
0 0.821679 0.223316 0.006670 0.009076
0 0.851985 0.156500 0.006344 0.007490
0 0.838419 0.211379 0.006945 0.006010
0 0.884594 0.147518 0.005202 0.008777
0 0.886078 0.134815 0.005477 0.007410
0 0.308183 0.286597 0.010297 0.019074
0 0.293789 0.268429 0.003625 0.005809
0 0.298904 0.274281 0.004234 0.007597
0 0.312502 0.249012 0.011319 0.020981
0 0.403068 0.314850 0.005433 0.007559
0 0.390514 0.284918 0.004487 0.005317
0 0.401782 0.283915 0.002798 0.004831
0 0.503642 0.323798 0.007221 0.012106
0 0.504234 0.255924 0.007315 0.010804
0 0.460009 0.330985 0.009223 0.012941
0 0.512254 0.266605 0.007527 0.012532
0 0.461654 0.256931 0.005827 0.008786
0 0.513225 0.249548 0.007381 0.010890
0 0.523518 0.267412 0.005396 0.009622
0 0.511558 0.299543 0.003347 0.005503
0 0.572823 0.238808 0.008251 0.009780
0 0.585334 0.247554 0.013018 0.011386
0 0.587925 0.247334 0.007799 0.010863
0 0.593401 0.239490 0.006228 0.009026
0 0.582904 0.247689 0.007742 0.011035
0 0.611268 0.309334 0.005427 0.008283
0 0.604065 0.238680 0.009611 0.009502
0 0.604390 0.242496 0.008411 0.006019
0 0.607692 0.257152 0.003106 0.005694
0 0.690120 0.254433 0.009286 0.013018
0 0.663932 0.269520 0.006336 0.007441
0 0.695808 0.254460 0.004311 0.008972
0 0.739751 0.301144 0.003949 0.004939
0 0.759941 0.299694 0.004073 0.005411
0 0.803294 0.309302 0.007913 0.010060
0 0.818953 0.342718 0.007069 0.011080
0 0.815020 0.241279 0.005234 0.005722
0 0.792143 0.302145 0.005339 0.009445
0 0.798017 0.237419 0.005894 0.006812
0 0.874132 0.267400 0.005029 0.005385
0 0.819219 0.238399 0.005029 0.008883
0 0.819242 0.237318 0.004553 0.006782
0 0.814916 0.323684 0.010024 0.013718
0 0.815477 0.241812 0.006641 0.006871
0 0.962297 0.317436 0.005230 0.010632
0 0.911870 0.303464 0.010452 0.008862
0 0.955353 0.291625 0.005065 0.007051
0 0.918229 0.284991 0.004949 0.005751
0 0.898655 0.259799 0.006429 0.008017
0 0.918433 0.285953 0.006172 0.008050
0 0.067689 0.420025 0.011790 0.015971
0 0.104949 0.369206 0.010968 0.013854
0 0.094253 0.367686 0.011809 0.016591
0 0.232787 0.357297 0.008703 0.012840
0 0.190428 0.452724 0.006488 0.008441
0 0.241047 0.357957 0.010126 0.014159
0 0.357623 0.461283 0.006250 0.009602
0 0.451635 0.361638 0.010959 0.017061
0 0.512387 0.441533 0.005623 0.007615
0 0.511473 0.441731 0.007511 0.008464
0 0.567190 0.359262 0.005403 0.007227
0 0.653396 0.444712 0.004556 0.005681
0 0.677728 0.385938 0.007730 0.008601
0 0.658263 0.429547 0.003440 0.006449
0 0.743538 0.394260 0.006945 0.008253
0 0.751555 0.412804 0.009665 0.011661
0 0.723020 0.410426 0.003289 0.005599
0 0.715586 0.395742 0.007420 0.011138
0 0.761811 0.463420 0.004032 0.006217
0 0.836586 0.451588 0.009188 0.013409
0 0.827190 0.434162 0.012198 0.012924
0 0.822536 0.362595 0.006640 0.007070
0 0.862667 0.378377 0.004014 0.005494
0 0.168483 0.478098 0.007078 0.011203
0 0.214133 0.570314 0.010115 0.013973
0 0.200322 0.556835 0.006855 0.010329
0 0.212489 0.570153 0.007242 0.013214
0 0.228993 0.559375 0.009334 0.014344
0 0.210997 0.558282 0.006053 0.008340
0 0.182277 0.497446 0.006591 0.007436
0 0.317012 0.567670 0.004486 0.006213
0 0.302372 0.550284 0.006218 0.006188
0 0.426997 0.519981 0.010561 0.011548
0 0.433604 0.548818 0.007596 0.012619
0 0.388764 0.489479 0.004020 0.005302
0 0.411019 0.565745 0.004132 0.006589
0 0.371582 0.479531 0.003970 0.004956
0 0.431087 0.549378 0.012725 0.013578
0 0.522307 0.514421 0.008017 0.011390
0 0.521842 0.527677 0.008947 0.010044
0 0.462373 0.472837 0.006332 0.007706
0 0.441367 0.543888 0.005542 0.010033
0 0.476318 0.570103 0.006358 0.007929
0 0.611394 0.523976 0.004379 0.006741
0 0.539241 0.544760 0.004877 0.005207
0 0.554472 0.473195 0.005663 0.009173
0 0.721094 0.525244 0.006742 0.010181
0 0.730709 0.517434 0.007768 0.011048
0 0.707499 0.535326 0.003963 0.005833
0 0.836669 0.567039 0.005859 0.007967
0 0.796108 0.504094 0.004630 0.005906
0 0.836818 0.547674 0.009977 0.018421
0 0.801392 0.529137 0.004093 0.006748
0 0.802793 0.485833 0.004010 0.006974
0 0.833330 0.533738 0.007615 0.010838
0 0.796157 0.504543 0.005731 0.007659
0 0.828230 0.565547 0.004897 0.005746
0 0.863499 0.505222 0.009028 0.016515
0 0.938914 0.500081 0.007950 0.012684
0 0.915605 0.498028 0.003635 0.005508
0 0.935926 0.511045 0.005570 0.008159
0 0.253989 0.637983 0.004835 0.006521
0 0.329060 0.642335 0.004513 0.006944
0 0.335204 0.638065 0.004857 0.006394
0 0.434755 0.696179 0.007682 0.011150
0 0.520729 0.635942 0.003819 0.004996
0 0.572824 0.614743 0.007991 0.010444
0 0.555642 0.604013 0.008449 0.012904
0 0.568554 0.697653 0.009108 0.008202
0 0.572965 0.595811 0.007661 0.009917
0 0.675094 0.696157 0.010061 0.011196
0 0.624150 0.613344 0.006703 0.008633
0 0.668414 0.657660 0.006330 0.015368
0 0.890292 0.592704 0.004530 0.007547
0 0.221417 0.814044 0.007046 0.009314
0 0.240877 0.807720 0.004089 0.005116
0 0.310127 0.710890 0.009332 0.016046
0 0.297496 0.708777 0.003512 0.005766
0 0.310032 0.713627 0.009032 0.010090
0 0.352734 0.751886 0.003703 0.005651
0 0.427523 0.705400 0.010644 0.007291
0 0.576626 0.707829 0.009553 0.012150
0 0.643826 0.742674 0.006807 0.012396
0 0.660478 0.813360 0.008351 0.010455
0 0.640098 0.735528 0.006310 0.010606
0 0.881806 0.747570 0.008076 0.009595
0 0.951335 0.813239 0.010776 0.010677
0 0.890962 0.713906 0.004008 0.004657
0 0.887464 0.718669 0.005967 0.009456
0 0.950585 0.762244 0.006197 0.007967
0 0.902091 0.799367 0.003498 0.005803
0 0.163154 0.840956 0.006207 0.008070
0 0.169281 0.843487 0.007978 0.010495
0 0.166478 0.842890 0.013383 0.011867
0 0.160166 0.848252 0.004731 0.007300
0 0.311225 0.830335 0.009109 0.014572
0 0.316120 0.915892 0.007610 0.010935
0 0.435199 0.894315 0.006589 0.009173
0 0.674417 0.842362 0.008809 0.013630
0 0.686363 0.851204 0.005249 0.006599
0 0.748470 0.839927 0.008379 0.013997
0 0.771517 0.833652 0.010389 0.012635
0 0.768262 0.904081 0.004416 0.004722
0 0.756906 0.847585 0.011154 0.016000
0 0.811439 0.909692 0.007373 0.007653
0 0.935972 0.915552 0.006483 0.011929
0 0.936207 0.917536 0.006110 0.007965
0 0.934987 0.915554 0.008909 0.012459
