0 0.123151 0.334103 0.007547 0.011231
0 0.160387 0.344951 0.007681 0.011813
0 0.112981 0.346387 0.008710 0.008779
0 0.242825 0.273026 0.008851 0.010907
0 0.251338 0.322656 0.007177 0.011285
0 0.255318 0.240082 0.005447 0.006960
0 0.250513 0.345805 0.011768 0.010144
0 0.332756 0.327016 0.006085 0.008759
0 0.309495 0.342836 0.007794 0.012368
0 0.321269 0.315037 0.007624 0.008782
0 0.316347 0.333253 0.007873 0.009700
0 0.348802 0.340570 0.004150 0.010999
0 0.324869 0.323491 0.005958 0.007526
0 0.307163 0.305383 0.007286 0.012029
0 0.326887 0.338830 0.004496 0.007317
0 0.328525 0.325394 0.013317 0.011384
0 0.326101 0.323449 0.008666 0.007446
0 0.271035 0.342721 0.003716 0.006123
0 0.430612 0.272332 0.003320 0.004883
0 0.471311 0.315393 0.008140 0.014215
0 0.530646 0.329769 0.007061 0.009517
0 0.960863 0.309912 0.007602 0.009897
0 0.920637 0.280472 0.008425 0.011017
0 0.948774 0.306305 0.006145 0.008691
0 0.946224 0.287672 0.004423 0.006123
0 0.940312 0.313419 0.006234 0.007026
0 0.077526 0.390784 0.008471 0.009927
0 0.150530 0.368401 0.009808 0.012263
0 0.102870 0.455391 0.008993 0.014191
0 0.111275 0.459637 0.009224 0.013033
0 0.168115 0.385625 0.006900 0.008593
0 0.110148 0.430757 0.009542 0.012135
0 0.151320 0.354299 0.008751 0.006845
0 0.114837 0.447337 0.011013 0.014817
0 0.244749 0.385737 0.005704 0.008577
0 0.261005 0.410981 0.004306 0.010614
0 0.245319 0.386939 0.004773 0.006161
0 0.243907 0.385453 0.007917 0.009651
0 0.294281 0.441657 0.008796 0.013784
0 0.282348 0.429234 0.006084 0.008345
0 0.290233 0.446031 0.007693 0.010500
0 0.294371 0.440047 0.008431 0.009833
0 0.291202 0.405926 0.006288 0.009369
0 0.337882 0.446142 0.007354 0.011548
0 0.297283 0.406646 0.006328 0.010480
0 0.327485 0.372366 0.007248 0.008949
0 0.336166 0.446118 0.010198 0.012348
0 0.339250 0.446220 0.010453 0.011343
0 0.317802 0.433971 0.005239 0.005733
0 0.327859 0.434046 0.004735 0.005691
0 0.295755 0.452620 0.005745 0.006089
0 0.331357 0.444911 0.007534 0.010491
0 0.290549 0.405428 0.007643 0.011293
0 0.301097 0.457798 0.003895 0.007684
0 0.307133 0.430348 0.003118 0.006628
0 0.400178 0.358342 0.007161 0.010040
0 0.389821 0.432075 0.006954 0.010691
0 0.387804 0.442170 0.006138 0.007902
0 0.394835 0.429394 0.005000 0.007139
0 0.404155 0.446176 0.005857 0.010436
0 0.394224 0.420902 0.005336 0.008189
0 0.395549 0.436425 0.006330 0.010211
0 0.395489 0.433535 0.006707 0.016005
0 0.396329 0.352671 0.006348 0.003515
0 0.486203 0.402526 0.006034 0.008483
0 0.480253 0.400077 0.006458 0.008894
0 0.483241 0.401014 0.012697 0.009917
0 0.508789 0.385147 0.008455 0.009520
0 0.541684 0.446327 0.007074 0.009825
0 0.535230 0.428268 0.007292 0.010704
0 0.564165 0.423078 0.004528 0.005550
0 0.649004 0.392879 0.005276 0.005912
0 0.653331 0.444619 0.007265 0.008119
0 0.652814 0.444644 0.005173 0.007948
0 0.649065 0.393264 0.006097 0.007673
0 0.724120 0.381824 0.007465 0.010804
0 0.758312 0.452053 0.006573 0.010723
0 0.734169 0.384164 0.004981 0.005888
0 0.904034 0.384062 0.007896 0.011941
0 0.886189 0.410413 0.007816 0.011944
0 0.900586 0.382489 0.010870 0.014735
0 0.949099 0.424792 0.005561 0.008180
0 0.898783 0.379154 0.006873 0.008082
0 0.260226 0.490931 0.005864 0.009000
0 0.234463 0.501921 0.005259 0.007536
0 0.200929 0.523358 0.005692 0.007720
0 0.247829 0.496063 0.004691 0.009554
0 0.198249 0.537633 0.007200 0.008362
0 0.297261 0.550008 0.008348 0.012903
0 0.299120 0.536065 0.008031 0.011674
0 0.325074 0.554058 0.008359 0.009241
0 0.305578 0.536246 0.007452 0.010372
0 0.337246 0.546409 0.005917 0.008290
0 0.291842 0.535017 0.007708 0.010386
0 0.303751 0.556005 0.007642 0.012782
0 0.318621 0.544473 0.008572 0.009722
0 0.336648 0.558272 0.006065 0.009299
0 0.320316 0.497354 0.007343 0.010498
0 0.332117 0.560067 0.004346 0.005294
0 0.313782 0.553274 0.005936 0.013239
0 0.295812 0.527895 0.007306 0.009969
0 0.266984 0.569851 0.007461 0.009521
0 0.309471 0.526171 0.004458 0.008336
0 0.293383 0.534553 0.007868 0.011306
0 0.297305 0.527485 0.009937 0.009356
0 0.318573 0.554812 0.006077 0.010549
0 0.320494 0.486264 0.008220 0.013791
0 0.338875 0.480171 0.005923 0.010103
0 0.273675 0.473832 0.006441 0.009866
0 0.338383 0.480174 0.007497 0.011523
0 0.331323 0.502489 0.007343 0.009057
0 0.366646 0.495040 0.004673 0.005572
0 0.434368 0.533756 0.008130 0.011225
0 0.490350 0.541817 0.006914 0.011918
0 0.478325 0.550791 0.005883 0.009305
0 0.521499 0.509275 0.005609 0.007759
0 0.479799 0.550826 0.008993 0.009123
0 0.579876 0.485907 0.007777 0.011646
0 0.578647 0.519343 0.005808 0.007826
0 0.584432 0.563569 0.003570 0.005526
0 0.617942 0.541002 0.006542 0.009569
0 0.634557 0.578313 0.006164 0.009798
0 0.614987 0.573073 0.001904 0.006231
0 0.761891 0.494982 0.005942 0.009054
0 0.783269 0.472877 0.007443 0.008988
0 0.762956 0.485230 0.005384 0.007883
0 0.846569 0.528105 0.009933 0.010913
0 0.926442 0.483345 0.010841 0.013474
0 0.165404 0.599294 0.006777 0.006603
0 0.134662 0.691359 0.009154 0.014757
0 0.243335 0.622950 0.007719 0.012889
0 0.224548 0.650447 0.006775 0.009506
0 0.222336 0.611768 0.007221 0.012789
0 0.227675 0.658955 0.005332 0.009318
0 0.214639 0.664853 0.005687 0.006929
0 0.223790 0.612097 0.010297 0.012734
0 0.185704 0.656112 0.005496 0.007550
0 0.214918 0.667624 0.006699 0.012954
0 0.404970 0.600113 0.006249 0.006555
0 0.474451 0.673055 0.004680 0.006370
0 0.474808 0.672319 0.005445 0.007819
0 0.603649 0.606897 0.006212 0.009504
0 0.611269 0.621902 0.005531 0.008277
0 0.599214 0.664803 0.005299 0.006823
0 0.597828 0.648367 0.004612 0.006421
0 0.594384 0.676540 0.004864 0.005865
0 0.629517 0.590698 0.005778 0.009302
0 0.649944 0.660221 0.004513 0.007360
0 0.631328 0.590706 0.009728 0.010220
0 0.785783 0.597581 0.007382 0.012038
0 0.146416 0.763497 0.008620 0.012269
0 0.168230 0.708467 0.007314 0.010451
0 0.139237 0.706191 0.009018 0.008621
0 0.169613 0.718343 0.008428 0.014524
0 0.134355 0.767901 0.007913 0.014747
0 0.132072 0.738575 0.006835 0.011493
0 0.172931 0.705083 0.005016 0.006491
0 0.169377 0.715164 0.008889 0.022876
0 0.194429 0.769711 0.007455 0.011567
0 0.196906 0.789029 0.006162 0.008617
0 0.179738 0.717702 0.008365 0.011533
0 0.179682 0.721278 0.008488 0.018191
0 0.196332 0.710716 0.007994 0.013204
0 0.201351 0.781599 0.007864 0.008697
0 0.198664 0.788623 0.007298 0.007677
0 0.340412 0.784047 0.005003 0.007438
0 0.427058 0.790089 0.004893 0.007014
0 0.378637 0.736639 0.006586 0.007965
0 0.429775 0.801324 0.005846 0.007243
0 0.430217 0.798311 0.007036 0.013129
0 0.488278 0.767683 0.005110 0.006760
0 0.488957 0.768200 0.006763 0.008408
0 0.472032 0.768475 0.003915 0.009097
0 0.528490 0.769309 0.004320 0.004969
0 0.657621 0.770740 0.005685 0.008665
0 0.654237 0.707105 0.004636 0.008773
0 0.655310 0.728838 0.005372 0.008704
0 0.656772 0.706796 0.010146 0.009044
0 0.731901 0.766767 0.007244 0.010108
0 0.044888 0.918711 0.011072 0.018731
0 0.235135 0.841145 0.007890 0.009844
0 0.298373 0.917147 0.007195 0.009970
0 0.297643 0.894222 0.010071 0.014600
0 0.344662 0.903706 0.003720 0.007358
0 0.354573 0.908333 0.007392 0.014982
0 0.492118 0.928710 0.007432 0.011414
0 0.500534 0.928766 0.007503 0.011770
0 0.569607 0.847478 0.006109 0.008510
0 0.690074 0.861235 0.009320 0.015652
0 0.646868 0.892318 0.008604 0.013086
0 0.722422 0.918186 0.004553 0.008073
0 0.833174 0.851506 0.005347 0.009772
