0 0.671187 0.045681 0.012632 0.011952
0 0.813093 0.036505 0.011242 0.012430
0 0.826247 0.020842 0.014616 0.013238
0 0.317684 0.169880 0.012702 0.011118
0 0.437708 0.147013 0.015788 0.010431
0 0.426634 0.155272 0.014633 0.012241
0 0.630573 0.134195 0.011306 0.010376
0 0.645798 0.145567 0.008541 0.005551
0 0.807636 0.090448 0.011725 0.005457
0 0.830486 0.104099 0.015481 0.013679
0 0.842643 0.099079 0.014261 0.013380
0 0.344284 0.233664 0.008363 0.008070
0 0.342888 0.196392 0.014033 0.013972
0 0.333892 0.255207 0.010516 0.008221
0 0.388183 0.182255 0.011962 0.013632
0 0.382653 0.228344 0.011836 0.012671
0 0.359323 0.204152 0.008095 0.005195
0 0.405974 0.235452 0.011985 0.012061
0 0.456034 0.209828 0.009183 0.004045
0 0.512344 0.247413 0.013309 0.011264
0 0.533780 0.252246 0.012224 0.008468
0 0.528998 0.241160 0.010904 0.008714
0 0.526629 0.241016 0.016105 0.009496
0 0.513700 0.237945 0.012040 0.010986
0 0.732697 0.243947 0.012401 0.011361
0 0.165295 0.334891 0.020941 0.012927
0 0.143818 0.336224 0.011413 0.009908
0 0.132522 0.338144 0.011371 0.009946
0 0.222044 0.275777 0.009866 0.004779
0 0.215085 0.279658 0.007549 0.007460
0 0.160503 0.335521 0.012699 0.011376
0 0.221212 0.278136 0.009235 0.009459
0 0.139376 0.345467 0.012250 0.009112
0 0.342005 0.308266 0.012542 0.012951
0 0.336307 0.266570 0.012742 0.006805
0 0.331548 0.292119 0.011175 0.010344
0 0.321806 0.284031 0.015397 0.013208
0 0.375073 0.313585 0.005940 0.005734
0 0.486049 0.297386 0.014018 0.012400
0 0.553282 0.315414 0.010379 0.006800
0 0.513162 0.281640 0.011918 0.011105
0 0.548773 0.298793 0.006179 0.003781
0 0.474374 0.306362 0.006168 0.004100
0 0.546007 0.311144 0.009800 0.005700
0 0.699163 0.302330 0.005182 0.008537
0 0.690608 0.329032 0.004529 0.004700
0 0.732409 0.299879 0.012831 0.012187
0 0.708152 0.298501 0.011004 0.008015
0 0.911412 0.299520 0.008088 0.009216
0 0.030155 0.390129 0.012002 0.009498
0 0.111980 0.365689 0.009959 0.007304
0 0.105049 0.379514 0.015420 0.013526
0 0.149968 0.366960 0.015096 0.011389
0 0.186309 0.392814 0.016535 0.015445
0 0.139340 0.398736 0.014848 0.011784
0 0.142422 0.411641 0.008925 0.005338
0 0.169851 0.388766 0.017639 0.011895
0 0.126759 0.365739 0.018458 0.013342
0 0.129532 0.365605 0.014242 0.012596
0 0.330533 0.354311 0.012311 0.006852
0 0.248200 0.413295 0.005239 0.003930
0 0.452453 0.392701 0.007529 0.005511
0 0.637776 0.405865 0.005041 0.005240
0 0.690966 0.432301 0.010949 0.006092
0 0.705633 0.402235 0.005220 0.004116
0 0.748396 0.392627 0.009558 0.008201
0 0.863823 0.426815 0.009530 0.007360
0 0.891634 0.357914 0.005727 0.003685
0 0.827466 0.428146 0.008986 0.009366
0 0.835507 0.430203 0.009535 0.011190
0 0.835131 0.428525 0.008705 0.007481
0 0.091171 0.510185 0.025060 0.013889
0 0.037308 0.478362 0.020343 0.016887
0 0.052392 0.487975 0.019079 0.015915
0 0.035978 0.475649 0.018065 0.011033
0 0.078190 0.484808 0.014640 0.008914
0 0.225378 0.488629 0.015556 0.011313
0 0.220375 0.508703 0.015393 0.014034
0 0.188399 0.506969 0.009244 0.004980
0 0.152470 0.475515 0.007187 0.011973
0 0.188510 0.503191 0.015081 0.013395
0 0.246297 0.457748 0.010627 0.008447
0 0.289393 0.463666 0.016634 0.015374
0 0.453771 0.504761 0.004228 0.004304
0 0.730063 0.441148 0.006885 0.004450
0 0.058688 0.577408 0.016253 0.012881
0 0.007171 0.533705 0.007760 0.004613
0 0.057709 0.606889 0.021880 0.014292
0 0.151703 0.579421 0.017781 0.014651
0 0.134127 0.572896 0.018405 0.014690
0 0.126285 0.562019 0.018133 0.014508
0 0.279220 0.558883 0.016709 0.009937
0 0.333730 0.534376 0.004814 0.006098
0 0.334840 0.534150 0.007029 0.006647
0 0.267077 0.550413 0.011226 0.006540
0 0.265886 0.539055 0.012661 0.008337
0 0.335926 0.534107 0.009709 0.006337
0 0.393925 0.535240 0.013867 0.009523
0 0.522310 0.584147 0.004688 0.004219
0 0.486266 0.575484 0.012974 0.012729
0 0.731791 0.548710 0.011157 0.009815
0 0.722583 0.595491 0.005398 0.007042
0 0.727521 0.595052 0.004918 0.004163
0 0.810160 0.594405 0.004285 0.003729
0 0.761505 0.599932 0.008510 0.005364
0 0.739987 0.546267 0.004744 0.004153
0 0.840528 0.544251 0.005569 0.005271
0 0.848857 0.547737 0.005028 0.004450
0 0.071432 0.622460 0.021224 0.015821
0 0.032167 0.688917 0.017001 0.014718
0 0.017635 0.693062 0.015177 0.014310
0 0.093331 0.653061 0.006904 0.005140
0 0.601911 0.619345 0.008189 0.005007
0 0.004499 0.775276 0.008999 0.012630
0 0.090249 0.719327 0.006843 0.008783
0 0.100030 0.704144 0.004972 0.004603
0 0.437578 0.752789 0.004447 0.003951
0 0.412188 0.732051 0.003616 0.004257
0 0.391896 0.769544 0.004600 0.004651
0 0.495587 0.721934 0.004592 0.003772
0 0.493093 0.783739 0.004194 0.004142
0 0.493055 0.706101 0.003935 0.003484
0 0.906131 0.767471 0.007615 0.004637
0 0.842959 0.716769 0.015770 0.012178
0 0.211958 0.816214 0.005283 0.004857
0 0.202459 0.805607 0.005327 0.003543
0 0.210476 0.815654 0.008345 0.006024
0 0.324111 0.844970 0.005644 0.004490
0 0.410100 0.854474 0.005166 0.005261
0 0.436642 0.851492 0.004902 0.003638
0 0.412644 0.854536 0.010504 0.007346
0 0.424988 0.925837 0.005648 0.003729
0 0.590960 0.915407 0.010239 0.008531
