0 0.157980 0.197202 0.006395 0.012209
0 0.954692 0.208759 0.004176 0.004760
0 0.677466 0.277346 0.005054 0.005597
0 0.781759 0.287250 0.003984 0.006350
0 0.134515 0.420707 0.015540 0.021833
0 0.257468 0.576283 0.004420 0.007264
0 0.323517 0.554672 0.007124 0.009126
0 0.759591 0.481597 0.004302 0.006731
0 0.079331 0.628487 0.006078 0.008742
0 0.146855 0.623753 0.008307 0.011246
0 0.186941 0.634762 0.007773 0.012377
0 0.276098 0.678927 0.003646 0.006361
0 0.402050 0.610525 0.007168 0.010585
0 0.404907 0.636216 0.009820 0.012132
0 0.408889 0.619918 0.004011 0.006298
0 0.462648 0.591583 0.004060 0.005774
0 0.778322 0.672419 0.006951 0.009379
0 0.707546 0.602755 0.006299 0.006050
0 0.307731 0.802301 0.003613 0.005040
0 0.271187 0.764328 0.004059 0.005684
0 0.317383 0.786823 0.007099 0.005840
0 0.348727 0.731023 0.003801 0.005871
0 0.303491 0.708434 0.005156 0.006496
0 0.381159 0.714765 0.004981 0.005651
0 0.434403 0.745994 0.002664 0.005572
0 0.423324 0.769250 0.003124 0.004382
0 0.933839 0.730796 0.013990 0.015198
0 0.895760 0.740872 0.009718 0.011479
0 0.914665 0.719141 0.003429 0.004731
0 0.911141 0.750759 0.009207 0.011145
0 0.922501 0.772170 0.015656 0.023789
0 0.145509 0.872977 0.008283 0.011403
0 0.223773 0.850097 0.006039 0.009692
0 0.208092 0.854235 0.007137 0.010687
0 0.318214 0.877160 0.004607 0.007144
0 0.308810 0.924662 0.004174 0.005862
0 0.364931 0.855353 0.004304 0.005635
0 0.402736 0.877299 0.008897 0.007894
0 0.511205 0.889731 0.003151 0.005826
0 0.444165 0.883301 0.004793 0.006687
0 0.531846 0.851004 0.004102 0.007804
0 0.685311 0.877060 0.003615 0.006271
0 0.717393 0.926777 0.004030 0.007878
0 0.858137 0.869401 0.009414 0.011819
0 0.810350 0.915133 0.006938 0.009349
0 0.833388 0.824464 0.005404 0.008352
