0 0.399406 0.052749 0.004759 0.007354
0 0.831898 0.065427 0.007908 0.012040
0 0.327662 0.154541 0.004156 0.006260
0 0.328391 0.198522 0.004291 0.005696
0 0.575638 0.211669 0.003863 0.005808
0 0.571595 0.207378 0.006010 0.006967
0 0.572210 0.215757 0.004870 0.007444
0 0.629216 0.157567 0.004534 0.006393
0 0.633596 0.153748 0.004091 0.005435
0 0.657851 0.133259 0.003228 0.005911
0 0.890577 0.141934 0.007721 0.010542
0 0.911840 0.204724 0.005447 0.007688
0 0.924402 0.149261 0.006050 0.007201
0 0.894501 0.149002 0.005068 0.008060
0 0.926198 0.120433 0.008518 0.006948
0 0.190331 0.294272 0.006458 0.010036
0 0.342330 0.289266 0.005046 0.005897
0 0.300636 0.309701 0.004388 0.006248
0 0.354708 0.298500 0.004475 0.006284
0 0.425597 0.251453 0.003188 0.005575
0 0.377236 0.288898 0.003270 0.005752
0 0.776019 0.253694 0.006725 0.009189
0 0.752315 0.289535 0.004085 0.006408
0 0.729965 0.339882 0.003042 0.004818
0 0.742839 0.302205 0.004577 0.005787
0 0.841535 0.243681 0.004997 0.006186
0 0.799806 0.299236 0.005002 0.005944
0 0.824226 0.260089 0.004229 0.006434
0 0.801922 0.255360 0.004644 0.005951
0 0.951815 0.257857 0.004412 0.006954
0 0.189428 0.394716 0.003928 0.006017
0 0.313814 0.356470 0.003581 0.006511
0 0.361772 0.429485 0.002975 0.005395
0 0.669408 0.367453 0.003992 0.008206
0 0.673128 0.366744 0.003692 0.006887
0 0.672060 0.367367 0.006512 0.008456
0 0.731255 0.463400 0.004257 0.005880
0 0.731352 0.463893 0.005051 0.007233
0 0.958680 0.414160 0.007559 0.009742
0 0.962325 0.421671 0.005175 0.011072
0 0.340245 0.511279 0.004590 0.008003
0 0.277724 0.494700 0.004061 0.004961
0 0.398263 0.529575 0.004726 0.007113
0 0.233521 0.661808 0.004486 0.006263
0 0.316547 0.591988 0.005005 0.007558
0 0.400856 0.614742 0.006270 0.005559
0 0.473250 0.641286 0.004369 0.006307
0 0.641623 0.622568 0.005577 0.009244
0 0.727951 0.635612 0.005733 0.009376
0 0.830905 0.660646 0.005437 0.008394
0 0.555748 0.802451 0.006634 0.009891
0 0.564766 0.803187 0.009238 0.010789
0 0.583907 0.784319 0.005061 0.009065
0 0.669254 0.789451 0.003709 0.006931
0 0.867782 0.711046 0.004749 0.006675
