0 0.456159 0.131821 0.002785 0.005226
0 0.293032 0.399713 0.005030 0.007519
0 0.498396 0.433647 0.003963 0.006152
0 0.643896 0.384169 0.003754 0.005584
0 0.661113 0.386921 0.003949 0.005172
0 0.386327 0.573521 0.003351 0.004928
0 0.607833 0.486255 0.007900 0.008355
0 0.685813 0.476943 0.003941 0.005605
0 0.290315 0.660195 0.005282 0.009375
0 0.445926 0.629914 0.004311 0.005790
0 0.486491 0.637442 0.004103 0.005888
0 0.593952 0.603937 0.005064 0.008152
0 0.754839 0.602601 0.003679 0.006134
0 0.233243 0.796321 0.003991 0.005524
0 0.709061 0.720428 0.003693 0.004863
