0 0.914496 0.027394 0.003218 0.005151
0 0.885685 0.185545 0.005973 0.005891
0 0.882988 0.177114 0.006399 0.009592
0 0.545572 0.387842 0.006248 0.008459
0 0.550012 0.387332 0.005425 0.009911
0 0.590308 0.430301 0.004475 0.006381
0 0.686459 0.446475 0.004054 0.007394
0 0.464272 0.575472 0.005455 0.007436
0 0.705039 0.486926 0.006569 0.010151
0 0.718593 0.486341 0.004782 0.005948
0 0.823671 0.514149 0.005907 0.008890
0 0.428982 0.588563 0.004747 0.006365
0 0.460109 0.685336 0.006110 0.009631
0 0.502549 0.618891 0.005920 0.010330
0 0.498156 0.625391 0.005497 0.010137
0 0.503727 0.618844 0.008523 0.011265
0 0.504397 0.621511 0.009962 0.015562
0 0.507323 0.624954 0.005910 0.008681
0 0.587314 0.590397 0.005129 0.006916
0 0.559029 0.591367 0.007430 0.012273
0 0.554126 0.613539 0.007830 0.007605
0 0.577128 0.597518 0.005155 0.008339
0 0.582391 0.588281 0.005285 0.006748
0 0.583102 0.598758 0.003831 0.005745
0 0.584916 0.588455 0.010684 0.007127
0 0.580002 0.597652 0.011299 0.008655
0 0.653976 0.613044 0.006737 0.008246
0 0.623178 0.679671 0.003358 0.005435
0 0.747967 0.608437 0.004858 0.006874
0 0.755885 0.614856 0.004277 0.006619
0 0.955308 0.590455 0.004976 0.006218
0 0.945741 0.603201 0.004671 0.005995
0 0.229586 0.730688 0.006136 0.008638
0 0.257686 0.737391 0.003655 0.004472
0 0.386730 0.729468 0.004207 0.006104
0 0.462159 0.743132 0.005353 0.007373
0 0.688728 0.709998 0.007243 0.008785
0 0.629368 0.740400 0.006123 0.008079
0 0.692419 0.705228 0.006523 0.006744
0 0.622845 0.732386 0.005565 0.008518
0 0.690850 0.798895 0.005356 0.008357
0 0.691010 0.709252 0.008325 0.009232
0 0.784920 0.750480 0.007186 0.009922
0 0.725888 0.757427 0.006957 0.007995
0 0.776817 0.743430 0.007691 0.012840
0 0.718602 0.715794 0.005358 0.009350
0 0.738443 0.782402 0.006808 0.011813
0 0.734313 0.813489 0.005742 0.010397
0 0.862585 0.781442 0.004621 0.007778
0 0.869382 0.779211 0.005327 0.010245
0 0.871701 0.779108 0.010273 0.010794
0 0.896918 0.778820 0.003795 0.005962
0 0.297841 0.911116 0.006059 0.009690
0 0.307436 0.891247 0.005319 0.008056
0 0.717079 0.871466 0.004572 0.007520
0 0.795815 0.881536 0.007071 0.010548
