0 0.243125 0.255395 0.003933 0.005578
0 0.480678 0.250778 0.004799 0.007789
0 0.446402 0.269457 0.003482 0.004863
0 0.520378 0.307323 0.007079 0.010451
0 0.592966 0.302390 0.006122 0.010111
0 0.550689 0.327543 0.006703 0.010949
0 0.627203 0.309684 0.004738 0.008234
0 0.217490 0.453189 0.007946 0.011380
0 0.202248 0.445021 0.012488 0.013697
0 0.200027 0.444926 0.007353 0.012640
0 0.343564 0.437726 0.006571 0.008932
0 0.341202 0.373514 0.005734 0.008740
0 0.322349 0.388795 0.004819 0.008548
0 0.472156 0.439856 0.004281 0.005427
0 0.550326 0.358931 0.006855 0.009014
0 0.573577 0.382143 0.009326 0.010068
0 0.556224 0.355895 0.006456 0.009932
0 0.540010 0.449765 0.008537 0.011983
0 0.553788 0.401811 0.006966 0.010478
0 0.596145 0.460946 0.006609 0.009809
0 0.553374 0.357155 0.012624 0.010620
0 0.573711 0.412840 0.005654 0.007299
0 0.572923 0.414897 0.006782 0.012032
0 0.682010 0.370918 0.003701 0.006221
0 0.055449 0.552253 0.004260 0.007257
0 0.086041 0.532233 0.003356 0.007663
0 0.082457 0.529085 0.006165 0.007758
0 0.080928 0.529480 0.009712 0.008611
0 0.078632 0.529749 0.005379 0.008313
0 0.095114 0.516647 0.005163 0.008036
0 0.222725 0.543129 0.006902 0.008565
0 0.251710 0.497087 0.007336 0.010333
0 0.258895 0.472745 0.007346 0.009817
0 0.196119 0.537256 0.007541 0.009420
0 0.243725 0.500925 0.008293 0.009402
0 0.252999 0.524747 0.008605 0.013412
0 0.214706 0.513422 0.007810 0.010532
0 0.228778 0.540448 0.007354 0.009538
0 0.235202 0.498903 0.010132 0.011157
0 0.232572 0.499477 0.015163 0.012105
0 0.227802 0.501095 0.004959 0.006629
0 0.240932 0.491949 0.011290 0.012211
0 0.239094 0.507998 0.008312 0.009560
0 0.275383 0.547147 0.004724 0.006380
0 0.344030 0.486798 0.006599 0.005066
0 0.354358 0.504297 0.006961 0.010010
0 0.379052 0.523040 0.006875 0.010776
0 0.359723 0.502785 0.005979 0.008761
0 0.401501 0.511506 0.007733 0.011635
0 0.389458 0.544605 0.010468 0.008921
0 0.401364 0.512943 0.007411 0.008451
0 0.399448 0.514084 0.003662 0.006245
0 0.359603 0.523416 0.003925 0.005397
0 0.387678 0.543803 0.006572 0.007800
0 0.368578 0.518964 0.006055 0.011969
0 0.390708 0.546889 0.008377 0.013345
0 0.353063 0.539719 0.004372 0.010303
0 0.389590 0.551243 0.003951 0.004881
0 0.486935 0.541918 0.003875 0.005278
0 0.070172 0.675390 0.006132 0.008075
0 0.139392 0.634896 0.005108 0.007476
0 0.239384 0.598750 0.008027 0.009579
0 0.247014 0.598148 0.006695 0.008837
0 0.218129 0.603878 0.004106 0.005229
0 0.232331 0.609550 0.004796 0.006128
0 0.306633 0.678281 0.006209 0.009433
0 0.294212 0.695567 0.007041 0.009327
0 0.293879 0.692843 0.007628 0.015667
0 0.287772 0.669724 0.007107 0.011004
0 0.281665 0.677211 0.004351 0.007395
0 0.268530 0.632799 0.004362 0.005536
0 0.468815 0.666198 0.006202 0.009030
0 0.469968 0.667724 0.004792 0.006259
0 0.022422 0.805924 0.007989 0.010688
0 0.059375 0.795221 0.008995 0.015518
0 0.012402 0.770892 0.005597 0.007780
0 0.185952 0.742451 0.006111 0.008029
0 0.182758 0.744337 0.009101 0.008131
0 0.229772 0.813197 0.010360 0.010462
0 0.220897 0.758288 0.007678 0.009115
0 0.228223 0.813196 0.007236 0.010409
0 0.181071 0.744753 0.005574 0.007625
0 0.347967 0.765087 0.005820 0.010411
0 0.360785 0.769780 0.007474 0.011271
0 0.355601 0.791261 0.006326 0.009492
0 0.358411 0.731997 0.006809 0.011798
0 0.707371 0.743029 0.004583 0.007556
0 0.780767 0.813216 0.003262 0.006188
0 0.253083 0.853503 0.008286 0.012896
0 0.344597 0.892378 0.008524 0.011507
0 0.349098 0.886181 0.003559 0.011777
0 0.349023 0.888556 0.003709 0.015427
0 0.346686 0.882792 0.008040 0.018552
0 0.356731 0.869110 0.008235 0.006975
0 0.488119 0.841314 0.006421 0.009307
0 0.450654 0.866661 0.003897 0.005505
0 0.504823 0.893176 0.005287 0.010657
0 0.514630 0.875119 0.005658 0.011599
0 0.665210 0.877196 0.006385 0.009659
