0 0.418995 0.214146 0.005354 0.007343
0 0.427847 0.287715 0.005246 0.009142
0 0.458078 0.292365 0.003785 0.005692
0 0.650155 0.308229 0.004224 0.004954
0 0.541981 0.418126 0.003650 0.006236
0 0.429120 0.573411 0.004204 0.004426
0 0.727251 0.504100 0.003207 0.004252
0 0.682955 0.601606 0.006436 0.008403
0 0.820050 0.669178 0.003526 0.005939
0 0.243246 0.711256 0.004062 0.005869
0 0.238674 0.780185 0.003510 0.006686
0 0.226821 0.799210 0.006911 0.012105
0 0.314411 0.811580 0.008439 0.009982
0 0.277769 0.744407 0.005874 0.009493
0 0.284953 0.758147 0.002641 0.005629
0 0.348718 0.736626 0.003879 0.006050
0 0.334397 0.779646 0.004686 0.006331
0 0.429173 0.733556 0.005957 0.008471
0 0.423840 0.755435 0.003343 0.005084
0 0.528405 0.722341 0.004124 0.007632
0 0.897718 0.795030 0.005063 0.006535
0 0.115750 0.927348 0.005051 0.006694
0 0.432544 0.873289 0.007854 0.010366
0 0.398092 0.858126 0.003799 0.005428
0 0.524560 0.871151 0.003511 0.015201
0 0.729734 0.893868 0.006718 0.008370
