0 0.034867 0.173947 0.011447 0.016100
0 0.924348 0.228903 0.006741 0.007428
0 0.094941 0.282930 0.007204 0.009368
0 0.232134 0.245998 0.009605 0.015355
0 0.675117 0.341789 0.005687 0.008749
0 0.689395 0.312045 0.004219 0.005909
0 0.893046 0.262101 0.007162 0.010318
0 0.046513 0.405847 0.011341 0.015223
0 0.856621 0.457410 0.003712 0.005526
0 0.617748 0.569670 0.007418 0.011800
0 0.801574 0.482038 0.004302 0.004705
0 0.385198 0.631289 0.005615 0.008134
0 0.561509 0.688881 0.007259 0.010296
0 0.707302 0.681397 0.005626 0.007580
0 0.844099 0.696004 0.010830 0.011500
0 0.826090 0.693865 0.012955 0.012236
0 0.852485 0.609308 0.007421 0.011468
0 0.813275 0.693564 0.012190 0.016381
0 0.856408 0.630770 0.004593 0.006577
0 0.156030 0.801541 0.008431 0.012962
0 0.328119 0.790357 0.005077 0.005981
0 0.395565 0.812961 0.005144 0.006447
0 0.777542 0.751911 0.004159 0.005915
0 0.833120 0.706492 0.010346 0.009475
0 0.841493 0.703635 0.006589 0.003707
0 0.895263 0.759278 0.008218 0.010215
0 0.888243 0.775356 0.006944 0.009276
0 0.910691 0.774795 0.010682 0.012448
0 0.906786 0.756705 0.006023 0.008353
0 0.883848 0.814309 0.011224 0.008808
0 0.895435 0.807120 0.006515 0.007515
0 0.902258 0.750324 0.004661 0.011132
0 0.904944 0.752798 0.010288 0.016632
0 0.907671 0.814296 0.012489 0.008836
0 0.961866 0.771884 0.006093 0.007382
0 0.935023 0.794071 0.008670 0.014078
0 0.828323 0.833603 0.007974 0.011495
0 0.849363 0.843676 0.008543 0.012502
