0 0.692158 0.082049 0.005077 0.006990
0 0.495128 0.201202 0.006267 0.009202
0 0.936546 0.226481 0.009151 0.011442
0 0.934725 0.158089 0.003288 0.005392
0 0.223713 0.294695 0.004445 0.005380
0 0.595651 0.330860 0.010646 0.017767
0 0.530795 0.326565 0.007897 0.009753
0 0.581152 0.264432 0.009752 0.009781
0 0.622942 0.293156 0.007480 0.012230
0 0.629387 0.299554 0.007232 0.011819
0 0.767142 0.291087 0.005512 0.011129
0 0.341815 0.409633 0.006585 0.007264
0 0.517997 0.381865 0.012396 0.016847
0 0.781224 0.380454 0.003453 0.006639
0 0.760052 0.392818 0.004697 0.005265
0 0.801638 0.429787 0.008655 0.010919
0 0.804981 0.354389 0.007143 0.006816
0 0.807537 0.415726 0.003338 0.004643
0 0.896559 0.405181 0.005960 0.005458
0 0.604942 0.492098 0.007836 0.009914
0 0.617579 0.487074 0.005557 0.007164
0 0.765896 0.497830 0.003056 0.004128
0 0.911727 0.546680 0.006596 0.008298
0 0.436609 0.590039 0.003976 0.010487
0 0.506253 0.808889 0.006363 0.006209
0 0.476238 0.799554 0.003778 0.005003
0 0.471829 0.800073 0.004613 0.004754
0 0.522316 0.781643 0.007026 0.012156
0 0.495734 0.749076 0.005880 0.007448
0 0.587145 0.785591 0.008209 0.010326
0 0.578170 0.766697 0.009658 0.009757
0 0.568299 0.784425 0.011691 0.018196
0 0.579827 0.780182 0.006171 0.011206
0 0.530208 0.784539 0.003641 0.006153
0 0.562615 0.761948 0.003515 0.005705
0 0.776724 0.756366 0.008009 0.010078
0 0.791875 0.800930 0.004802 0.006008
0 0.922279 0.746786 0.003701 0.005252
0 0.484829 0.836023 0.007526 0.008292
0 0.517969 0.835345 0.004427 0.006458
0 0.505362 0.852251 0.003219 0.004470
0 0.507164 0.842823 0.003870 0.005808
0 0.546509 0.854456 0.011663 0.013774
