0 0.135857 0.185456 0.007475 0.011373
0 0.145639 0.159932 0.008419 0.009834
0 0.477164 0.199071 0.010304 0.012047
0 0.515763 0.204753 0.007178 0.007428
0 0.588279 0.228057 0.012231 0.011722
0 0.611036 0.217174 0.005998 0.016507
0 0.608553 0.217875 0.010964 0.014400
0 0.623187 0.222790 0.007950 0.011859
0 0.699236 0.169502 0.005037 0.012017
0 0.616724 0.217094 0.005378 0.014499
0 0.698272 0.181836 0.004545 0.008932
0 0.722361 0.181096 0.008527 0.010412
0 0.732249 0.175971 0.005673 0.009587
0 0.714674 0.206552 0.006184 0.010467
0 0.712908 0.133247 0.006324 0.011128
0 0.715508 0.164939 0.008392 0.013099
0 0.707011 0.199119 0.006578 0.011580
0 0.716167 0.134053 0.013156 0.013153
0 0.713376 0.164698 0.013137 0.012920
0 0.709983 0.166768 0.005998 0.008337
0 0.076702 0.288680 0.006462 0.008178
0 0.027507 0.265493 0.011985 0.010842
0 0.076006 0.277336 0.006574 0.009352
0 0.024946 0.266744 0.006389 0.007636
0 0.029648 0.265341 0.007143 0.011690
0 0.044420 0.271162 0.009516 0.009422
0 0.051045 0.240888 0.006793 0.009410
0 0.199156 0.326890 0.007934 0.010087
0 0.466424 0.330285 0.007008 0.011923
0 0.461472 0.340560 0.007501 0.011063
0 0.488443 0.318493 0.007800 0.012245
0 0.513497 0.295194 0.008234 0.016755
0 0.588038 0.245907 0.011993 0.017025
0 0.605990 0.255254 0.012172 0.019304
0 0.588139 0.238776 0.011477 0.009715
0 0.555116 0.280525 0.006141 0.009851
0 0.583706 0.263468 0.004602 0.006518
0 0.674183 0.280365 0.008419 0.012274
0 0.630240 0.278954 0.008569 0.011095
0 0.683871 0.281553 0.007317 0.011768
0 0.617134 0.260823 0.006197 0.012327
0 0.629694 0.263449 0.016200 0.022021
0 0.675524 0.265131 0.006746 0.012048
0 0.875153 0.300635 0.004081 0.017220
0 0.871115 0.286489 0.003909 0.007367
0 0.945528 0.298619 0.003615 0.005086
0 0.116079 0.424286 0.006703 0.007659
0 0.396577 0.445405 0.007244 0.014056
0 0.435622 0.383994 0.005949 0.011223
0 0.470493 0.420566 0.009398 0.013591
0 0.492803 0.414786 0.005650 0.008614
0 0.485589 0.415783 0.010500 0.014056
0 0.645857 0.463407 0.005694 0.008651
0 0.647164 0.463524 0.008769 0.008625
0 0.862822 0.403407 0.010019 0.012320
0 0.871693 0.406479 0.011001 0.020926
0 0.854447 0.365504 0.010681 0.013192
0 0.855025 0.366080 0.008963 0.010028
0 0.834962 0.421598 0.003511 0.004824
0 0.929631 0.404623 0.005626 0.006198
0 0.901842 0.425126 0.007222 0.009729
0 0.168524 0.545383 0.008668 0.016117
0 0.144556 0.576999 0.007325 0.008856
0 0.150168 0.492803 0.009133 0.012753
0 0.092077 0.548195 0.008716 0.018077
0 0.150319 0.493906 0.009616 0.008902
0 0.173793 0.502591 0.003292 0.015817
0 0.180660 0.502582 0.010443 0.021174
0 0.195078 0.546423 0.008005 0.011087
0 0.222981 0.475539 0.008917 0.010818
0 0.346862 0.537972 0.008030 0.018352
0 0.460781 0.476179 0.006189 0.008882
0 0.475636 0.472358 0.014865 0.009023
0 0.478291 0.472445 0.009215 0.008967
0 0.457963 0.474161 0.011333 0.012616
0 0.468819 0.493856 0.005796 0.010856
0 0.533383 0.564689 0.007055 0.011381
0 0.687039 0.497161 0.007620 0.012521
0 0.708891 0.503096 0.008356 0.012721
0 0.705486 0.518690 0.007464 0.011862
0 0.715594 0.507722 0.006371 0.012478
0 0.818732 0.561673 0.004213 0.006159
0 0.855517 0.558711 0.003419 0.006660
0 0.958833 0.480156 0.003648 0.006810
0 0.933095 0.475166 0.003904 0.005242
0 0.921805 0.541997 0.003774 0.006021
0 0.884289 0.532906 0.002809 0.005234
0 0.081653 0.654675 0.012133 0.021438
0 0.150765 0.588213 0.008058 0.006836
0 0.186575 0.617770 0.012083 0.019386
0 0.208517 0.611329 0.007021 0.010353
0 0.646603 0.682387 0.006747 0.007609
0 0.766143 0.644124 0.008900 0.015055
0 0.779775 0.614797 0.003618 0.004965
0 0.875318 0.661898 0.003750 0.011088
0 0.851969 0.649639 0.003639 0.005639
0 0.802686 0.688941 0.004206 0.005498
0 0.874372 0.644534 0.005642 0.012596
0 0.823411 0.644765 0.004318 0.006738
0 0.890542 0.605737 0.003213 0.004989
0 0.939972 0.624665 0.005609 0.006790
0 0.886264 0.614010 0.004063 0.006448
0 0.890698 0.687655 0.007233 0.012896
0 0.951970 0.614063 0.003929 0.006440
0 0.357594 0.755087 0.003358 0.006006
0 0.518665 0.801363 0.009252 0.013332
0 0.515024 0.765851 0.009662 0.014787
0 0.517226 0.777875 0.009375 0.014805
0 0.507814 0.763540 0.009110 0.012706
0 0.577953 0.799940 0.006827 0.010666
0 0.586864 0.799496 0.010785 0.020739
0 0.632805 0.736083 0.003511 0.005586
0 0.766692 0.799014 0.003659 0.004820
0 0.748505 0.811931 0.003865 0.007458
0 0.828402 0.713445 0.006092 0.008122
0 0.874965 0.775319 0.004164 0.007114
0 0.842617 0.732899 0.003651 0.006071
0 0.799084 0.799760 0.003566 0.005351
0 0.869127 0.785197 0.004801 0.006293
0 0.961482 0.738138 0.006846 0.012445
0 0.918783 0.754150 0.004552 0.006918
0 0.474818 0.825437 0.007680 0.011955
0 0.816627 0.826203 0.003696 0.005817
