0 0.255926 0.094684 0.003411 0.005399
0 0.286779 0.099736 0.004197 0.007041
0 0.296238 0.095961 0.004175 0.006088
0 0.275637 0.041213 0.004627 0.006817
0 0.292120 0.099488 0.004616 0.007093
0 0.279954 0.035695 0.003341 0.005291
0 0.332323 0.059252 0.005014 0.006849
0 0.416588 0.107961 0.004277 0.008633
0 0.372561 0.007306 0.005228 0.009215
0 0.367993 0.007428 0.006290 0.010016
0 0.365332 0.081352 0.005274 0.007967
0 0.470907 0.085179 0.005805 0.007303
0 0.442513 0.067066 0.005436 0.008409
0 0.472870 0.018151 0.004995 0.006912
0 0.471461 0.008418 0.005230 0.008151
0 0.469911 0.032138 0.003887 0.007029
0 0.470230 0.073575 0.003443 0.004553
0 0.477572 0.099164 0.004975 0.008052
0 0.473679 0.074216 0.003255 0.004658
0 0.542673 0.035612 0.004778 0.008438
0 0.557676 0.042732 0.004121 0.007887
0 0.564663 0.050919 0.003789 0.005432
0 0.537545 0.018314 0.003758 0.006347
0 0.565755 0.037081 0.003803 0.006089
0 0.764915 0.072480 0.005338 0.007587
0 0.933301 0.090487 0.005987 0.008040
0 0.049223 0.202085 0.004537 0.006889
0 0.073791 0.175926 0.003803 0.005171
0 0.046124 0.216531 0.004409 0.007085
0 0.074719 0.211732 0.003548 0.005467
0 0.106572 0.204510 0.005619 0.008283
0 0.093855 0.161276 0.004806 0.005365
0 0.152158 0.219763 0.004010 0.006103
0 0.115533 0.164957 0.005244 0.005454
0 0.101431 0.198192 0.007328 0.007473
0 0.145306 0.228973 0.004601 0.007809
0 0.170439 0.179056 0.003815 0.005739
0 0.216863 0.185157 0.004490 0.006315
0 0.205436 0.192979 0.003785 0.005585
0 0.322998 0.167618 0.003908 0.006004
0 0.283423 0.221336 0.004211 0.007320
0 0.363570 0.218911 0.005117 0.007024
0 0.392980 0.184339 0.004152 0.007132
0 0.358350 0.209349 0.003940 0.005846
0 0.424847 0.129909 0.003716 0.005341
0 0.521153 0.131392 0.005554 0.008922
0 0.491862 0.153116 0.004317 0.005681
0 0.514953 0.122225 0.005258 0.008649
0 0.485499 0.149231 0.004112 0.007072
0 0.513954 0.131081 0.004452 0.007503
0 0.466255 0.198775 0.004897 0.007668
0 0.487676 0.150985 0.006475 0.007819
0 0.487489 0.152059 0.004241 0.006441
0 0.515077 0.130671 0.006962 0.008569
0 0.480754 0.150234 0.003932 0.005688
0 0.606185 0.185881 0.004216 0.006560
0 0.541868 0.131259 0.003457 0.006052
0 0.538306 0.132868 0.004093 0.006602
0 0.541477 0.131736 0.004525 0.007112
0 0.660405 0.141344 0.003604 0.006138
0 0.747224 0.210510 0.005802 0.007546
0 0.753299 0.211853 0.005472 0.007498
0 0.762645 0.215333 0.005174 0.008237
0 0.759986 0.214723 0.008540 0.009486
0 0.870530 0.190887 0.004253 0.005886
0 0.829663 0.222836 0.004459 0.005871
0 0.020526 0.264665 0.004381 0.006691
0 0.012393 0.257684 0.005676 0.007017
0 0.119219 0.256947 0.003692 0.006237
0 0.145991 0.242131 0.004668 0.007840
0 0.197279 0.342292 0.003990 0.006568
0 0.334678 0.238196 0.003775 0.005688
0 0.301234 0.310468 0.004034 0.005382
0 0.292565 0.329700 0.004634 0.008171
0 0.313821 0.239761 0.004486 0.005584
0 0.402014 0.280301 0.004201 0.007040
0 0.418940 0.253753 0.004210 0.007096
0 0.419702 0.310292 0.004271 0.006500
0 0.418813 0.266111 0.003702 0.005016
0 0.415667 0.304456 0.003949 0.005498
0 0.483368 0.287202 0.004434 0.006925
0 0.501953 0.328368 0.003641 0.005865
0 0.513192 0.254662 0.003668 0.006222
0 0.483083 0.312759 0.003722 0.006043
0 0.470203 0.334697 0.003990 0.005822
0 0.549445 0.323138 0.003889 0.005166
0 0.550599 0.272260 0.004401 0.007244
0 0.531217 0.245382 0.004122 0.005279
0 0.541046 0.264981 0.005555 0.007455
0 0.547160 0.263687 0.005096 0.006889
0 0.535345 0.322529 0.003290 0.005968
0 0.718449 0.262983 0.004410 0.005779
0 0.077606 0.432802 0.004640 0.006341
0 0.163022 0.375569 0.004224 0.007070
0 0.167985 0.386994 0.004472 0.006153
0 0.247651 0.433688 0.003127 0.005789
0 0.292805 0.368991 0.004606 0.006546
0 0.298455 0.404134 0.007395 0.012019
0 0.299808 0.408832 0.005087 0.007475
0 0.297959 0.401983 0.005933 0.007330
0 0.389826 0.383490 0.004592 0.007080
0 0.381085 0.383203 0.004981 0.007427
0 0.386037 0.381134 0.003269 0.005435
0 0.386989 0.383276 0.007991 0.010316
0 0.388125 0.383007 0.008103 0.008799
0 0.443696 0.364080 0.003645 0.005720
0 0.464890 0.425743 0.003530 0.006353
0 0.590116 0.368332 0.005827 0.008123
0 0.585346 0.361757 0.004755 0.008715
0 0.589913 0.367399 0.007156 0.009805
0 0.655239 0.368807 0.004408 0.006577
0 0.661685 0.386331 0.004034 0.006446
0 0.066299 0.522875 0.003625 0.005568
0 0.154870 0.503023 0.005247 0.006952
0 0.145545 0.494597 0.004824 0.006813
0 0.375479 0.526641 0.003891 0.004946
0 0.412769 0.574276 0.003293 0.005149
0 0.393411 0.482907 0.003706 0.006758
0 0.409937 0.570328 0.004610 0.007145
0 0.531487 0.573582 0.003854 0.006694
0 0.689029 0.556269 0.003806 0.005174
0 0.078517 0.608185 0.005645 0.007571
0 0.083852 0.598590 0.003984 0.005481
0 0.192317 0.615908 0.006276 0.009950
0 0.221620 0.637551 0.004249 0.005614
0 0.224678 0.596807 0.003984 0.006876
0 0.274304 0.641514 0.003345 0.005524
0 0.339353 0.642989 0.005055 0.007182
0 0.347026 0.696208 0.003509 0.006417
0 0.307437 0.689857 0.003758 0.005508
0 0.376883 0.651201 0.004886 0.007687
0 0.546355 0.628789 0.005307 0.007217
0 0.545999 0.677153 0.004398 0.007782
0 0.542119 0.673705 0.003786 0.006071
0 0.544727 0.618088 0.003876 0.006152
0 0.620040 0.639651 0.005488 0.008923
0 0.081828 0.771783 0.003098 0.005133
0 0.593764 0.736400 0.004840 0.006895
0 0.745291 0.721918 0.005955 0.009574
0 0.911536 0.825989 0.003781 0.005156
