0 0.188706 0.532088 0.005012 0.008938
0 0.188334 0.485716 0.005061 0.006797
0 0.181032 0.477298 0.006350 0.008587
0 0.179645 0.472076 0.008294 0.008479
0 0.084405 0.589394 0.006629 0.009088
0 0.052428 0.619832 0.004126 0.006960
0 0.167169 0.590173 0.007033 0.010756
0 0.091708 0.589459 0.007977 0.009328
0 0.188693 0.599805 0.006871 0.013652
0 0.389485 0.631373 0.005646 0.007760
0 0.533925 0.712217 0.009021 0.010370
0 0.676008 0.805338 0.008306 0.011062
0 0.768319 0.778756 0.007392 0.011630
0 0.782910 0.774384 0.007295 0.009329
0 0.763301 0.785819 0.007576 0.013440
0 0.779697 0.739721 0.007198 0.008105
0 0.772223 0.801575 0.007548 0.010874
0 0.779293 0.740212 0.007649 0.010574
0 0.787701 0.779882 0.003546 0.009930
0 0.785990 0.742038 0.005791 0.009526
0 0.786916 0.779795 0.005115 0.010579
0 0.813736 0.720241 0.009613 0.012051
0 0.820985 0.780872 0.008425 0.011403
0 0.824266 0.706680 0.008503 0.009720
0 0.822059 0.761672 0.008928 0.010732
0 0.824237 0.791209 0.006968 0.010269
0 0.814040 0.762514 0.008007 0.009148
0 0.819036 0.747381 0.009402 0.015938
0 0.818181 0.790117 0.005677 0.010118
0 0.812372 0.750869 0.009705 0.013388
0 0.825969 0.771854 0.006370 0.006854
0 0.959886 0.712324 0.003494 0.005255
0 0.918697 0.742950 0.002701 0.005146
0 0.960354 0.712868 0.004691 0.005951
0 0.843249 0.866524 0.009095 0.011827
0 0.834518 0.868595 0.008558 0.011960
0 0.867236 0.856599 0.005335 0.009959
0 0.875541 0.893072 0.003305 0.011106
0 0.858656 0.868212 0.008164 0.011074
0 0.894536 0.837331 0.007483 0.010270
0 0.891684 0.841139 0.012194 0.015316
0 0.888760 0.842369 0.008099 0.012348
0 0.917888 0.919266 0.009170 0.012077
0 0.905184 0.899147 0.009502 0.016046
