0 0.327170 0.213069 0.007008 0.008972
0 0.680555 0.300554 0.006641 0.009951
0 0.807151 0.291248 0.007417 0.010386
0 0.461487 0.400981 0.006282 0.008403
0 0.427057 0.572524 0.006639 0.008915
0 0.276069 0.632798 0.007589 0.009663
0 0.394029 0.746927 0.006007 0.008733
0 0.671243 0.728905 0.006973 0.010941
0 0.769897 0.765665 0.008526 0.012448
0 0.745934 0.758869 0.007927 0.011008
0 0.735292 0.717731 0.007314 0.012451
0 0.752128 0.713542 0.002987 0.004410
0 0.846864 0.726320 0.008424 0.010701
0 0.752034 0.840376 0.004521 0.005329
