0 0.947533 0.445141 0.007253 0.009154
0 0.505120 0.551444 0.007112 0.009973
0 0.562710 0.574293 0.005330 0.005908
0 0.787607 0.493976 0.003733 0.008600
0 0.070732 0.690440 0.003469 0.005566
0 0.368775 0.613050 0.007306 0.010182
0 0.465200 0.599065 0.006298 0.007805
0 0.109148 0.804149 0.005194 0.006768
0 0.479663 0.742695 0.006165 0.005479
0 0.848947 0.814153 0.006685 0.008359
0 0.801303 0.721721 0.009036 0.011422
0 0.849775 0.814298 0.008987 0.008831
0 0.818792 0.758741 0.004682 0.004251
0 0.854022 0.809352 0.005369 0.008630
0 0.845839 0.797931 0.010105 0.018384
