0 0.750469 0.194641 0.003853 0.005339
0 0.866731 0.163754 0.004059 0.007425
0 0.753346 0.462308 0.005212 0.007133
0 0.717887 0.411834 0.004658 0.007758
0 0.085761 0.540354 0.003916 0.014325
0 0.436825 0.499815 0.003543 0.014724
0 0.129338 0.645123 0.007707 0.010492
0 0.253444 0.609566 0.005065 0.008772
0 0.185849 0.622582 0.004656 0.008290
0 0.607063 0.611963 0.006066 0.007856
0 0.170538 0.782322 0.005862 0.010028
0 0.261082 0.808149 0.004151 0.010810
0 0.323211 0.776249 0.009566 0.010640
0 0.771675 0.760950 0.004610 0.006462
0 0.731734 0.706380 0.011725 0.008855
0 0.749248 0.782547 0.009895 0.011178
0 0.816207 0.798638 0.004105 0.006244
0 0.310691 0.912259 0.005096 0.005404
0 0.408745 0.828872 0.003789 0.005599
0 0.549937 0.860699 0.004117 0.005458
