0 0.371150 0.078231 0.003843 0.007457
0 0.403622 0.070834 0.004149 0.006037
0 0.514599 0.064018 0.005383 0.008494
0 0.522228 0.052626 0.004615 0.007070
0 0.496432 0.094825 0.007687 0.010580
0 0.443436 0.099555 0.008349 0.011957
0 0.517690 0.050121 0.004947 0.008521
0 0.502898 0.065009 0.007979 0.006945
0 0.529440 0.094936 0.003733 0.005558
0 0.595711 0.100497 0.004281 0.005632
0 0.687964 0.089514 0.005642 0.007521
0 0.688746 0.020827 0.005129 0.008110
0 0.694118 0.092727 0.004253 0.006433
0 0.693965 0.016371 0.005665 0.007320
0 0.698538 0.022369 0.005931 0.009951
0 0.697243 0.021348 0.008359 0.011843
0 0.720840 0.028602 0.006046 0.008701
0 0.711793 0.025087 0.003469 0.004890
0 0.767342 0.047844 0.003960 0.005795
0 0.720981 0.067188 0.003267 0.005636
0 0.885303 0.100583 0.004652 0.005976
0 0.897606 0.088917 0.004034 0.005741
0 0.885353 0.101008 0.005441 0.007840
0 0.065788 0.213483 0.003287 0.005406
0 0.264874 0.225142 0.003433 0.006108
0 0.337112 0.221246 0.004749 0.006952
0 0.407276 0.178723 0.006039 0.008177
0 0.454257 0.213090 0.004022 0.008557
0 0.460055 0.162776 0.006179 0.007624
0 0.564623 0.209022 0.006270 0.009315
0 0.554663 0.226800 0.005339 0.008192
0 0.558532 0.200658 0.005803 0.007781
0 0.612308 0.185245 0.003455 0.008235
0 0.560139 0.219706 0.004990 0.007330
0 0.562519 0.200425 0.003879 0.006157
0 0.559610 0.200338 0.008462 0.008642
0 0.558464 0.203097 0.005936 0.013752
0 0.617358 0.180170 0.006160 0.008065
0 0.618327 0.180519 0.007627 0.007966
0 0.639054 0.187450 0.005767 0.008434
0 0.641160 0.224812 0.006709 0.008048
0 0.627138 0.186444 0.006806 0.009440
0 0.823245 0.190354 0.003859 0.005732
0 0.131143 0.245525 0.006146 0.008379
0 0.158263 0.306894 0.004096 0.006799
0 0.140721 0.281495 0.003972 0.006422
0 0.318753 0.307842 0.004234 0.006290
0 0.653672 0.247720 0.005563 0.009413
0 0.662139 0.285083 0.006165 0.010331
0 0.644591 0.336960 0.004028 0.006576
0 0.655330 0.302279 0.005532 0.009319
0 0.624331 0.274835 0.005109 0.007374
0 0.648896 0.293097 0.005578 0.007635
0 0.787627 0.277378 0.003693 0.009286
0 0.808138 0.260867 0.006533 0.009960
0 0.798993 0.279644 0.005549 0.008754
0 0.798321 0.279318 0.003952 0.007585
0 0.139867 0.423810 0.006061 0.008376
0 0.133936 0.429692 0.004850 0.007164
0 0.164069 0.431302 0.005488 0.010034
0 0.124874 0.416468 0.005103 0.006194
0 0.104813 0.378579 0.006108 0.009771
0 0.148637 0.381500 0.005001 0.005841
0 0.165162 0.431126 0.007946 0.010381
0 0.186008 0.429012 0.005859 0.007688
0 0.266465 0.393625 0.004624 0.007321
0 0.378447 0.440484 0.003630 0.005928
0 0.477124 0.442831 0.006655 0.010435
0 0.471909 0.429490 0.006024 0.008888
0 0.501064 0.425150 0.004328 0.005930
0 0.586295 0.385199 0.004030 0.006037
0 0.592516 0.382030 0.004598 0.006480
0 0.679676 0.459422 0.004933 0.007053
0 0.682494 0.377162 0.004348 0.007125
0 0.715680 0.361126 0.003863 0.005881
0 0.711722 0.358281 0.004316 0.005301
0 0.708147 0.413563 0.005615 0.009604
0 0.940744 0.423526 0.005091 0.007926
0 0.936472 0.426304 0.005085 0.008747
0 0.187738 0.526765 0.004951 0.006382
0 0.186303 0.497796 0.004437 0.006315
0 0.181181 0.492482 0.005522 0.006043
0 0.197325 0.506795 0.003852 0.005360
0 0.316351 0.482431 0.004157 0.007030
0 0.288480 0.544972 0.004449 0.006088
0 0.435955 0.559546 0.004256 0.005794
0 0.429099 0.560260 0.006194 0.008023
0 0.477693 0.554882 0.004926 0.007766
0 0.501127 0.560228 0.004178 0.006328
0 0.476590 0.497731 0.003606 0.007969
0 0.684903 0.546437 0.004489 0.007127
0 0.767032 0.573021 0.006128 0.009790
0 0.751359 0.528789 0.005351 0.008175
0 0.744575 0.569005 0.007145 0.009765
0 0.715741 0.561943 0.005613 0.010214
0 0.777443 0.566888 0.004975 0.006929
0 0.704103 0.517092 0.004672 0.008232
0 0.780220 0.545810 0.005601 0.007443
0 0.794333 0.544014 0.007667 0.006829
0 0.800671 0.546961 0.005240 0.007404
0 0.886253 0.484972 0.003828 0.005766
0 0.951825 0.514305 0.004446 0.005705
0 0.109159 0.588343 0.006621 0.005410
0 0.398948 0.680245 0.004993 0.008724
0 0.398598 0.622853 0.005199 0.007790
0 0.781015 0.628350 0.007546 0.011104
0 0.736796 0.643695 0.005173 0.007408
0 0.126752 0.720814 0.004374 0.004984
0 0.282466 0.731786 0.004274 0.005300
0 0.835606 0.754972 0.003560 0.005216
