0 0.056743 0.482639 0.008772 0.014985
0 0.610197 0.448465 0.007675 0.015351
0 0.756579 0.832785 0.007127 0.012792
0 0.478755 0.722588 0.009046 0.016082
0 0.483827 0.366776 0.008224 0.013523
0 0.096902 0.851243 0.009046 0.016813
0 0.502878 0.459613 0.008498 0.014254
0 0.389391 0.483187 0.007401 0.010234
0 0.115954 0.180921 0.010965 0.016813
0 0.312363 0.794956 0.009046 0.016082
0 0.792900 0.694810 0.003564 0.010965
0 0.689693 0.809393 0.007127 0.012061
0 0.798109 0.840643 0.007950 0.012427
0 0.396656 0.250000 0.012061 0.014620
0 0.051809 0.160088 0.010417 0.013158
0 0.313734 0.487756 0.006853 0.011330
0 0.326754 0.485928 0.006579 0.012061
0 0.616228 0.610746 0.002193 0.012427
0 0.452440 0.256213 0.009594 0.011696
0 0.624863 0.775585 0.006853 0.012427
0 0.739446 0.618787 0.007950 0.012427
0 0.565241 0.764437 0.006579 0.011330
0 0.539748 0.436038 0.009320 0.012427
0 0.890214 0.873173 0.009046 0.011696
0 0.112116 0.322368 0.009320 0.021199
0 0.462445 0.867325 0.009868 0.016082
0 0.034265 0.250731 0.014254 0.016813
0 0.027001 0.149123 0.011239 0.015351
0 0.533991 0.445724 0.007675 0.013523
0 0.215872 0.411367 0.008498 0.012792
0 0.235197 0.506762 0.008772 0.012792
0 0.494380 0.669408 0.009594 0.014985
0 0.448054 0.765716 0.009046 0.013158
0 0.604715 0.779788 0.007127 0.011330
0 0.302083 0.798063 0.006579 0.011330
0 0.228070 0.497624 0.009320 0.014985
0 0.761924 0.729349 0.007950 0.010599
0 0.065104 0.502193 0.007950 0.010965
0 0.138158 0.918860 0.009320 0.013158
0 0.085252 0.881396 0.004386 0.014254
0 0.958607 0.842105 0.007127 0.010965
0 0.357456 0.808297 0.006579 0.012792
0 0.709841 0.377010 0.007401 0.011330
0 0.523300 0.448099 0.005482 0.013889
0 0.742462 0.491045 0.006305 0.010599
0 0.766173 0.721674 0.008772 0.011330
0 0.908443 0.492325 0.006579 0.008041
0 0.896793 0.883955 0.009046 0.012061
0 0.063596 0.776864 0.010965 0.014254
0 0.095532 0.150219 0.007950 0.013889
0 0.373081 0.324744 0.010417 0.012792
0 0.377741 0.458882 0.009868 0.009868
0 0.095943 0.170322 0.008224 0.010965
0 0.017133 0.244152 0.012336 0.010234
0 0.370888 0.672149 0.007675 0.011696
0 0.568531 0.281250 0.008224 0.010599
0 0.689830 0.578216 0.006305 0.009503
0 0.557840 0.724963 0.006579 0.009137
0 0.596354 0.372259 0.006305 0.012792
0 0.293174 0.495797 0.006853 0.010599
0 0.405428 0.273575 0.009320 0.013523
0 0.578673 0.452851 0.007675 0.011696
0 0.491913 0.683845 0.006853 0.011696
0 0.625137 0.424708 0.010143 0.013889
0 0.678317 0.930738 0.009046 0.009868
0 0.690104 0.824744 0.008498 0.006213
0 0.730263 0.419773 0.007675 0.011330
0 0.132264 0.317800 0.012336 0.014985
0 0.894874 0.385234 0.006305 0.008772
0 0.473410 0.844846 0.008772 0.015716
0 0.551398 0.848684 0.005757 0.008772
0 0.611979 0.611659 0.003564 0.009137
0 0.419134 0.269189 0.010417 0.012792
0 0.841283 0.310124 0.006579 0.010599
0 0.010554 0.922697 0.009594 0.013523
0 0.530154 0.496893 0.003838 0.012061
0 0.670093 0.843933 0.007401 0.010965
0 0.487664 0.373904 0.007127 0.011696
0 0.669682 0.325110 0.007127 0.009868
0 0.099370 0.472039 0.007401 0.004020
0 0.516584 0.459247 0.007401 0.012061
0 0.516859 0.512061 0.007950 0.010965
0 0.553728 0.560124 0.009320 0.013523
0 0.059622 0.635599 0.004112 0.009503
0 0.499315 0.409722 0.006853 0.010965
0 0.222725 0.523757 0.005757 0.009503
0 0.422560 0.632127 0.009046 0.011330
0 0.536184 0.362573 0.008772 0.011696
0 0.603893 0.274488 0.006579 0.009503
0 0.829359 0.890716 0.009594 0.012427
0 0.514529 0.478253 0.011513 0.010599
0 0.155291 0.214730 0.010143 0.012792
0 0.891036 0.374817 0.007401 0.008406
0 0.041667 0.149123 0.011513 0.013158
0 0.022204 0.255482 0.013158 0.013889
0 0.428454 0.312683 0.006579 0.011330
0 0.896245 0.850512 0.007950 0.011696
0 0.547012 0.806835 0.006305 0.009868
0 0.124863 0.365314 0.009594 0.011330
0 0.773026 0.561221 0.006579 0.010599
0 0.166118 0.414474 0.008772 0.012427
0 0.298520 0.479349 0.007675 0.009137
0 0.840735 0.779423 0.007127 0.009868
0 0.714775 0.457054 0.005757 0.008406
0 0.941886 0.627741 0.006031 0.009137
0 0.734512 0.710526 0.006305 0.008772
0 0.949013 0.452668 0.008772 0.011330
0 0.368558 0.635599 0.007950 0.011696
0 0.584704 0.457785 0.007127 0.012792
0 0.473273 0.800439 0.009594 0.015351
0 0.125548 0.378107 0.012061 0.014985
0 0.554139 0.262975 0.008498 0.012792
0 0.794271 0.567434 0.004660 0.008406
0 0.406113 0.355446 0.008498 0.004751
0 0.779194 0.560855 0.007950 0.011330
0 0.355948 0.179825 0.005208 0.010965
0 0.320587 0.478801 0.006305 0.009503
0 0.705044 0.173246 0.003289 0.008772
0 0.192982 0.228984 0.009320 0.009868
0 0.851288 0.311769 0.006305 0.008772
0 0.366639 0.803180 0.007401 0.011330
0 0.288377 0.491228 0.008224 0.015351
0 0.118558 0.570175 0.009594 0.011696
0 0.521107 0.222953 0.006031 0.008772
0 0.829359 0.304642 0.004660 0.008406
0 0.217516 0.247259 0.004660 0.006944
0 0.724232 0.355263 0.008772 0.004386
0 0.450932 0.287829 0.010417 0.014254
0 0.352659 0.493604 0.001919 0.011330
0 0.057018 0.858370 0.008772 0.009868
0 0.713268 0.463816 0.005482 0.008041
0 0.848684 0.896564 0.007127 0.010234
0 0.548657 0.574196 0.010691 0.015351
0 0.491776 0.256762 0.006031 0.009868
0 0.108690 0.283443 0.011239 0.017178
0 0.766859 0.527778 0.006305 0.008041
0 0.567982 0.757493 0.007127 0.008406
0 0.554413 0.681652 0.007401 0.008772
0 0.856771 0.400768 0.005757 0.007675
0 0.595121 0.625914 0.007127 0.012061
0 0.887610 0.542580 0.005482 0.007675
0 0.512473 0.251827 0.006853 0.009503
0 0.463268 0.399306 0.006031 0.007675
0 0.421875 0.644554 0.008772 0.012061
0 0.436952 0.761879 0.002741 0.012792
0 0.599781 0.628472 0.007675 0.009868
0 0.335938 0.144371 0.010691 0.014620
0 0.485883 0.680007 0.008498 0.014254
0 0.431332 0.750914 0.005757 0.009137
0 0.696820 0.594664 0.007675 0.008041
0 0.119243 0.166849 0.013706 0.014985
0 0.916667 0.484466 0.004934 0.009137
0 0.410773 0.342836 0.008498 0.010234
0 0.835115 0.567800 0.007950 0.009137
0 0.449287 0.245797 0.007675 0.011330
0 0.510965 0.561952 0.008224 0.016447
0 0.300027 0.242507 0.004660 0.008406
0 0.538240 0.497259 0.005757 0.008406
0 0.302083 0.461440 0.011513 0.012792
0 0.922560 0.612208 0.005208 0.008041
0 0.324013 0.458516 0.011513 0.017909
0 0.678180 0.363304 0.006579 0.010234
0 0.030428 0.844664 0.006579 0.007310
0 0.189282 0.413377 0.006305 0.008041
0 0.161184 0.481542 0.008772 0.009137
0 0.903920 0.864766 0.010691 0.013158
0 0.593750 0.659357 0.007675 0.010234
0 0.137747 0.394189 0.006853 0.009868
0 0.479304 0.418494 0.007950 0.013158
0 0.563734 0.554825 0.007950 0.011696
0 0.296875 0.794225 0.008224 0.012427
0 0.256305 0.226608 0.007675 0.014620
0 0.432292 0.620797 0.008224 0.009868
0 0.755345 0.709795 0.007950 0.008041
0 0.947094 0.745797 0.007127 0.009137
0 0.705592 0.382858 0.003838 0.008406
0 0.601974 0.252741 0.007127 0.013523
0 0.953125 0.881944 0.014803 0.025585
0 0.754934 0.822368 0.005482 0.003655
0 0.726562 0.504203 0.006305 0.010599
0 0.181332 0.795504 0.005757 0.019371
0 0.474918 0.334247 0.006305 0.008406
0 0.149945 0.240314 0.009320 0.006213
0 0.615269 0.768275 0.001371 0.010965
0 0.215598 0.399123 0.006853 0.010234
0 0.366639 0.463999 0.007950 0.007675
0 0.452714 0.694810 0.009594 0.013889
0 0.814145 0.739949 0.012610 0.012061
0 0.312637 0.475329 0.004660 0.007675
0 0.458470 0.741959 0.009046 0.015351
0 0.938871 0.633955 0.005482 0.007675
0 0.490817 0.488852 0.009046 0.011330
0 0.739309 0.747076 0.007127 0.009503
0 0.543037 0.500000 0.006031 0.008041
0 0.682840 0.451206 0.006579 0.009137
0 0.622670 0.650402 0.005757 0.010599
0 0.576617 0.280519 0.009046 0.011330
0 0.764803 0.828216 0.008224 0.009503
0 0.150768 0.409722 0.008772 0.010965
0 0.604852 0.629203 0.006853 0.010599
0 0.609649 0.285453 0.005482 0.009503
0 0.497122 0.539291 0.009046 0.011330
0 0.704496 0.245797 0.002741 0.006944
0 0.847177 0.906250 0.006853 0.009137
0 0.618969 0.601060 0.004934 0.011330
0 0.151042 0.621345 0.008772 0.009503
0 0.130345 0.925439 0.009594 0.013158
0 0.511650 0.643458 0.009594 0.014254
0 0.638432 0.427266 0.007127 0.011696
0 0.382127 0.478618 0.009868 0.009137
0 0.619380 0.464547 0.005208 0.006579
0 0.432703 0.309211 0.005208 0.008772
0 0.095258 0.901681 0.007401 0.015351
0 0.870066 0.398757 0.006031 0.009503
0 0.309073 0.755482 0.006305 0.008772
0 0.324973 0.462902 0.008498 0.009868
0 0.842105 0.291667 0.006579 0.008041
0 0.347999 0.270102 0.005208 0.007310
0 0.841831 0.483370 0.004386 0.006944
0 0.863076 0.396564 0.006853 0.008772
0 0.683662 0.346308 0.008772 0.008406
0 0.577714 0.762244 0.007950 0.010599
0 0.291118 0.839912 0.010965 0.015351
0 0.919682 0.766630 0.007675 0.011330
0 0.524534 0.253655 0.003564 0.008772
0 0.561815 0.543677 0.007401 0.009137
0 0.469298 0.332237 0.006579 0.009503
0 0.375685 0.242142 0.005757 0.006213
0 0.468339 0.257493 0.006305 0.007675
0 0.159128 0.801170 0.007401 0.007310
0 0.923657 0.368238 0.004112 0.006944
0 0.925713 0.882127 0.005482 0.009137
0 0.727248 0.648575 0.007127 0.007675
0 0.532895 0.631396 0.006579 0.009137
0 0.372944 0.641265 0.006853 0.009868
0 0.462582 0.229898 0.006853 0.007310
0 0.909539 0.337171 0.007127 0.007675
0 0.528098 0.447917 0.001919 0.012061
0 0.658717 0.322186 0.007127 0.012061
0 0.318805 0.681469 0.005482 0.006944
0 0.401453 0.666484 0.004112 0.007675
0 0.600603 0.267361 0.006031 0.008406
0 0.476562 0.768640 0.005757 0.010234
0 0.694490 0.458151 0.007401 0.014985
0 0.469572 0.401133 0.006579 0.009137
0 0.881031 0.822551 0.003838 0.004020
0 0.131716 0.107822 0.004660 0.006579
0 0.180510 0.591557 0.005208 0.006944
0 0.414200 0.637061 0.009868 0.012427
0 0.904879 0.732456 0.005482 0.008772
0 0.707648 0.246162 0.003564 0.006213
0 0.855263 0.387610 0.007675 0.014254
0 0.753975 0.713633 0.005208 0.006944
0 0.185307 0.588268 0.004386 0.003289
0 0.628838 0.471674 0.010965 0.004020
0 0.612390 0.283808 0.003289 0.009137
0 0.539748 0.803180 0.006579 0.010599
0 0.115954 0.372076 0.007127 0.009503
0 0.880894 0.824744 0.003564 0.006213
0 0.802632 0.692251 0.008772 0.011696
0 0.559759 0.759686 0.007127 0.010599
0 0.961760 0.706323 0.004660 0.004751
0 0.616639 0.285270 0.002467 0.008406
0 0.336075 0.547515 0.006031 0.009503
0 0.954084 0.787281 0.007401 0.007310
0 0.557018 0.722588 0.010417 0.014620
0 0.776042 0.488304 0.007127 0.010234
0 0.312774 0.455775 0.009320 0.008772
0 0.266310 0.506579 0.003015 0.010234
0 0.835526 0.654423 0.007127 0.010599
0 0.097588 0.182749 0.009868 0.016813
0 0.603755 0.317434 0.004660 0.007675
0 0.809759 0.827303 0.008224 0.008406
0 0.568805 0.537463 0.008224 0.014254
0 0.827577 0.567982 0.007675 0.009503
0 0.105263 0.164108 0.008224 0.011696
0 0.729441 0.707602 0.008224 0.005848
0 0.382538 0.324927 0.011239 0.014620
0 0.623629 0.440607 0.009320 0.014254
0 0.549753 0.814145 0.006853 0.008406
0 0.144737 0.407164 0.004934 0.006579
0 0.625548 0.286001 0.006579 0.007675
0 0.800027 0.707785 0.010691 0.006213
0 0.257675 0.870980 0.006031 0.009503
0 0.309896 0.515168 0.009594 0.009868
0 0.855674 0.391447 0.006305 0.007310
0 0.842379 0.437865 0.004386 0.006579
0 0.881716 0.687500 0.004660 0.013889
0 0.693531 0.461623 0.005482 0.008041
0 0.477248 0.249269 0.003289 0.005848
0 0.723958 0.514254 0.006031 0.011696
0 0.008087 0.345395 0.007950 0.010965
0 0.405976 0.278874 0.011513 0.023392
0 0.512610 0.823099 0.003289 0.004386
0 0.843613 0.476974 0.006853 0.005848
0 0.917078 0.400585 0.004660 0.005848
0 0.609375 0.598684 0.006579 0.008041
0 0.902275 0.661184 0.004660 0.007310
0 0.610746 0.310673 0.006031 0.010965
0 0.564693 0.902230 0.011513 0.013523
0 0.222177 0.785453 0.007401 0.008041
0 0.512198 0.238852 0.004660 0.004751
0 0.898163 0.369335 0.005208 0.008406
0 0.899397 0.376096 0.009320 0.019737
0 0.515214 0.260051 0.005757 0.008406
0 0.249315 0.573282 0.009594 0.012061
0 0.835800 0.473867 0.005482 0.006213
0 0.060718 0.473684 0.006305 0.005848
0 0.366776 0.371528 0.009868 0.010599
0 0.698054 0.434028 0.005757 0.009868
0 0.266036 0.749635 0.003015 0.010965
0 0.577577 0.347039 0.008224 0.006944
0 0.185033 0.578765 0.006579 0.009137
0 0.197780 0.131762 0.004112 0.007675
0 0.433525 0.703947 0.009594 0.002193
0 0.124315 0.326389 0.007401 0.011696
0 0.617188 0.846308 0.003015 0.011330
0 0.734101 0.345395 0.013706 0.010965
0 0.706826 0.864766 0.005208 0.013158
0 0.603893 0.617142 0.007127 0.007675
0 0.446820 0.698465 0.004934 0.006579
0 0.766036 0.513341 0.006305 0.009137
0 0.899260 0.633589 0.005208 0.006944
0 0.774671 0.491959 0.011513 0.019006
0 0.056469 0.250914 0.012061 0.012792
0 0.795504 0.691338 0.006031 0.012061
0 0.434211 0.439327 0.008224 0.016082
0 0.188048 0.790753 0.012610 0.020833
0 0.089364 0.902595 0.001645 0.009868
0 0.424342 0.304094 0.008224 0.009503
0 0.081826 0.870797 0.011787 0.021564
0 0.664611 0.355446 0.007950 0.004751
0 0.836349 0.340278 0.006031 0.005848
0 0.415570 0.548428 0.007675 0.012792
0 0.466009 0.793494 0.007675 0.013158
0 0.621573 0.718933 0.006305 0.010234
0 0.431469 0.622990 0.010965 0.014985
0 0.707237 0.276681 0.003838 0.005848
0 0.416804 0.667215 0.009046 0.011330
0 0.442023 0.761148 0.003564 0.014985
0 0.728344 0.691703 0.007675 0.006213
0 0.138158 0.161367 0.007675 0.013523
0 0.806058 0.843019 0.006305 0.007675
0 0.470258 0.891265 0.005208 0.008406
0 0.280154 0.581689 0.008224 0.006213
0 0.226014 0.236294 0.005757 0.002558
0 0.192845 0.236294 0.008498 0.002558
0 0.467928 0.242873 0.006031 0.009137
0 0.348684 0.492873 0.003289 0.013523
0 0.306880 0.487756 0.006853 0.011330
0 0.258224 0.270285 0.007127 0.009868
0 0.578125 0.292763 0.006031 0.008772
0 0.696272 0.837171 0.007675 0.009137
0 0.935992 0.403143 0.005757 0.006579
0 0.251508 0.610197 0.007401 0.011330
0 0.872807 0.410453 0.005482 0.006579
0 0.422012 0.320906 0.005757 0.008041
0 0.668311 0.339730 0.009320 0.009868
0 0.261102 0.749452 0.004112 0.011330
0 0.134320 0.112390 0.004934 0.005482
0 0.611020 0.610380 0.003838 0.010234
0 0.106497 0.199196 0.007950 0.010965
0 0.306058 0.725146 0.009594 0.016082
0 0.689967 0.180007 0.004386 0.006213
0 0.702303 0.863852 0.000548 0.010599
0 0.028783 0.734284 0.004386 0.005848
0 0.675439 0.346126 0.007127 0.007310
0 0.676398 0.821637 0.006853 0.002924
0 0.628152 0.406250 0.011787 0.014254
0 0.003975 0.645285 0.004112 0.010599
0 0.962034 0.888889 0.005208 0.010234
0 0.444764 0.712719 0.006305 0.008041
0 0.328673 0.678363 0.008772 0.012427
0 0.687911 0.185673 0.004660 0.006579
0 0.142544 0.328765 0.006579 0.009137
0 0.578810 0.337719 0.009046 0.010965
0 0.359649 0.794408 0.008772 0.013523
0 0.680784 0.199927 0.004112 0.007310
0 0.686404 0.330409 0.004386 0.007310
0 0.456826 0.531250 0.004660 0.006213
0 0.954907 0.705409 0.007401 0.003655
0 0.765077 0.712902 0.007675 0.008406
0 0.683799 0.353253 0.007950 0.002558
0 0.502467 0.183480 0.004386 0.006579
0 0.213268 0.774306 0.008772 0.012792
0 0.357456 0.146747 0.004386 0.009868
0 0.664337 0.578582 0.010691 0.012427
0 0.629112 0.464547 0.010965 0.005848
0 0.604578 0.311769 0.008498 0.023392
0 0.913788 0.880665 0.011787 0.020102
0 0.834019 0.621162 0.004660 0.008406
0 0.669545 0.469846 0.007401 0.001827
0 0.918448 0.530702 0.008498 0.008772
0 0.242873 0.461988 0.005482 0.008041
0 0.688596 0.427814 0.007127 0.009868
0 0.527961 0.254386 0.001645 0.009503
0 0.705181 0.182018 0.003564 0.006579
0 0.091009 0.319444 0.003289 0.010965
0 0.886239 0.412281 0.004934 0.005848
0 0.217379 0.673611 0.008772 0.010234
0 0.522478 0.293311 0.007127 0.008406
0 0.724644 0.347953 0.008498 0.005117
0 0.699287 0.590643 0.004934 0.005848
0 0.112253 0.375914 0.014529 0.016447
0 0.806195 0.841740 0.008772 0.012427
0 0.523575 0.805738 0.004934 0.009137
0 0.658443 0.691886 0.004934 0.006579
0 0.399945 0.614218 0.007675 0.007675
0 0.772752 0.609466 0.008224 0.010599
0 0.566475 0.877193 0.006305 0.008772
0 0.157758 0.110746 0.004660 0.005848
0 0.546875 0.571637 0.006031 0.009503
0 0.435992 0.303545 0.004660 0.007675
0 0.347451 0.491594 0.004112 0.008041
0 0.424753 0.287098 0.006853 0.014985
0 0.414611 0.290022 0.006305 0.007675
0 0.005071 0.715278 0.005208 0.012427
0 0.814419 0.823648 0.006579 0.004751
0 0.577988 0.420322 0.006853 0.008772
0 0.519600 0.176352 0.005208 0.007675
0 0.005345 0.475146 0.005208 0.007310
0 0.929550 0.406981 0.003838 0.005482
0 0.384320 0.564693 0.007127 0.010234
0 0.745066 0.493421 0.005482 0.008772
0 0.467654 0.857091 0.007127 0.010234
0 0.695861 0.451937 0.004660 0.005482
0 0.847999 0.426352 0.004112 0.005482
0 0.333333 0.146016 0.005482 0.012061
0 0.182018 0.595943 0.006579 0.011330
0 0.642955 0.528326 0.010143 0.014985
0 0.791667 0.598684 0.002193 0.008041
0 0.094709 0.884503 0.006853 0.021930
0 0.756579 0.721308 0.009320 0.010599
0 0.551809 0.493787 0.004386 0.006579
0 0.242188 0.609101 0.010143 0.012792
0 0.556332 0.847770 0.005208 0.010599
0 0.614583 0.599781 0.000548 0.013158
0 0.569079 0.347588 0.006031 0.006579
0 0.080455 0.003838 0.005208 0.004020
0 0.089227 0.798428 0.001371 0.009137
0 0.014254 0.755848 0.007127 0.008041
0 0.139666 0.112756 0.004660 0.006944
0 0.521793 0.154605 0.005208 0.007310
0 0.097588 0.654057 0.009868 0.016447
0 0.156387 0.403874 0.009046 0.010965
0 0.727796 0.262244 0.004934 0.006944
0 0.239583 0.561038 0.005482 0.007310
0 0.086623 0.224050 0.002193 0.013889
0 0.511376 0.239949 0.010143 0.006213
0 0.468750 0.738852 0.007127 0.012061
0 0.518229 0.301901 0.005757 0.007310
0 0.899945 0.379934 0.006579 0.008406
0 0.126782 0.852339 0.009046 0.012427
0 0.305236 0.477887 0.004660 0.007675
0 0.508909 0.239218 0.004112 0.005482
0 0.528646 0.237573 0.002467 0.003655
0 0.467928 0.710344 0.008772 0.008406
0 0.560307 0.485563 0.003838 0.006213
0 0.481086 0.249452 0.004386 0.007675
0 0.610746 0.767727 0.004934 0.012061
0 0.228207 0.622807 0.008498 0.011696
0 0.912692 0.399854 0.003564 0.005117
0 0.429276 0.266813 0.011513 0.013158
0 0.093339 0.322003 0.005757 0.016082
0 0.839638 0.693713 0.004386 0.007310
0 0.546738 0.530702 0.004660 0.005848
0 0.316475 0.686952 0.007950 0.009137
0 0.905291 0.763523 0.006305 0.005848
0 0.055373 0.565972 0.007127 0.013523
0 0.510828 0.216374 0.004112 0.007310
0 0.328536 0.494883 0.006853 0.009503
0 0.328125 0.473867 0.006579 0.006213
0 0.839912 0.465643 0.005482 0.004386
0 0.329221 0.362390 0.004934 0.007675
0 0.674479 0.697186 0.006853 0.009137
0 0.052357 0.412829 0.007127 0.017178
0 0.871985 0.594115 0.003289 0.004751
0 0.671875 0.362208 0.007675 0.008772
0 0.356908 0.829861 0.006031 0.011330
0 0.314693 0.476425 0.006031 0.008406
0 0.096491 0.761513 0.008772 0.019371
0 0.878427 0.414656 0.001371 0.008406
0 0.799342 0.699744 0.009868 0.004020
0 0.696957 0.885599 0.009594 0.019737
0 0.549890 0.820175 0.006031 0.001462
0 0.869655 0.632127 0.004112 0.009868
0 0.725055 0.256579 0.003838 0.005848
0 0.058799 0.410453 0.009046 0.017544
0 0.544545 0.708151 0.006853 0.006213
0 0.570998 0.868969 0.004934 0.007675
0 0.202303 0.829678 0.007675 0.010965
0 0.344709 0.146199 0.006853 0.015351
0 0.353070 0.005848 0.002193 0.005848
0 0.963816 0.707420 0.002193 0.005482
0 0.448602 0.287098 0.005208 0.012792
0 0.279742 0.588450 0.010691 0.003655
0 0.436266 0.278874 0.004112 0.010234
0 0.698328 0.201937 0.004660 0.006213
0 0.016310 0.478618 0.010143 0.010599
0 0.434211 0.443531 0.006579 0.007675
0 0.142407 0.228984 0.010691 0.009868
0 0.699013 0.315241 0.004934 0.006944
0 0.836623 0.751462 0.008224 0.008772
0 0.769463 0.748538 0.007675 0.009503
0 0.057429 0.239035 0.014529 0.005117
0 0.927906 0.629203 0.004934 0.006944
0 0.875137 0.831140 0.003564 0.011696
0 0.317160 0.072368 0.008772 0.024123
0 0.876371 0.823099 0.001645 0.004386
0 0.436678 0.752376 0.003838 0.009137
0 0.361979 0.829861 0.005757 0.011330
0 0.002056 0.752924 0.001919 0.008041
0 0.563185 0.551170 0.010691 0.020468
0 0.440241 0.303728 0.001645 0.008041
0 0.735060 0.486842 0.007401 0.009503
0 0.826617 0.799890 0.013432 0.012061
0 0.618695 0.286732 0.003838 0.008406
0 0.730263 0.620431 0.008224 0.013523
0 0.737664 0.896564 0.007675 0.012427
0 0.312911 0.551535 0.007401 0.012427
0 0.267955 0.856725 0.004660 0.020468
0 0.436952 0.822551 0.003289 0.004020
0 0.544408 0.738304 0.006031 0.008041
0 0.352111 0.739583 0.001371 0.019371
0 0.218750 0.515899 0.007127 0.007675
0 0.917763 0.908808 0.015899 0.013523
0 0.406661 0.348136 0.007950 0.004751
0 0.015351 0.759686 0.009868 0.014985
0 0.958470 0.735197 0.004660 0.008406
0 0.729304 0.694262 0.010143 0.014985
0 0.845258 0.316703 0.005208 0.008406
0 0.557429 0.485380 0.003015 0.005848
0 0.062363 0.845395 0.010691 0.013158
0 0.620066 0.851060 0.006031 0.010599
0 0.061952 0.842654 0.004386 0.006213
0 0.627467 0.723501 0.006579 0.009868
0 0.377056 0.231360 0.008498 0.005117
0 0.721902 0.514985 0.011787 0.014620
0 0.771656 0.487390 0.006579 0.008406
0 0.432566 0.698648 0.008224 0.005482