0 0.814008 0.720577 0.009594 0.011330
0 0.905428 0.898575 0.009320 0.014985
0 0.867188 0.856360 0.005757 0.010234
0 0.577303 0.618969 0.005482 0.011330
0 0.763980 0.786001 0.007127 0.012061
0 0.188596 0.599050 0.006031 0.010234
0 0.768640 0.778509 0.006579 0.010965
0 0.167900 0.590643 0.005757 0.005848
0 0.180921 0.477339 0.005482 0.008041
0 0.779742 0.740314 0.007401 0.009137
0 0.843613 0.866959 0.008498 0.010234
0 0.189145 0.532164 0.004934 0.009503
0 0.786184 0.741959 0.004934 0.009503
0 0.894463 0.837171 0.007127 0.009868
0 0.834430 0.868421 0.008772 0.010965
0 0.811678 0.751096 0.008224 0.012427
0 0.676398 0.803911 0.008498 0.009868
0 0.888706 0.841923 0.007675 0.012792
0 0.389391 0.632127 0.006305 0.009868
0 0.179688 0.473501 0.004112 0.005482
0 0.340049 0.157346 0.007401 0.009868
0 0.783032 0.773757 0.006853 0.008772
0 0.459978 0.669773 0.009868 0.013523
0 0.461897 0.671601 0.005482 0.008406
0 0.345806 0.801535 0.007401 0.008772
0 0.637610 0.549708 0.006031 0.010234
0 0.699150 0.638158 0.004660 0.019737
0 0.828125 0.731360 0.010417 0.008772
0 0.772752 0.801535 0.007127 0.010965
0 0.824013 0.706323 0.008772 0.004751
0 0.097862 0.593385 0.006031 0.008406
0 0.917900 0.919042 0.009594 0.013523
0 0.779742 0.784905 0.005208 0.010599
0 0.362527 0.866228 0.007401 0.009503
0 0.101014 0.578947 0.006853 0.011696
0 0.540022 0.845760 0.006579 0.010234
0 0.252330 0.378107 0.006305 0.009868
0 0.056743 0.414108 0.006579 0.009503
0 0.454359 0.496345 0.005208 0.010965
0 0.291393 0.692434 0.008772 0.010599
0 0.818394 0.789656 0.006853 0.010599
0 0.875548 0.892361 0.003289 0.012792
0 0.637336 0.654423 0.009320 0.011330
0 0.527412 0.525402 0.001096 0.017178
0 0.787966 0.779240 0.003015 0.009503
0 0.822231 0.761696 0.008498 0.010234
0 0.703399 0.847588 0.001645 0.006579
0 0.359512 0.858553 0.006853 0.010234
0 0.909539 0.890351 0.009868 0.010234
0 0.563185 0.413194 0.005208 0.008406
0 0.825795 0.773757 0.007401 0.010965
0 0.588679 0.520833 0.007950 0.011696
0 0.123904 0.586988 0.008772 0.002193
0 0.838268 0.877010 0.006579 0.010599
0 0.875000 0.627376 0.003838 0.013523
0 0.084156 0.578582 0.007127 0.012427
0 0.185855 0.474232 0.008772 0.006213
0 0.188734 0.485563 0.005208 0.006944
0 0.354167 0.830227 0.003289 0.010599
0 0.819079 0.747624 0.008224 0.014254
0 0.670230 0.803728 0.008224 0.014620
0 0.820861 0.770468 0.005757 0.008041
0 0.113624 0.574013 0.004660 0.006213
0 0.827166 0.776499 0.011239 0.016447
0 0.260828 0.345212 0.004112 0.010599
0 0.611979 0.282712 0.004112 0.018640
0 0.814419 0.779605 0.008772 0.015351
0 0.357730 0.781067 0.006031 0.005848
0 0.879797 0.836257 0.002467 0.010965
0 0.264803 0.343019 0.001645 0.006213
0 0.162418 0.252558 0.006853 0.010965
0 0.815241 0.775950 0.006579 0.009503
0 0.887610 0.796601 0.008224 0.013523
0 0.177083 0.680921 0.001645 0.006579
0 0.178728 0.472953 0.003289 0.005117
0 0.093750 0.588633 0.006031 0.004020
0 0.023026 0.512427 0.005482 0.011696
0 0.346902 0.717288 0.007950 0.015716
0 0.002741 0.354349 0.002741 0.003289
0 0.605948 0.510417 0.004660 0.005482
0 0.173794 0.882493 0.002741 0.017178
0 0.355263 0.845760 0.004386 0.013158
0 0.265762 0.744700 0.002467 0.009868
0 0.461897 0.536367 0.012061 0.021564
0 0.331140 0.094298 0.008772 0.013158
0 0.092105 0.578582 0.004386 0.011696
0 0.822780 0.790022 0.013980 0.013523
0 0.183251 0.527412 0.005757 0.008772
0 0.165570 0.590643 0.012610 0.005848
0 0.930647 0.921053 0.006031 0.008041
0 0.765762 0.820906 0.007950 0.002193
0 0.878427 0.822917 0.001371 0.004020
0 0.334430 0.887610 0.008224 0.009137
0 0.375274 0.600329 0.019189 0.015716
0 0.014254 0.593750 0.014254 0.009137
0 0.533991 0.712719 0.007675 0.010965
0 0.891310 0.788194 0.006305 0.017178
0 0.778098 0.774306 0.004660 0.009868
0 0.858690 0.867325 0.007950 0.010965
0 0.825247 0.743969 0.007950 0.014985
0 0.132401 0.598867 0.006579 0.012061
0 0.303180 0.361294 0.014803 0.010599
0 0.790707 0.779971 0.001371 0.011696
0 0.050850 0.706140 0.006853 0.004386
0 0.553728 0.919042 0.006579 0.007675
0 0.002330 0.826023 0.002467 0.007310
0 0.092654 0.589912 0.004934 0.005117
0 0.270833 0.681652 0.006031 0.007310
0 0.173931 0.778874 0.003015 0.008772
0 0.760828 0.592105 0.009046 0.007310
0 0.003838 0.579678 0.003838 0.009503
0 0.070998 0.228984 0.006579 0.009137
0 0.703536 0.590643 0.001919 0.005848
0 0.155976 0.260965 0.008772 0.013158
0 0.843476 0.383955 0.003838 0.004751
0 0.184485 0.484832 0.005482 0.010599
0 0.637884 0.551901 0.004934 0.005848
0 0.207922 0.690789 0.005757 0.008041
0 0.560581 0.406433 0.005482 0.008041
0 0.092654 0.581140 0.004934 0.007310
0 0.702851 0.694810 0.001096 0.013158
0 0.477659 0.799525 0.007950 0.006213
0 0.590049 0.518092 0.011239 0.017178
0 0.052632 0.619518 0.003838 0.007310
0 0.335663 0.886513 0.005208 0.006944
0 0.702851 0.591374 0.001096 0.006579
0 0.827303 0.482091 0.004934 0.006579
0 0.543997 0.538560 0.004112 0.004751
0 0.694490 0.508041 0.007950 0.014620