0 0.206277 0.504934 0.006305 0.011330
0 0.911184 0.128289 0.005482 0.009503
0 0.004797 0.308480 0.004660 0.009503
0 0.429962 0.748355 0.010143 0.017909
0 0.078262 0.859832 0.007401 0.012061
0 0.674890 0.715826 0.006031 0.009137
0 0.138295 0.723319 0.005208 0.008041
0 0.733004 0.759137 0.004386 0.008041
0 0.020422 0.479898 0.004112 0.007310
0 0.779468 0.663012 0.004112 0.006579
0 0.086075 0.736842 0.003289 0.013158
0 0.636924 0.476425 0.003564 0.005482
0 0.198191 0.214912 0.005482 0.010234
0 0.479578 0.374269 0.004112 0.007310
0 0.190789 0.228801 0.005482 0.008041
0 0.933936 0.746345 0.013706 0.013889
0 0.367050 0.883041 0.006579 0.011696
0 0.210115 0.493421 0.006305 0.009503
0 0.103618 0.097588 0.004934 0.006579
0 0.352522 0.540570 0.001645 0.011696
0 0.592654 0.229715 0.010965 0.008406
0 0.008224 0.757858 0.007127 0.013523
0 0.758635 0.203765 0.004660 0.008406
0 0.361431 0.470760 0.004112 0.002924
0 0.726837 0.600877 0.003564 0.005848
0 0.558936 0.218933 0.004934 0.008772
0 0.745751 0.357639 0.004660 0.006944
0 0.337034 0.109649 0.004660 0.008772
0 0.429962 0.389620 0.006853 0.009503
0 0.733690 0.294591 0.004112 0.005848
0 0.739309 0.761696 0.004386 0.007310
0 0.637061 0.212902 0.003838 0.006213
0 0.205044 0.663560 0.005482 0.007675
0 0.032072 0.195541 0.004934 0.008041
0 0.194627 0.224232 0.004934 0.008406
0 0.731497 0.325292 0.003564 0.005848
0 0.559211 0.381579 0.009320 0.010234
0 0.962856 0.106542 0.004112 0.008406
0 0.638432 0.344664 0.003289 0.004386
0 0.084978 0.883406 0.004934 0.014620
0 0.722725 0.749817 0.004112 0.006944
0 0.720669 0.598501 0.002741 0.004020
0 0.775768 0.654057 0.003838 0.006944
0 0.940104 0.758041 0.011239 0.016082
0 0.316612 0.598867 0.007127 0.010599
0 0.673246 0.266265 0.003838 0.004751
0 0.058525 0.476060 0.004660 0.005482
0 0.783580 0.659539 0.005757 0.005482
0 0.722039 0.589181 0.003289 0.004386
0 0.391447 0.453947 0.006031 0.010965
0 0.496573 0.009503 0.003015 0.005848
0 0.829359 0.713450 0.009046 0.011696
0 0.834156 0.289291 0.006579 0.011330
0 0.638843 0.412829 0.003564 0.005482
0 0.479304 0.382310 0.003564 0.006579
0 0.647752 0.340643 0.003838 0.005848
0 0.351288 0.478618 0.000274 0.009137
0 0.148438 0.363304 0.003564 0.006579
0 0.052906 0.875548 0.005482 0.008406
0 0.158169 0.599050 0.005482 0.008772
0 0.738898 0.756944 0.004112 0.005117
0 0.024945 0.478984 0.002741 0.004751
0 0.707922 0.372624 0.005208 0.008406
0 0.035225 0.862025 0.004112 0.005482
0 0.964364 0.106908 0.001096 0.007675
0 0.801809 0.119152 0.007675 0.002193
0 0.095532 0.446272 0.006305 0.005848
0 0.717516 0.404423 0.009046 0.009868
0 0.013706 0.114218 0.007127 0.005482
0 0.869518 0.720212 0.004386 0.005482
0 0.140214 0.730263 0.005208 0.007310
0 0.021382 0.364583 0.004386 0.005482
0 0.349644 0.478984 0.002467 0.005482
0 0.119518 0.732639 0.005482 0.008406
0 0.560992 0.173428 0.004112 0.006944
0 0.061678 0.862390 0.004386 0.007675
0 0.595121 0.229349 0.004934 0.009137
0 0.114583 0.721674 0.004386 0.006213
0 0.332237 0.486659 0.005482 0.009868
0 0.041118 0.869152 0.006579 0.008041
0 0.100603 0.595395 0.003289 0.008041
0 0.385417 0.295322 0.008224 0.016082
0 0.889940 0.476608 0.004660 0.007310
0 0.626096 0.111477 0.007675 0.008041
0 0.637884 0.406067 0.003289 0.005848
0 0.868695 0.636148 0.005482 0.007675
0 0.126508 0.353070 0.004112 0.002193
0 0.076754 0.863304 0.004386 0.007310
0 0.351425 0.435307 0.000548 0.024123
0 0.940378 0.386879 0.004112 0.006944
0 0.811815 0.398575 0.005757 0.008406
0 0.555099 0.499452 0.009320 0.011330