0 0.594024 0.603801 0.004386 0.008041
0 0.685855 0.477522 0.004386 0.006944
0 0.290159 0.660270 0.005208 0.009137
0 0.301672 0.129751 0.003564 0.009503
0 0.273712 0.705958 0.005757 0.004020
0 0.238624 0.152778 0.009046 0.014620
0 0.938185 0.134320 0.003564 0.006213
0 0.704496 0.489766 0.002741 0.010234
0 0.456552 0.131762 0.003564 0.005482
0 0.555236 0.718750 0.003564 0.008406
0 0.699973 0.483553 0.003564 0.006579
0 0.290296 0.393640 0.005482 0.008041
0 0.288788 0.414474 0.004112 0.007310
0 0.293037 0.400037 0.004934 0.007675
0 0.714501 0.721491 0.004112 0.007310
0 0.065927 0.707785 0.007401 0.006213
0 0.165707 0.011879 0.005757 0.012061
0 0.473410 0.288194 0.010417 0.018640
0 0.673383 0.690241 0.004660 0.006944
0 0.352522 0.833333 0.001645 0.007310
0 0.123355 0.574013 0.011513 0.012792
0 0.178317 0.832054 0.003015 0.009868
0 0.510828 0.169225 0.009594 0.014620
0 0.944627 0.103253 0.004386 0.009137
0 0.644189 0.383589 0.003838 0.006213
0 0.608004 0.485928 0.008224 0.008406
0 0.077851 0.007493 0.007675 0.007675
0 0.755345 0.602156 0.004660 0.007675
0 0.724918 0.685490 0.004112 0.006213
0 0.340461 0.212902 0.006579 0.009868
0 0.820175 0.254751 0.005482 0.008772
0 0.412555 0.713085 0.004934 0.009503
0 0.512610 0.896016 0.007675 0.009137
0 0.375000 0.347222 0.003838 0.005848
0 0.844024 0.542032 0.006579 0.006579
0 0.627056 0.345943 0.005208 0.008406
0 0.797834 0.129203 0.004660 0.009137
0 0.452851 0.090826 0.010417 0.010599
0 0.498629 0.433845 0.003838 0.006579
0 0.219984 0.392909 0.006305 0.009503
0 0.486568 0.637244 0.003838 0.006213
0 0.874178 0.621345 0.004386 0.005848
0 0.273438 0.686952 0.005757 0.007675
0 0.531250 0.347953 0.004934 0.005848
0 0.056058 0.019189 0.003015 0.004020
0 0.454770 0.229715 0.009868 0.007675
0 0.829907 0.718019 0.003564 0.005482
0 0.371573 0.343567 0.003564 0.006579
0 0.445998 0.630117 0.004386 0.007310
0 0.442434 0.238121 0.003838 0.004020
0 0.100466 0.871528 0.004112 0.006213
0 0.647067 0.917032 0.006853 0.010234
0 0.780565 0.372442 0.009046 0.011696
0 0.702714 0.482822 0.000822 0.008041
0 0.711212 0.724781 0.003564 0.005848
0 0.378427 0.785636 0.007950 0.012792
0 0.837856 0.105629 0.004112 0.007310
0 0.624178 0.345943 0.008772 0.009868
0 0.792215 0.589912 0.002741 0.005117
0 0.068805 0.703399 0.005482 0.001827
0 0.940241 0.912829 0.006031 0.014985
0 0.791255 0.047332 0.001919 0.009868
0 0.514666 0.482822 0.006305 0.008041
0 0.281113 0.406067 0.004660 0.006579
0 0.696957 0.696089 0.004112 0.006944
0 0.852933 0.101425 0.004660 0.007675
0 0.687226 0.412281 0.003838 0.005117
0 0.714638 0.692251 0.004934 0.006579
0 0.915844 0.865863 0.008224 0.013889
0 0.564693 0.411915 0.006031 0.006579
0 0.865954 0.607639 0.003289 0.004751
0 0.667078 0.513158 0.006853 0.011696
0 0.347039 0.883041 0.007675 0.013889
0 0.834156 0.714364 0.006031 0.006944
0 0.040570 0.696089 0.009320 0.011330
0 0.042626 0.683662 0.006853 0.009137
0 0.273026 0.219481 0.006579 0.009137
0 0.497670 0.425987 0.003564 0.004751
0 0.832785 0.714912 0.009320 0.010234
0 0.252467 0.717288 0.005482 0.006213
0 0.587582 0.599963 0.006853 0.009868
0 0.067297 0.697917 0.008498 0.007675
0 0.537281 0.104349 0.007127 0.013523
0 0.716557 0.683845 0.004386 0.005848
0 0.310170 0.129934 0.008498 0.007675
0 0.384457 0.248721 0.003564 0.004020
0 0.260005 0.646930 0.006305 0.012427
0 0.576754 0.646199 0.003838 0.006579
0 0.166530 0.013523 0.004660 0.008041
0 0.528509 0.143458 0.002193 0.018640
0 0.434073 0.795504 0.004112 0.007675
0 0.439282 0.031067 0.000822 0.010234
0 0.280154 0.384503 0.007127 0.010234
0 0.616091 0.766447 0.001919 0.012427
0 0.721491 0.682931 0.004386 0.007675
0 0.360334 0.814876 0.007950 0.007675
0 0.779468 0.569993 0.004112 0.006213
0 0.869380 0.827120 0.003564 0.007310
0 0.607045 0.222588 0.005208 0.006579
0 0.111157 0.002010 0.006305 0.001827
0 0.522889 0.138706 0.005757 0.015716
0 0.938048 0.902047 0.008772 0.012427
0 0.287829 0.294042 0.002741 0.005482
0 0.938048 0.909539 0.010417 0.023757
0 0.355537 0.360563 0.003838 0.005482
0 0.272889 0.704678 0.009594 0.002924
0 0.377330 0.340095 0.003564 0.004751
0 0.823602 0.027230 0.003015 0.007675
0 0.487253 0.361111 0.012884 0.010234
0 0.214364 0.903692 0.007127 0.012061
0 0.522341 0.135051 0.007950 0.017909
0 0.784677 0.749086 0.009046 0.010599
0 0.791118 0.589730 0.001645 0.004751
0 0.940652 0.833333 0.008498 0.014620