0 0.578399 0.728893 0.012061 0.016447
0 0.617507 0.805921 0.009868 0.008772
0 0.484832 0.892955 0.008406 0.009046
0 0.758406 0.765488 0.015351 0.011239
0 0.356725 0.543997 0.005848 0.012336
0 0.550073 0.542078 0.026316 0.015625
0 0.420139 0.357456 0.012792 0.006579
0 0.411367 0.410225 0.017909 0.014529
0 0.630848 0.861568 0.013158 0.014803
0 0.509137 0.814419 0.016082 0.014254
0 0.668129 0.766584 0.015351 0.013432
0 0.612208 0.418174 0.017544 0.012336
0 0.833516 0.867188 0.013523 0.008498
0 0.597222 0.799205 0.012427 0.009594
0 0.192251 0.621025 0.013889 0.006853
0 0.777412 0.691475 0.015351 0.013980
0 0.345212 0.535499 0.011330 0.009046
0 0.221674 0.957922 0.017909 0.013980
0 0.825841 0.887747 0.006944 0.010691
0 0.683114 0.577714 0.017544 0.015077
0 0.410270 0.292215 0.011330 0.006579
0 0.031615 0.826206 0.016447 0.014803
0 0.683114 0.957100 0.026316 0.015625
0 0.718202 0.908717 0.008041 0.007127
0 0.361111 0.717654 0.010234 0.015899
0 0.686769 0.732593 0.016082 0.012884
0 0.400768 0.745477 0.016447 0.013432
0 0.353618 0.535636 0.002558 0.009320
0 0.385599 0.753015 0.024854 0.021382
0 0.325658 0.710389 0.020468 0.008498
0 0.259686 0.447368 0.011330 0.008772
0 0.696455 0.568257 0.010599 0.013706
0 0.600877 0.434622 0.009503 0.007950
0 0.704678 0.863898 0.002924 0.009046
0 0.244152 0.935307 0.010234 0.012610
0 0.385051 0.768366 0.016447 0.012061
0 0.595029 0.616776 0.010234 0.002741
0 0.355446 0.534402 0.004751 0.007950
0 0.696820 0.858279 0.009137 0.010417
0 0.570541 0.617188 0.015351 0.003015
0 0.786550 0.252467 0.007310 0.006031
0 0.595943 0.609375 0.011330 0.009320
0 0.355811 0.800439 0.004751 0.010965
0 0.076023 0.065104 0.007310 0.006853
0 0.540936 0.644600 0.016813 0.015625
0 0.418494 0.901727 0.017544 0.011239
0 0.595212 0.659951 0.010599 0.012336
0 0.570724 0.610197 0.017178 0.007675
0 0.747807 0.915844 0.011696 0.013706
0 0.103984 0.601014 0.025950 0.016721
0 0.013341 0.824836 0.013523 0.014803
0 0.589730 0.798246 0.004751 0.008772
0 0.346126 0.864720 0.008772 0.011239
0 0.477339 0.886102 0.009503 0.009046
0 0.692800 0.930510 0.014254 0.015077
0 0.526864 0.520011 0.010599 0.008772
0 0.594846 0.591283 0.009868 0.013706
0 0.822368 0.006990 0.003655 0.006853
0 0.861842 0.962171 0.009503 0.005482
0 0.119700 0.021107 0.002558 0.019189
0 0.847953 0.948602 0.013889 0.012884
0 0.896747 0.629797 0.006213 0.004660
0 0.472405 0.892544 0.004751 0.013706
0 0.334430 0.707237 0.013158 0.005482
0 0.574196 0.860060 0.009503 0.011239
0 0.543494 0.646793 0.010965 0.010143
0 0.478070 0.889940 0.010234 0.012884
0 0.417215 0.896382 0.023757 0.019189
0 0.215278 0.623904 0.017544 0.009868
0 0.862025 0.605400 0.006944 0.004660
0 0.505848 0.523300 0.012427 0.006031
0 0.837537 0.538788 0.009868 0.006305
0 0.616594 0.357867 0.010234 0.006853
0 0.389254 0.529194 0.013158 0.003015
0 0.902595 0.669545 0.005482 0.004112
0 0.331506 0.699561 0.011696 0.004386
0 0.497624 0.065104 0.011330 0.008498
0 0.057018 0.107730 0.008772 0.007675
0 0.179094 0.621573 0.013889 0.007401
0 0.556469 0.213542 0.018640 0.012610
0 0.704861 0.861979 0.003289 0.016173
0 0.826937 0.890214 0.008406 0.011239
0 0.112025 0.515214 0.009868 0.015077
0 0.578034 0.234238 0.012061 0.013980
0 0.747076 0.319627 0.013158 0.010417
0 0.849598 0.951069 0.009137 0.007950
0 0.411732 0.289885 0.014985 0.012884
0 0.349598 0.720395 0.001827 0.009320
0 0.588450 0.728618 0.003655 0.018640
0 0.350146 0.802357 0.001462 0.008772
0 0.917032 0.189830 0.008772 0.007401
0 0.567069 0.382264 0.008406 0.005757
0 0.819444 0.469298 0.000731 0.015899
0 0.604167 0.431332 0.018275 0.014529
0 0.295139 0.366365 0.013523 0.010143
0 0.119152 0.355400 0.002193 0.004660
0 0.286184 0.962034 0.009503 0.005208
0 0.357456 0.710800 0.006579 0.007127
0 0.590643 0.434896 0.005848 0.007401
0 0.388523 0.524671 0.014620 0.003289
0 0.009137 0.373629 0.008772 0.006579
0 0.068713 0.094572 0.006579 0.006579
0 0.004569 0.527961 0.004751 0.001645
0 0.567434 0.905291 0.009137 0.009046
0 0.345029 0.539474 0.010234 0.013158
0 0.379751 0.358141 0.007310 0.006853
0 0.225329 0.550850 0.016447 0.016721
0 0.471674 0.884320 0.004020 0.007127
0 0.119883 0.954907 0.002924 0.016721
0 0.119335 0.114309 0.002558 0.006579
0 0.002924 0.556058 0.002924 0.012336
0 0.591557 0.379386 0.006944 0.009320
0 0.588450 0.080729 0.003655 0.013980
0 0.613304 0.895422 0.008772 0.006305
0 0.700110 0.862664 0.003289 0.015351
0 0.916849 0.551398 0.009868 0.010143
0 0.358004 0.535225 0.006944 0.009046
0 0.908808 0.615817 0.004751 0.001919
0 0.031798 0.714912 0.005848 0.002741
0 0.238487 0.031113 0.004751 0.015625
0 0.789839 0.643092 0.014620 0.010965
0 0.055373 0.588953 0.025219 0.015077
0 0.586257 0.018503 0.001462 0.006853
0 0.118421 0.355126 0.001462 0.004112
0 0.365497 0.796190 0.011696 0.006853
0 0.602156 0.152138 0.014985 0.008772
0 0.569262 0.616365 0.021564 0.002467
0 0.678363 0.495614 0.007310 0.009868
0 0.762975 0.550713 0.009137 0.007675
0 0.694993 0.861431 0.013523 0.017270
0 0.866228 0.646930 0.007310 0.005482
0 0.215095 0.616228 0.012061 0.002193
0 0.022478 0.824836 0.022295 0.015351
0 0.690789 0.300164 0.015351 0.014254
0 0.101060 0.878838 0.014254 0.001645
0 0.054642 0.104715 0.014254 0.010417
0 0.073830 0.065652 0.013158 0.008498
0 0.077303 0.589638 0.022295 0.017544
0 0.118604 0.113350 0.001827 0.010143
0 0.805738 0.503564 0.008406 0.007127
0 0.231360 0.585526 0.005117 0.018640
0 0.853436 0.959156 0.027047 0.011513
0 0.348319 0.544819 0.005117 0.011787
0 0.230080 0.957511 0.006944 0.014803
0 0.408626 0.615132 0.012427 0.001096
0 0.092105 0.053043 0.006579 0.005757
0 0.495980 0.622396 0.010234 0.006853
0 0.586075 0.611431 0.001096 0.004660
0 0.002193 0.373629 0.002193 0.007127
0 0.003655 0.178180 0.003655 0.002741
0 0.628107 0.440104 0.011330 0.001371
0 0.367873 0.476288 0.007675 0.008498
0 0.141082 0.616228 0.018275 0.002193
0 0.599415 0.797697 0.010234 0.008224
0 0.493056 0.622670 0.016813 0.008498
0 0.809942 0.359238 0.017544 0.008498
0 0.278509 0.365954 0.008041 0.007127
0 0.347953 0.319353 0.005848 0.011513