0 0.541484 0.269189 0.010599 0.006031
0 0.605994 0.325932 0.010965 0.010417
0 0.241411 0.958059 0.007675 0.010417
0 0.571089 0.294545 0.011330 0.008498
0 0.541301 0.452988 0.007310 0.006853
0 0.489218 0.714364 0.013523 0.009868
0 0.363852 0.318942 0.009868 0.007950
0 0.365132 0.326617 0.010234 0.007401
0 0.369335 0.310307 0.012061 0.010417
0 0.621345 0.655291 0.007310 0.006853
0 0.270833 0.335938 0.008772 0.007401
0 0.039656 0.241502 0.020833 0.015351
0 0.749269 0.748492 0.009503 0.009046
0 0.475877 0.095121 0.006579 0.005482
0 0.044042 0.435581 0.009137 0.006031
0 0.231360 0.240680 0.005117 0.008224
0 0.874817 0.454221 0.010599 0.009320
0 0.356908 0.580455 0.006213 0.007401
0 0.690789 0.361020 0.005117 0.004386
0 0.529057 0.267955 0.007675 0.004660
0 0.903326 0.476562 0.006213 0.009046
0 0.554459 0.280976 0.008041 0.006031
0 0.566886 0.260691 0.010965 0.004386
0 0.843750 0.610609 0.005482 0.006305
0 0.595212 0.255894 0.009137 0.009594
0 0.009503 0.441201 0.009503 0.002467
0 0.549890 0.454907 0.010599 0.007950
0 0.311404 0.523300 0.015351 0.005482
0 0.540753 0.926535 0.007675 0.008224
0 0.680007 0.873355 0.006213 0.006579
0 0.408443 0.167489 0.009137 0.008772
0 0.014254 0.792763 0.010234 0.003289
0 0.863304 0.403098 0.005848 0.005208
0 0.082420 0.831963 0.014985 0.010965
0 0.531615 0.266996 0.009137 0.003838
0 0.592288 0.691749 0.007675 0.005208
0 0.422880 0.134457 0.005848 0.006305
0 0.612025 0.385417 0.006944 0.007127
0 0.325841 0.503152 0.011330 0.011787
0 0.271564 0.711486 0.013889 0.009594
0 0.501279 0.904605 0.014985 0.012610
0 0.719298 0.207237 0.008041 0.004934
0 0.703216 0.859238 0.001462 0.011239
0 0.180373 0.948191 0.009137 0.007127
0 0.213085 0.511376 0.005117 0.005208
0 0.872442 0.791255 0.016813 0.001919
0 0.807749 0.675987 0.005117 0.004934
0 0.058662 0.428728 0.012792 0.006579
0 0.375183 0.328673 0.012792 0.009320
0 0.877558 0.817982 0.008041 0.007127
0 0.197551 0.633498 0.008406 0.006579
0 0.093385 0.873904 0.006944 0.006579
0 0.486477 0.713816 0.008041 0.008224
0 0.447003 0.098410 0.006579 0.007127
0 0.642909 0.643366 0.014620 0.010965
0 0.057931 0.280016 0.016447 0.016721
0 0.237573 0.359101 0.003655 0.008224
0 0.173977 0.497122 0.007310 0.006853
0 0.353253 0.782072 0.002558 0.009320
0 0.354532 0.448876 0.003655 0.005757
0 0.472405 0.923246 0.004751 0.008772
0 0.697003 0.478893 0.009503 0.009320
0 0.356542 0.896245 0.005482 0.014529
0 0.872624 0.786732 0.016447 0.004386
0 0.253107 0.536870 0.006213 0.005757
0 0.076023 0.305510 0.015351 0.018914
0 0.209064 0.365269 0.007310 0.008498
0 0.104715 0.615680 0.007675 0.001645
0 0.682200 0.240817 0.004751 0.005208
0 0.390899 0.178180 0.010599 0.002741
0 0.016996 0.940515 0.007675 0.006579
0 0.119700 0.621299 0.002558 0.007401
0 0.791301 0.712445 0.004386 0.004934
0 0.695358 0.807429 0.009137 0.006853
0 0.582602 0.608827 0.004386 0.007675
0 0.402595 0.839501 0.008406 0.004660
0 0.322368 0.504523 0.016813 0.015077
0 0.121893 0.622259 0.004751 0.008224
0 0.343750 0.619106 0.005482 0.003564
0 0.321455 0.857730 0.013523 0.009868
0 0.775402 0.648026 0.015716 0.013706
0 0.192069 0.527961 0.011330 0.001645
0 0.534905 0.278509 0.012061 0.009868
0 0.122076 0.616091 0.005117 0.001919
0 0.060673 0.425850 0.014620 0.012884