0 0.233004 0.575292 0.007127 0.010965
0 0.355400 0.927632 0.004660 0.016082
0 0.564145 0.598684 0.005482 0.010965
0 0.910773 0.909174 0.007950 0.011330
0 0.845121 0.895285 0.008772 0.012792
0 0.256990 0.368969 0.009046 0.017909
0 0.083745 0.892178 0.006853 0.013158
0 0.858690 0.809576 0.005208 0.009503
0 0.159951 0.540387 0.005757 0.009137
0 0.042763 0.520651 0.008772 0.014985
0 0.697231 0.378655 0.009046 0.019737
0 0.294271 0.654057 0.006853 0.016447
0 0.671190 0.383955 0.010143 0.014985
0 0.151864 0.451937 0.009320 0.013523
0 0.341557 0.900950 0.007127 0.010965
0 0.279194 0.733735 0.007950 0.012061
0 0.649534 0.382310 0.010143 0.012427
0 0.183662 0.896382 0.008224 0.027412
0 0.568531 0.677997 0.006031 0.008772
0 0.264803 0.362025 0.001645 0.011330
0 0.015762 0.486659 0.007401 0.009137
0 0.949836 0.912829 0.008224 0.009137
0 0.366776 0.570906 0.008772 0.013158
0 0.684759 0.376645 0.007127 0.011330
0 0.955866 0.268275 0.008772 0.012427
0 0.961075 0.927449 0.007675 0.012792
0 0.293174 0.712354 0.005757 0.008772
0 0.178591 0.821637 0.003015 0.002924
0 0.949013 0.927814 0.008224 0.009137
0 0.324150 0.696089 0.005757 0.010599
0 0.088816 0.878472 0.001096 0.016447
0 0.625548 0.588999 0.006579 0.004020
0 0.341968 0.339730 0.008498 0.013523
0 0.563322 0.482273 0.006579 0.009868
0 0.708882 0.370066 0.007127 0.010599
0 0.733964 0.336440 0.009046 0.010599
0 0.221628 0.695175 0.008498 0.013158
0 0.368558 0.569262 0.005757 0.009868
0 0.267681 0.365863 0.004660 0.014620
0 0.871299 0.789108 0.006305 0.012427
0 0.253015 0.763523 0.009868 0.009503
0 0.880345 0.343567 0.003015 0.007310
0 0.684896 0.403874 0.006853 0.010234
0 0.265351 0.524671 0.002193 0.006944
0 0.821272 0.897478 0.008224 0.014985
0 0.178317 0.928911 0.003015 0.013523
0 0.021793 0.894920 0.007401 0.009868
0 0.313871 0.580044 0.008224 0.009503
0 0.102522 0.464730 0.005482 0.006213
0 0.016036 0.593933 0.007950 0.007310
0 0.284402 0.696455 0.011787 0.010599
0 0.034539 0.771016 0.004934 0.009137
0 0.264940 0.375183 0.001919 0.010599
0 0.313185 0.510782 0.005757 0.006944
0 0.485883 0.533991 0.008498 0.016813
0 0.156113 0.345395 0.011787 0.010965
0 0.436404 0.906433 0.004386 0.008041
0 0.089775 0.681835 0.001919 0.006944
0 0.179276 0.587902 0.003838 0.003289
0 0.015488 0.588633 0.006305 0.004020
0 0.004934 0.473684 0.004934 0.005848
0 0.313185 0.809759 0.005757 0.009137
0 0.202988 0.782712 0.005208 0.007675
0 0.322780 0.912463 0.006853 0.009868
0 0.802769 0.829496 0.007950 0.007675
0 0.409539 0.595760 0.007127 0.010965
0 0.409814 0.598136 0.005482 0.007675
0 0.311815 0.307018 0.005208 0.011696
0 0.655565 0.911915 0.007401 0.010965
0 0.362802 0.381396 0.009046 0.010599
0 0.453673 0.809028 0.005482 0.006944
0 0.745614 0.372442 0.003838 0.009503
0 0.436404 0.369700 0.003289 0.009137
0 0.667352 0.291484 0.007401 0.010599
0 0.597039 0.330227 0.016447 0.025950
0 0.265488 0.223684 0.002467 0.007310
0 0.169408 0.357639 0.009868 0.006944
0 0.176124 0.653143 0.000822 0.007310
0 0.023300 0.599781 0.003838 0.006579
0 0.274534 0.548611 0.006305 0.010234
0 0.225740 0.273026 0.004112 0.012427
0 0.166255 0.729715 0.005757 0.008406
0 0.148712 0.782895 0.007401 0.011696
0 0.040433 0.556652 0.010691 0.010965
0 0.439693 0.915387 0.001096 0.006213
0 0.131168 0.424525 0.012884 0.013523
0 0.242050 0.358370 0.012610 0.007675
0 0.675027 0.906798 0.007401 0.010234
0 0.247807 0.311769 0.005482 0.008772
0 0.191338 0.519006 0.007127 0.009503
0 0.843887 0.657529 0.006305 0.008041
0 0.024945 0.774123 0.014254 0.013889
0 0.022067 0.547149 0.015625 0.017544
0 0.366913 0.385051 0.006853 0.009137
0 0.173383 0.727156 0.003564 0.009868
0 0.958196 0.485197 0.006853 0.013523
0 0.206003 0.536367 0.010143 0.014254
0 0.436678 0.720943 0.003838 0.019371
0 0.374589 0.247990 0.005208 0.007675
0 0.858279 0.385782 0.005482 0.008406
0 0.206414 0.910088 0.006031 0.009503
0 0.784265 0.876279 0.005482 0.007675
0 0.003975 0.507127 0.004112 0.015716
0 0.216146 0.400402 0.004660 0.009868
0 0.153372 0.694627 0.006853 0.014254
0 0.498904 0.420504 0.004934 0.006213
0 0.205455 0.447368 0.005208 0.013158
0 0.146656 0.705409 0.006579 0.003655
0 0.941612 0.897844 0.004386 0.009868
0 0.211349 0.742142 0.008224 0.009137
0 0.467242 0.442800 0.007401 0.009868
0 0.543723 0.646564 0.004660 0.008041
0 0.222177 0.582054 0.005208 0.005482
0 0.089227 0.811952 0.001371 0.009137
0 0.636787 0.482456 0.006579 0.009503
0 0.617736 0.318713 0.003564 0.009503
0 0.507538 0.706140 0.006305 0.004386
0 0.006990 0.765534 0.006853 0.016447
0 0.879249 0.519006 0.001919 0.007310
0 0.326754 0.204678 0.009868 0.011696
0 0.963816 0.355263 0.002193 0.004386
0 0.487939 0.532529 0.004934 0.013889
0 0.383772 0.331506 0.007127 0.013158
0 0.010005 0.461988 0.009594 0.010965
0 0.700247 0.609466 0.003015 0.015716
0 0.003838 0.483370 0.003838 0.015716
0 0.179139 0.653692 0.003564 0.008406
0 0.047149 0.902595 0.004934 0.009137
0 0.280702 0.341192 0.005482 0.006944
0 0.809348 0.376096 0.010143 0.009503
0 0.930784 0.636148 0.003015 0.005482
0 0.760691 0.359101 0.010965 0.006944
0 0.466968 0.820724 0.007950 0.001827
0 0.704359 0.378289 0.002467 0.011696
0 0.772204 0.586806 0.006579 0.001827
0 0.558799 0.489949 0.008498 0.009868
0 0.524534 0.810124 0.003015 0.017178
0 0.315789 0.927632 0.012061 0.008772
0 0.686541 0.601243 0.003564 0.006579
0 0.306058 0.794225 0.005208 0.008772
0 0.915570 0.866228 0.014803 0.019737
0 0.255620 0.365863 0.006853 0.011696
0 0.427220 0.852522 0.006853 0.018640
0 0.104989 0.868056 0.008772 0.008772
0 0.017544 0.889437 0.006579 0.009137
0 0.779879 0.680190 0.004386 0.007310
0 0.289474 0.651864 0.006031 0.009868
0 0.513021 0.423977 0.008498 0.012427
0 0.852933 0.862756 0.007401 0.012792
0 0.619518 0.821637 0.005482 0.002924
0 0.234101 0.814876 0.006031 0.007675
0 0.951480 0.502376 0.006579 0.010599
0 0.170779 0.824379 0.003289 0.005482
0 0.879249 0.613304 0.001919 0.013158
0 0.683388 0.401133 0.010965 0.016447
0 0.178180 0.588268 0.002741 0.003289
0 0.920504 0.865314 0.007127 0.013523
0 0.181469 0.823282 0.006031 0.004751
0 0.801398 0.424525 0.004112 0.009137
0 0.730948 0.380848 0.005757 0.010965
0 0.886787 0.437500 0.004934 0.007310
0 0.646519 0.737939 0.008498 0.015351
0 0.319490 0.296966 0.006853 0.009868
0 0.090461 0.676901 0.002741 0.008041
0 0.352522 0.357456 0.001645 0.006579
0 0.014666 0.580409 0.009594 0.008041
0 0.176535 0.656250 0.001096 0.005482
0 0.010417 0.470760 0.008224 0.002924
0 0.666255 0.828947 0.007401 0.010234
0 0.020970 0.613304 0.011239 0.016082
0 0.087171 0.441155 0.001096 0.018275
0 0.505757 0.707420 0.009320 0.005482
0 0.169408 0.820358 0.004386 0.001827