0 0.653783 0.247807 0.004934 0.009503
0 0.807840 0.260782 0.006031 0.009868
0 0.184211 0.627558 0.008772 0.021199
0 0.698876 0.022661 0.005208 0.010234
0 0.689145 0.021016 0.004934 0.009137
0 0.383087 0.193713 0.005208 0.011696
0 0.131442 0.245980 0.005757 0.008772
0 0.447917 0.105080 0.006031 0.011330
0 0.316612 0.482456 0.004386 0.007310
0 0.805099 0.664291 0.005482 0.009868
0 0.477248 0.442800 0.006579 0.009868
0 0.558662 0.200475 0.004934 0.009137
0 0.266447 0.393823 0.003289 0.008406
0 0.716009 0.561952 0.006031 0.009868
0 0.824424 0.678363 0.006305 0.011696
0 0.939556 0.248721 0.004660 0.006944
0 0.712445 0.358735 0.004934 0.006213
0 0.443531 0.099598 0.004934 0.012061
0 0.751234 0.528692 0.005208 0.008406
0 0.104852 0.377924 0.005208 0.008772
0 0.407346 0.178911 0.006031 0.009137
0 0.164200 0.430738 0.005482 0.009868
0 0.452851 0.212902 0.007675 0.011330
0 0.688048 0.089547 0.004934 0.008041
0 0.586212 0.385051 0.004112 0.006213
0 0.772615 0.728070 0.005757 0.008772
0 0.662555 0.285088 0.005482 0.009503
0 0.683251 0.377376 0.004112 0.007675
0 0.875959 0.106725 0.002467 0.008772
0 0.715872 0.361842 0.004112 0.007310
0 0.766996 0.573099 0.006579 0.010234
0 0.685444 0.546418 0.005208 0.007310
0 0.787281 0.255482 0.003838 0.010234
0 0.477796 0.554642 0.004386 0.008406
0 0.694079 0.016082 0.004934 0.006579
0 0.472177 0.429276 0.005757 0.009868
0 0.399397 0.680190 0.004934 0.008772
0 0.164611 0.150768 0.005208 0.006944
0 0.655428 0.301901 0.004934 0.008772
0 0.496573 0.094115 0.007950 0.010599
0 0.181195 0.493421 0.004934 0.006579
0 0.467654 0.598319 0.004386 0.007310
0 0.721080 0.028509 0.005208 0.008041
0 0.553728 0.205775 0.006031 0.010965
0 0.898712 0.387244 0.006853 0.012061
0 0.781250 0.629020 0.007127 0.009503
0 0.514529 0.064145 0.004934 0.009137
0 0.564419 0.209247 0.005482 0.008406
0 0.647889 0.246711 0.006853 0.010965
0 0.704359 0.217105 0.002467 0.010234
0 0.139940 0.423794 0.005757 0.008406
0 0.746162 0.569627 0.005482 0.008406
0 0.125000 0.416667 0.004934 0.007310
0 0.522204 0.052449 0.005482 0.007675
0 0.592791 0.381944 0.004112 0.005848
0 0.529605 0.095395 0.003289 0.006579
0 0.616365 0.645651 0.002467 0.012792
0 0.256031 0.200475 0.004934 0.009137
0 0.615680 0.184576 0.001645 0.008772
0 0.800987 0.547149 0.005482 0.008772
0 0.878838 0.107091 0.001645 0.009503
0 0.288651 0.544773 0.004386 0.007675
0 0.517681 0.049890 0.004660 0.009137
0 0.798383 0.279423 0.004112 0.007675
0 0.649260 0.293311 0.005208 0.008406
0 0.639117 0.187683 0.005757 0.009137
0 0.936266 0.425621 0.004660 0.008406
0 0.082511 0.540936 0.004934 0.008041
0 0.440241 0.107639 0.001645 0.010599
0 0.148986 0.381579 0.004660 0.006579
0 0.897615 0.088999 0.004112 0.006944
0 0.641310 0.224415 0.006305 0.008041
0 0.413377 0.682018 0.004934 0.007310
0 0.501371 0.424890 0.004386 0.006944
0 0.337171 0.221126 0.003838 0.006579
0 0.186541 0.497807 0.005208 0.006579
0 0.749726 0.567251 0.004934 0.008772
0 0.794956 0.544042 0.005482 0.006944
0 0.623492 0.131213 0.004112 0.006579
0 0.627056 0.186404 0.005757 0.008772
0 0.700247 0.410819 0.003015 0.008772
0 0.753975 0.211440 0.005757 0.007675
0 0.119518 0.492142 0.003838 0.007675
0 0.809211 0.537463 0.006579 0.008406
0 0.186404 0.428728 0.004934 0.007310
0 0.388706 0.754203 0.005482 0.009137
0 0.737116 0.644189 0.004934 0.008406
0 0.767818 0.048063 0.004386 0.006213
0 0.901316 0.490863 0.003838 0.007310
0 0.158306 0.307018 0.004112 0.007310
0 0.790570 0.550439 0.001096 0.009503
0 0.612390 0.184759 0.003289 0.009137
0 0.787692 0.277595 0.003564 0.009137
0 0.197643 0.507493 0.004386 0.006213
0 0.474232 0.552814 0.004934 0.009868
0 0.644874 0.336806 0.004112 0.007675
0 0.378564 0.440607 0.003838 0.006944
0 0.703262 0.411367 0.001371 0.009868
0 0.696957 0.210892 0.006853 0.012427
0 0.784677 0.249269 0.007950 0.011696
0 0.703536 0.080592 0.001919 0.009137
0 0.616776 0.326206 0.002741 0.007675
0 0.406935 0.705409 0.005208 0.003655
0 0.592928 0.297149 0.004934 0.005848
0 0.501371 0.560307 0.004386 0.007310
0 0.319353 0.307566 0.004934 0.007675
0 0.543448 0.020833 0.003564 0.005848
0 0.707785 0.412463 0.006031 0.009868
0 0.145970 0.439145 0.006305 0.009868
0 0.404331 0.070724 0.005482 0.006944
0 0.846765 0.279240 0.007675 0.009503
0 0.694216 0.103436 0.005208 0.007310
0 0.560170 0.218750 0.005208 0.009137
0 0.371299 0.077668 0.004112 0.006944
0 0.787418 0.550073 0.003564 0.008772
0 0.885280 0.100694 0.005208 0.007675
0 0.678317 0.380117 0.004112 0.005848
0 0.003427 0.731908 0.003564 0.012792
0 0.694490 0.093019 0.004112 0.006944
0 0.931332 0.390716 0.005757 0.009503
0 0.777549 0.566338 0.005757 0.008406
0 0.563048 0.200475 0.003289 0.006213
0 0.881305 0.101243 0.003838 0.008772
0 0.732456 0.323465 0.003838 0.005117
0 0.617462 0.179642 0.003564 0.007675
0 0.615543 0.322368 0.001371 0.008041
0 0.780154 0.546053 0.005482 0.008041
0 0.937089 0.263523 0.004112 0.005848
0 0.105537 0.489401 0.004934 0.004386
0 0.315515 0.110380 0.008224 0.013158
0 0.926261 0.611294 0.010965 0.014254
0 0.837034 0.302632 0.005208 0.010965
0 0.831826 0.533260 0.006305 0.009503
0 0.436129 0.559576 0.004386 0.007310
0 0.803865 0.240314 0.003564 0.005482
0 0.507127 0.393275 0.006579 0.010965
0 0.412829 0.168677 0.013158 0.019371
0 0.489035 0.094846 0.007127 0.011330
0 0.554825 0.226425 0.005482 0.008406
0 0.742873 0.532164 0.006031 0.010965
0 0.195038 0.512975 0.005208 0.006213
0 0.340323 0.658626 0.006305 0.012427
0 0.860197 0.277047 0.009320 0.017544
0 0.830729 0.692982 0.006853 0.009503
0 0.792215 0.281615 0.002741 0.007675
0 0.493832 0.057200 0.005208 0.009137
0 0.178180 0.470760 0.002741 0.002924
0 0.554002 0.836440 0.003289 0.006213
0 0.540981 0.512427 0.004112 0.007310
0 0.437363 0.107273 0.001919 0.012792
0 0.806195 0.246711 0.004934 0.007310
0 0.208470 0.366411 0.004660 0.006213
0 0.341694 0.091557 0.009046 0.010599
0 0.141310 0.281798 0.004660 0.006579
0 0.571272 0.754934 0.005482 0.009137
0 0.743284 0.568348 0.004112 0.008772
0 0.428865 0.560124 0.006305 0.007675
0 0.553317 0.666484 0.005757 0.009868
0 0.180510 0.471491 0.004112 0.003655
0 0.022615 0.227339 0.007950 0.012427
0 0.647478 0.334064 0.006031 0.006579
0 0.700521 0.217105 0.002467 0.010234
0 0.720395 0.160270 0.004934 0.009137
0 0.527823 0.924159 0.001371 0.012061
0 0.442982 0.110563 0.004386 0.008406
0 0.906661 0.487025 0.011787 0.014985
0 0.881168 0.113304 0.004112 0.005848
0 0.596080 0.100146 0.004660 0.007310
0 0.017407 0.587537 0.010143 0.002558
0 0.886650 0.485197 0.004660 0.005482
0 0.057429 0.138706 0.004660 0.008406
0 0.645970 0.518092 0.005757 0.007675
0 0.123081 0.491959 0.006031 0.009503
0 0.811541 0.660819 0.005757 0.008772
0 0.453536 0.914474 0.007950 0.007310
0 0.193805 0.508406 0.003838 0.005848
0 0.524671 0.922697 0.003289 0.009868
0 0.206003 0.236842 0.004112 0.002924
0 0.709293 0.204130 0.005757 0.012792
0 0.546601 0.668860 0.004934 0.008772
0 0.172149 0.427997 0.006031 0.011696
0 0.830729 0.402047 0.005208 0.009503
0 0.222039 0.342654 0.008224 0.013523
0 0.182840 0.230263 0.004934 0.006579
0 0.139529 0.273575 0.003838 0.004751
0 0.813322 0.640899 0.004934 0.009868
0 0.878701 0.616228 0.001371 0.007310
0 0.756716 0.870066 0.010143 0.010599
0 0.310033 0.224598 0.003838 0.006213
0 0.551261 0.230446 0.007127 0.006944
0 0.424753 0.272113 0.007950 0.012792
0 0.704496 0.516996 0.002741 0.009137
0 0.853070 0.059759 0.009320 0.014985
0 0.198054 0.228070 0.007401 0.011696
0 0.824150 0.689876 0.007950 0.008406
0 0.552906 0.667946 0.008772 0.013523
0 0.089912 0.535453 0.002193 0.008772
0 0.823465 0.190241 0.003838 0.006944
0 0.882264 0.480080 0.005208 0.012061
0 0.915296 0.085526 0.004386 0.007310
0 0.212034 0.236111 0.004660 0.002193
0 0.721080 0.067251 0.003015 0.005117
0 0.129660 0.241228 0.003289 0.005848
0 0.545093 0.515351 0.004112 0.007310
0 0.138569 0.380482 0.004660 0.009503
0 0.625685 0.136330 0.003564 0.005848
0 0.420779 0.681652 0.004386 0.008772
0 0.679688 0.459064 0.005208 0.008041
0 0.713816 0.565241 0.009868 0.015716
0 0.236020 0.089364 0.006579 0.009868
0 0.865954 0.716740 0.003838 0.005848
0 0.510417 0.398209 0.013706 0.020833
0 0.929550 0.597953 0.007675 0.010965
0 0.957100 0.150585 0.015625 0.021199
0 0.945312 0.188048 0.005208 0.008406
0 0.739995 0.318348 0.003015 0.004386
0 0.285499 0.192617 0.008498 0.013158
0 0.773712 0.571089 0.007950 0.014985
0 0.706140 0.527412 0.004386 0.007310
0 0.154057 0.473684 0.006031 0.005848
0 0.515077 0.638341 0.004386 0.007675
0 0.480537 0.563048 0.004934 0.011330
0 0.833470 0.598319 0.004112 0.005848
0 0.874315 0.288377 0.005757 0.010965
0 0.410773 0.187500 0.003564 0.005117
0 0.302357 0.086440 0.006031 0.009868
0 0.514666 0.646382 0.003015 0.004751
0 0.616365 0.200658 0.002467 0.016082
0 0.702851 0.411184 0.001096 0.010965
0 0.940927 0.423611 0.005208 0.008041
0 0.407072 0.068165 0.009320 0.014985
0 0.072917 0.211988 0.007675 0.008041
0 0.148163 0.028143 0.006853 0.010234
0 0.685855 0.162646 0.008224 0.013889
0 0.274397 0.079130 0.004934 0.006944
0 0.336349 0.067617 0.004934 0.008041
0 0.624726 0.274854 0.004934 0.008041
0 0.236157 0.229167 0.009594 0.009503
0 0.156935 0.283991 0.005757 0.012427
0 0.296601 0.205958 0.008224 0.009868
0 0.829084 0.217836 0.004660 0.005848
0 0.583196 0.376827 0.006305 0.011696
0 0.497259 0.063779 0.005482 0.008406
0 0.296601 0.093567 0.009868 0.012427
0 0.435033 0.154788 0.003838 0.005482
0 0.404742 0.242873 0.007950 0.009137
0 0.647204 0.180190 0.009868 0.014620
0 0.739172 0.760965 0.005757 0.008772
0 0.530016 0.260965 0.003015 0.004386
0 0.790022 0.546784 0.000548 0.015351