0 0.688185 0.716374 0.011787 0.014620
0 0.496985 0.842288 0.010417 0.018640
0 0.682566 0.842654 0.012061 0.022295
0 0.830455 0.610015 0.012884 0.017544
0 0.619106 0.366776 0.005208 0.015716
0 0.536870 0.850877 0.007401 0.011696
0 0.793448 0.846857 0.004112 0.021199
0 0.186815 0.758224 0.011239 0.020833
0 0.735746 0.418860 0.012061 0.019006
0 0.591968 0.251096 0.007950 0.012427
0 0.225740 0.169408 0.012336 0.017178
0 0.119243 0.537463 0.014254 0.020102
0 0.573465 0.767727 0.011513 0.018640
0 0.842791 0.281981 0.010691 0.016447
0 0.501508 0.621528 0.012884 0.022295
0 0.468339 0.396382 0.007950 0.013523
0 0.782621 0.651499 0.011513 0.017178
0 0.510143 0.269371 0.006579 0.013158
0 0.829907 0.915570 0.012336 0.021930
0 0.443394 0.134503 0.004660 0.013889
0 0.189008 0.718019 0.013432 0.016447
0 0.356360 0.772661 0.005482 0.022661
0 0.828262 0.651133 0.013980 0.020833
0 0.153783 0.840461 0.008224 0.012792
0 0.539885 0.868787 0.006853 0.011696
0 0.094161 0.330227 0.006305 0.021564
0 0.583745 0.360197 0.005208 0.009137
0 0.501234 0.206689 0.009046 0.014985
0 0.208059 0.663743 0.015899 0.026316
0 0.607456 0.878838 0.008772 0.016447
0 0.082922 0.483918 0.009594 0.016082
0 0.160225 0.058662 0.013432 0.023026
0 0.638158 0.446455 0.013706 0.019371
0 0.758772 0.717105 0.015899 0.015351
0 0.668311 0.871893 0.008224 0.012792
0 0.216283 0.402778 0.012610 0.019737
0 0.851425 0.675256 0.016447 0.018640
0 0.187637 0.408991 0.012336 0.019737
0 0.815652 0.595577 0.013980 0.010599
0 0.451480 0.773575 0.008772 0.019371
0 0.915707 0.691886 0.008498 0.013889
0 0.710389 0.294408 0.008498 0.017178
0 0.686815 0.514072 0.013980 0.023026
0 0.740954 0.688596 0.011513 0.016082
0 0.033580 0.805921 0.018914 0.021199
0 0.272889 0.433662 0.009594 0.013523
0 0.091009 0.483004 0.003289 0.014985
0 0.237939 0.346491 0.009868 0.008772
0 0.663788 0.835892 0.010143 0.016082
0 0.520422 0.868604 0.011787 0.020102
0 0.452577 0.194627 0.008224 0.012061
0 0.928317 0.675621 0.006305 0.009137
0 0.380071 0.645468 0.011787 0.019737
0 0.762610 0.449379 0.009320 0.016447
0 0.635280 0.505482 0.008498 0.015351
0 0.025630 0.427814 0.011239 0.017178
0 0.057018 0.923428 0.010965 0.015716
0 0.892407 0.593385 0.004660 0.008406
0 0.771107 0.293494 0.007675 0.011696
0 0.611979 0.365314 0.003564 0.014254
0 0.578399 0.414656 0.012061 0.014254
0 0.773849 0.290936 0.013158 0.020468
0 0.691201 0.728984 0.009046 0.010599
0 0.855674 0.718202 0.005208 0.009503
0 0.021107 0.214730 0.012061 0.017909
0 0.542626 0.694079 0.015077 0.015351
0 0.520833 0.556835 0.010965 0.022295
0 0.447094 0.188048 0.008224 0.010599
0 0.874315 0.599781 0.003564 0.008772
0 0.908991 0.760234 0.006031 0.010234
0 0.349370 0.773392 0.003015 0.021199
0 0.736294 0.502924 0.010965 0.013889
0 0.942434 0.501279 0.004934 0.007675
0 0.009320 0.674342 0.009320 0.019737
0 0.239720 0.355994 0.013432 0.005117
0 0.631168 0.896930 0.009046 0.016082
0 0.583607 0.523940 0.013158 0.017909
0 0.160773 0.451023 0.016173 0.021199
0 0.531798 0.857091 0.005482 0.015351
0 0.123904 0.753472 0.015899 0.023757
0 0.745751 0.594298 0.012884 0.009503
0 0.759320 0.496893 0.014803 0.019371
0 0.512473 0.606725 0.017818 0.021930
0 0.378701 0.677632 0.010691 0.011696
0 0.504660 0.891082 0.013158 0.019006
0 0.826480 0.831689 0.012061 0.012792
0 0.927357 0.748721 0.003838 0.006213
0 0.509594 0.535270 0.010965 0.013523
0 0.312637 0.898940 0.015625 0.022295
0 0.430099 0.842105 0.016447 0.023392
0 0.362390 0.694079 0.011513 0.015351
0 0.786047 0.845395 0.006305 0.021199
0 0.724095 0.225329 0.005757 0.009137
0 0.228481 0.184942 0.012336 0.016813
0 0.720258 0.606177 0.013980 0.020833
0 0.098958 0.343202 0.007127 0.013889
0 0.599507 0.799342 0.008772 0.013889
0 0.510691 0.914656 0.008772 0.012792
0 0.702440 0.752741 0.000822 0.017909
0 0.491639 0.888341 0.010143 0.017909
0 0.909814 0.748355 0.006031 0.009868
0 0.146930 0.829678 0.015351 0.010965
0 0.362939 0.704678 0.012061 0.002924
0 0.373492 0.413743 0.009594 0.016082
0 0.600192 0.881396 0.007950 0.019371
0 0.434073 0.834795 0.007401 0.010965
0 0.003289 0.830409 0.003289 0.011696
0 0.566338 0.322186 0.006579 0.007675
0 0.428591 0.837902 0.011239 0.016447
0 0.361842 0.896564 0.008224 0.011696
0 0.446135 0.151133 0.006305 0.009868
0 0.216557 0.150585 0.013158 0.024123
0 0.917078 0.685855 0.005757 0.009137
0 0.399397 0.884320 0.003838 0.006944
0 0.092654 0.776316 0.004934 0.010965
0 0.905976 0.752924 0.005482 0.008041
0 0.012336 0.452120 0.005482 0.008772
0 0.078262 0.858004 0.006305 0.009868
0 0.264391 0.294591 0.001371 0.009503
0 0.002604 0.808845 0.002467 0.013158
0 0.184759 0.155702 0.009320 0.016082
0 0.938459 0.480080 0.005757 0.007675
0 0.703947 0.874452 0.002193 0.017909
0 0.276864 0.366776 0.010965 0.010599
0 0.519326 0.227705 0.006305 0.012427
0 0.720121 0.928728 0.008224 0.013158
0 0.202440 0.530885 0.007401 0.012792
0 0.002193 0.256762 0.002193 0.017178
0 0.702851 0.574196 0.001096 0.005848
0 0.002193 0.671784 0.002193 0.008772
0 0.894600 0.328399 0.005757 0.008406
0 0.522752 0.858735 0.006031 0.009868
0 0.179276 0.859466 0.003838 0.009868
0 0.506305 0.629569 0.009320 0.014985
0 0.433936 0.871345 0.008772 0.013158
0 0.440789 0.843933 0.002193 0.010234
0 0.961486 0.443531 0.006853 0.011330
0 0.929276 0.624635 0.005482 0.007310
0 0.718887 0.213999 0.013980 0.017178
0 0.535225 0.856177 0.009046 0.017909
0 0.163514 0.462719 0.012336 0.009503
0 0.182977 0.853618 0.007401 0.027412
0 0.423109 0.344298 0.004660 0.009503
0 0.898026 0.543677 0.007127 0.008406
0 0.548794 0.857639 0.010965 0.012792
0 0.221765 0.319810 0.006031 0.009503
0 0.857593 0.717654 0.004112 0.009868
0 0.911595 0.747076 0.010143 0.014620
0 0.450384 0.142727 0.010417 0.012792
0 0.585115 0.308662 0.003564 0.006213
0 0.951206 0.330409 0.004386 0.005117
0 0.878838 0.381031 0.001645 0.006213
0 0.931195 0.247990 0.004386 0.006944
0 0.369929 0.653692 0.006305 0.009868
0 0.587171 0.858918 0.005482 0.007310
0 0.303865 0.410088 0.006305 0.013158
0 0.914200 0.737025 0.004386 0.007675
0 0.660499 0.875365 0.008498 0.013158
0 0.009731 0.671418 0.005208 0.007310
0 0.369106 0.265534 0.005757 0.009137
0 0.264117 0.295322 0.000822 0.013158
0 0.637336 0.815789 0.007127 0.005848
0 0.025493 0.603436 0.007127 0.010234
0 0.301261 0.674890 0.007127 0.009868
0 0.377193 0.655885 0.004386 0.006944
0 0.908991 0.528874 0.004934 0.008041
0 0.368010 0.528143 0.006853 0.010965
0 0.590186 0.653326 0.006031 0.007675
0 0.676124 0.208699 0.006853 0.008041
0 0.381990 0.911732 0.007950 0.013523
0 0.226562 0.049525 0.007950 0.012061
0 0.179825 0.854349 0.004386 0.025219
0 0.931743 0.474232 0.004934 0.006213
0 0.001096 0.674342 0.001096 0.023392
0 0.923109 0.686952 0.004112 0.006944
0 0.893640 0.339547 0.007127 0.011696
0 0.783306 0.832420 0.007401 0.009137
0 0.720532 0.347039 0.006853 0.006213
0 0.422834 0.476791 0.005208 0.007675
0 0.585389 0.611659 0.011239 0.015716
0 0.146930 0.457602 0.020285 0.019006
0 0.198191 0.150585 0.014803 0.019737
0 0.227522 0.181652 0.014803 0.029971
0 0.505345 0.370249 0.005757 0.009503
0 0.715186 0.292946 0.006579 0.012792
0 0.145833 0.745431 0.008772 0.012792
0 0.654194 0.535088 0.006305 0.013889
0 0.486431 0.925073 0.008498 0.010965
0 0.717516 0.243604 0.003564 0.006213
0 0.208745 0.418677 0.005208 0.007675