0 0.775356 0.257127 0.006305 0.011330
0 0.653372 0.482456 0.007401 0.012427
0 0.859375 0.081323 0.010417 0.016447
0 0.421464 0.157529 0.006853 0.010965
0 0.591694 0.384320 0.006853 0.011330
0 0.887610 0.398575 0.007675 0.011330
0 0.512198 0.063962 0.007401 0.013158
0 0.509320 0.241959 0.007127 0.008041
0 0.676535 0.518092 0.007675 0.012061
0 0.659951 0.479349 0.007950 0.011330
0 0.466009 0.460892 0.007675 0.013158
0 0.818394 0.649854 0.007950 0.011696
0 0.454496 0.433845 0.006579 0.011696
0 0.410636 0.146016 0.007127 0.012792
0 0.610334 0.537829 0.006853 0.017178
0 0.404605 0.082237 0.012061 0.018275
0 0.666941 0.504934 0.008772 0.014254
0 0.180510 0.344481 0.005208 0.012792
0 0.844572 0.500365 0.007127 0.008041
0 0.777823 0.495797 0.006305 0.009137
0 0.684485 0.514072 0.008772 0.012061
0 0.543586 0.018275 0.006579 0.012427
0 0.616776 0.552632 0.002741 0.013889
0 0.565104 0.444810 0.007401 0.011696
0 0.787418 0.108553 0.004112 0.016813
0 0.879934 0.616776 0.002741 0.014254
0 0.793174 0.338999 0.003564 0.009868
0 0.874863 0.615863 0.004112 0.013889
0 0.627330 0.411001 0.007950 0.014254
0 0.797834 0.031433 0.008498 0.014620
0 0.389666 0.493238 0.007401 0.012792
0 0.868421 0.437500 0.007127 0.010965
0 0.536321 0.474232 0.006853 0.006213
0 0.030291 0.885234 0.010691 0.017544
0 0.649945 0.148757 0.009868 0.013158
0 0.476837 0.015899 0.007401 0.012061
0 0.442023 0.478801 0.003564 0.010965
0 0.385280 0.250000 0.007401 0.013158
0 0.596628 0.376462 0.007950 0.008041
0 0.432840 0.641447 0.007127 0.009503
0 0.180510 0.717105 0.005208 0.015351
0 0.647067 0.485015 0.005757 0.011696
0 0.641584 0.132675 0.007401 0.010965
0 0.724370 0.417580 0.006305 0.008406
0 0.498766 0.421966 0.007401 0.011330
0 0.911732 0.095760 0.009868 0.016082
0 0.586486 0.063048 0.009046 0.012792
0 0.762198 0.387244 0.011239 0.016447
0 0.065789 0.730994 0.012610 0.021199
0 0.020422 0.500365 0.011239 0.012427
0 0.612116 0.400950 0.003289 0.013158
0 0.871848 0.385965 0.005208 0.006579
0 0.932018 0.560307 0.006579 0.010234
0 0.109649 0.689327 0.007675 0.010965
0 0.522478 0.557749 0.007127 0.011696
0 0.531661 0.472405 0.005208 0.004751
0 0.499863 0.156798 0.005208 0.008041
0 0.867599 0.082054 0.008224 0.013523
0 0.105126 0.372807 0.013432 0.014620
0 0.713130 0.052266 0.010143 0.012427
0 0.612390 0.552266 0.003289 0.013889
0 0.770422 0.477522 0.007401 0.009868
0 0.623218 0.553545 0.009046 0.014254
0 0.530702 0.514254 0.004386 0.013158
0 0.333607 0.032529 0.012061 0.020468
0 0.567434 0.463268 0.007675 0.009137
0 0.177083 0.680738 0.001645 0.016447
0 0.657758 0.164291 0.007950 0.009868
0 0.732456 0.630848 0.007127 0.009503
0 0.831140 0.493421 0.006579 0.010965
0 0.610883 0.148940 0.006305 0.017909
0 0.581277 0.611294 0.006305 0.008406
0 0.675713 0.733553 0.009868 0.008041
0 0.587308 0.378472 0.007950 0.011330
0 0.785225 0.034174 0.008498 0.020102
0 0.787007 0.048611 0.004386 0.011696
0 0.794408 0.131031 0.004934 0.014254
0 0.554413 0.330592 0.005208 0.008406
0 0.161321 0.313414 0.008498 0.014254
0 0.886239 0.408808 0.004934 0.006944
0 0.105400 0.688596 0.011239 0.013158
0 0.151453 0.591557 0.007401 0.006944
0 0.456963 0.198648 0.008772 0.017909
0 0.523575 0.524671 0.004934 0.011330
0 0.128427 0.565607 0.011787 0.017909
0 0.120203 0.712902 0.013980 0.011330
0 0.092242 0.873355 0.004660 0.030336
0 0.574287 0.475694 0.010417 0.007675
0 0.889254 0.554094 0.004934 0.008041
0 0.792763 0.106725 0.003289 0.015351
0 0.094709 0.845212 0.006853 0.026681
0 0.780839 0.524306 0.007401 0.011330
0 0.667215 0.264254 0.004934 0.007310
0 0.179139 0.525219 0.003564 0.013889
0 0.514529 0.541301 0.007127 0.011696
0 0.179139 0.648209 0.003564 0.018640
0 0.757127 0.328399 0.007127 0.012792
0 0.178591 0.756396 0.003015 0.024488
0 0.617736 0.354532 0.003564 0.003655
0 0.077303 0.392544 0.006031 0.015351
0 0.137198 0.707602 0.008498 0.005848
0 0.214227 0.650402 0.010691 0.017909
0 0.692845 0.267544 0.005757 0.008041
0 0.241365 0.457968 0.012336 0.015351
0 0.870888 0.487208 0.006031 0.009503
0 0.616228 0.401133 0.002193 0.013523
0 0.080866 0.400768 0.013706 0.019371
0 0.584293 0.621162 0.005757 0.012792
0 0.794956 0.238304 0.005482 0.004386
0 0.138021 0.394554 0.011239 0.016447
0 0.288651 0.751827 0.007127 0.008772
0 0.604578 0.256396 0.005757 0.008406
0 0.333882 0.655154 0.004934 0.006944
0 0.689693 0.835892 0.007127 0.012427
0 0.833196 0.494335 0.012884 0.016447
0 0.592516 0.004386 0.011239 0.004386
0 0.455455 0.243604 0.011787 0.009868
0 0.731223 0.664656 0.010691 0.014254
0 0.089775 0.606908 0.001919 0.022295
0 0.677357 0.268092 0.014803 0.018640
0 0.757538 0.018275 0.009594 0.011696
0 0.265351 0.406250 0.002193 0.007675
0 0.604989 0.054825 0.009868 0.008772
0 0.557977 0.053363 0.006305 0.012427
0 0.717105 0.705409 0.006031 0.003655
0 0.717242 0.698830 0.006853 0.005117
0 0.530702 0.167215 0.004386 0.018640
0 0.722862 0.547515 0.008772 0.013158
0 0.787829 0.354715 0.003289 0.004020
0 0.677220 0.711988 0.010691 0.010234
0 0.336212 0.454496 0.010143 0.026681
0 0.177632 0.735197 0.002193 0.009137
0 0.480674 0.712719 0.011239 0.010234
0 0.597451 0.010965 0.009046 0.010965
0 0.108827 0.670139 0.011513 0.015716
0 0.588542 0.280519 0.010417 0.018640
0 0.323602 0.296235 0.011787 0.022295
0 0.343202 0.829496 0.012061 0.010599
0 0.450795 0.208151 0.006305 0.012792
0 0.706689 0.168311 0.004934 0.014254
0 0.482593 0.713268 0.006305 0.007675
0 0.102796 0.601243 0.010965 0.014620
0 0.527412 0.475877 0.001096 0.008041
0 0.194901 0.390168 0.019189 0.028874
0 0.251371 0.462354 0.007675 0.008041
0 0.780154 0.829861 0.009320 0.011330
0 0.579221 0.364766 0.006579 0.013889
0 0.616228 0.145468 0.002193 0.014620
0 0.081552 0.567251 0.012336 0.023392
0 0.058388 0.492873 0.010417 0.018640
0 0.796327 0.809211 0.006031 0.008041
0 0.896107 0.405336 0.006031 0.008772
0 0.361431 0.124269 0.006853 0.007310
0 0.521793 0.524306 0.009046 0.012792
0 0.283032 0.790570 0.009594 0.013158
0 0.777961 0.872990 0.012061 0.014985
0 0.488624 0.462537 0.013980 0.010599
0 0.608964 0.546053 0.005757 0.009503
0 0.422012 0.787646 0.012884 0.013889
0 0.615680 0.542215 0.001645 0.009868
0 0.221628 0.472039 0.010691 0.004020
0 0.228481 0.739035 0.010143 0.012427
0 0.618421 0.119700 0.004386 0.002558
0 0.150768 0.335344 0.014254 0.014254
0 0.090323 0.556104 0.002467 0.011330
0 0.191886 0.381396 0.013158 0.014985
0 0.387198 0.744883 0.005208 0.005848
0 0.874452 0.461806 0.004386 0.009868
0 0.176124 0.690972 0.000822 0.009868
0 0.077440 0.631031 0.011239 0.016447
0 0.248081 0.404423 0.008772 0.014254
0 0.134183 0.568896 0.006853 0.006944
0 0.167489 0.419225 0.005482 0.009503
0 0.716420 0.667946 0.009594 0.014254
0 0.093202 0.709064 0.005482 0.007310
0 0.486705 0.019920 0.014529 0.014254
0 0.814282 0.640899 0.005757 0.012061
0 0.486705 0.103436 0.015077 0.024854
0 0.135691 0.690424 0.012610 0.022661
0 0.260005 0.470943 0.006305 0.003289
0 0.622122 0.120066 0.005757 0.003289
0 0.449698 0.324927 0.009594 0.013158
0 0.669134 0.512244 0.007127 0.011330
0 0.016584 0.739766 0.006305 0.007310
0 0.125548 0.655885 0.010965 0.012792
0 0.719161 0.680007 0.009594 0.016447
0 0.674890 0.672149 0.007127 0.010234
0 0.382401 0.023392 0.004386 0.007310
0 0.388569 0.146930 0.013432 0.019006
0 0.182155 0.704861 0.006853 0.003289
0 0.179962 0.731542 0.004660 0.006944
0 0.792215 0.036184 0.002741 0.024854
0 0.528509 0.070358 0.002193 0.011330
0 0.118284 0.495980 0.010143 0.015351
0 0.005620 0.823648 0.005757 0.004751
0 0.910773 0.038925 0.005757 0.006944
0 0.725877 0.429094 0.006579 0.009503
0 0.095258 0.664108 0.007401 0.021199
0 0.097177 0.808845 0.009594 0.019737
0 0.773712 0.409722 0.006853 0.011696
0 0.178728 0.748721 0.003289 0.014254
0 0.014666 0.573648 0.014529 0.022295
0 0.792626 0.089730 0.003015 0.016447
0 0.148026 0.711075 0.007675 0.009137
0 0.179825 0.540936 0.004386 0.020468
0 0.646793 0.120797 0.010143 0.004020
0 0.203810 0.647478 0.010691 0.009137
0 0.461897 0.431652 0.006031 0.008772
0 0.437363 0.356725 0.002467 0.005848
0 0.416530 0.164839 0.010143 0.016813
0 0.221902 0.378838 0.012884 0.017178
0 0.521245 0.254020 0.009594 0.010965
0 0.578536 0.449561 0.008498 0.012427
0 0.872396 0.470029 0.009594 0.002193
0 0.793311 0.238487 0.003838 0.004751
0 0.611568 0.457602 0.004386 0.014620
0 0.441886 0.617690 0.003289 0.019006
0 0.588816 0.479167 0.010417 0.010965
0 0.794271 0.019920 0.004660 0.014985
0 0.169819 0.527047 0.011239 0.021199
0 0.682840 0.432018 0.010965 0.008041
0 0.137884 0.541301 0.009320 0.013889
0 0.065927 0.498721 0.007950 0.009868
0 0.703947 0.249452 0.002193 0.015716
0 0.102248 0.651681 0.006031 0.008041
0 0.046875 0.690424 0.011513 0.016082
0 0.182155 0.537098 0.006853 0.031067
0 0.757675 0.022661 0.011513 0.020468
0 0.073054 0.713450 0.011787 0.011696
0 0.489995 0.108370 0.009594 0.014985
0 0.267544 0.393092 0.004386 0.014985
0 0.616913 0.864949 0.003015 0.022295
0 0.096080 0.825292 0.008498 0.006579
0 0.515488 0.539291 0.009594 0.018640
0 0.202577 0.363304 0.014254 0.012427
0 0.791667 0.019737 0.002193 0.015351
0 0.616776 0.353984 0.002741 0.003289
0 0.038514 0.710526 0.008498 0.008772
0 0.854578 0.505848 0.006305 0.007310
0 0.893503 0.411732 0.010143 0.017178
0 0.772615 0.494700 0.004660 0.005482
0 0.428180 0.271747 0.008224 0.009137
0 0.779742 0.008041 0.010691 0.008041
0 0.791255 0.355080 0.001919 0.004020
0 0.177632 0.728618 0.002193 0.019371
0 0.745477 0.016265 0.007950 0.012061
0 0.092105 0.608187 0.004386 0.021930
0 0.154605 0.336075 0.008224 0.013523
0 0.652275 0.013706 0.006305 0.008406
0 0.113898 0.491959 0.019463 0.024123
0 0.804276 0.024854 0.013158 0.018275
0 0.567297 0.470029 0.007401 0.002193
0 0.431743 0.506031 0.013158 0.018640
0 0.440789 0.127376 0.002193 0.010599
0 0.152001 0.777961 0.011787 0.018640
0 0.443120 0.618969 0.004660 0.020833
0 0.456140 0.843567 0.010965 0.013158
0 0.265762 0.378838 0.002467 0.012061
0 0.548931 0.814145 0.007401 0.008406
0 0.556058 0.335526 0.005757 0.007310
0 0.950384 0.928545 0.010965 0.012792
0 0.669956 0.713450 0.010417 0.011696
0 0.185855 0.396016 0.007127 0.010599
0 0.008224 0.758041 0.008224 0.009503
0 0.579221 0.357456 0.004934 0.006579
0 0.434622 0.623538 0.007950 0.016082
0 0.462856 0.027412 0.009046 0.016082
0 0.239857 0.499086 0.004386 0.008406
0 0.104167 0.390899 0.016447 0.028874
0 0.469435 0.227522 0.009046 0.012792
0 0.785499 0.044591 0.006305 0.027778
0 0.137884 0.345212 0.012061 0.011330
0 0.617325 0.113852 0.003289 0.006213
0 0.408717 0.212902 0.006031 0.006213
0 0.730674 0.667215 0.009046 0.008406
0 0.588679 0.059028 0.013980 0.021564
0 0.168586 0.411915 0.013158 0.019006
0 0.705044 0.688414 0.003289 0.026681
0 0.264803 0.405702 0.001645 0.015351