0 0.559759 0.841192 0.008772 0.017178
0 0.135280 0.830775 0.006305 0.011696
0 0.791804 0.201937 0.002467 0.018640
0 0.253975 0.610015 0.005757 0.009503
0 0.552906 0.220029 0.004934 0.008772
0 0.120066 0.638523 0.012061 0.021199
0 0.145696 0.492325 0.005757 0.008772
0 0.888158 0.791118 0.008224 0.010599
0 0.238487 0.368604 0.008224 0.012792
0 0.799753 0.888706 0.009594 0.013523
0 0.807840 0.608004 0.007675 0.012061
0 0.906524 0.326937 0.010417 0.012061
0 0.129523 0.645468 0.007950 0.010965
0 0.772067 0.760782 0.005208 0.007675
0 0.082511 0.806652 0.010417 0.020468
0 0.898438 0.779240 0.006853 0.016813
0 0.753701 0.463085 0.005757 0.008041
0 0.831414 0.711257 0.006579 0.007310
0 0.955866 0.715643 0.006031 0.013889
0 0.645696 0.267909 0.005208 0.011696
0 0.178317 0.362939 0.003015 0.009503
0 0.234923 0.085526 0.006031 0.008772
0 0.836623 0.607456 0.009868 0.018275
0 0.528509 0.650037 0.002193 0.008406
0 0.226700 0.557018 0.007675 0.010965
0 0.409128 0.828947 0.003564 0.006579
0 0.878701 0.146382 0.001371 0.008406
0 0.408991 0.062865 0.006579 0.012427
0 0.376096 0.406615 0.007675 0.009868
0 0.282072 0.158808 0.006031 0.008406
0 0.867188 0.446272 0.005757 0.014620
0 0.287555 0.020833 0.007127 0.011696
0 0.429002 0.716923 0.008224 0.013523
0 0.483141 0.341374 0.006853 0.010965
0 0.337308 0.866776 0.008498 0.008406
0 0.003838 0.549890 0.003838 0.011330
0 0.415159 0.798428 0.013980 0.023757
0 0.182977 0.021382 0.007401 0.014985
0 0.678317 0.767909 0.008498 0.019006
0 0.242050 0.184576 0.008772 0.009503
0 0.814419 0.343567 0.009320 0.014620
0 0.486157 0.500183 0.007950 0.012061
0 0.119243 0.493604 0.005482 0.007675
0 0.548931 0.478801 0.006853 0.010965
0 0.299616 0.601791 0.004934 0.012061
0 0.352522 0.734832 0.001645 0.014254
0 0.258635 0.690972 0.005757 0.008406
0 0.215186 0.884137 0.008224 0.015351
0 0.881579 0.560673 0.004386 0.010965
0 0.674890 0.228984 0.007675 0.009868
0 0.932977 0.328399 0.007401 0.010599
0 0.055784 0.275037 0.010691 0.015716
0 0.866365 0.511148 0.009046 0.006944
0 0.677220 0.124817 0.003015 0.007675
0 0.895285 0.145468 0.004386 0.010234
0 0.876096 0.146199 0.002193 0.016082
0 0.274945 0.121345 0.006031 0.004386
0 0.680510 0.631031 0.012336 0.009137
0 0.931058 0.519189 0.007950 0.017178
0 0.955044 0.338633 0.003838 0.011330
0 0.607045 0.611659 0.005208 0.007675
0 0.371573 0.140168 0.004112 0.007675
0 0.755757 0.228984 0.009320 0.009868
0 0.626645 0.275037 0.006031 0.009868
0 0.529742 0.642544 0.003564 0.008041
0 0.774534 0.866594 0.005208 0.006579
0 0.890762 0.162281 0.005757 0.007310
0 0.347725 0.731177 0.006305 0.015716
0 0.856771 0.493238 0.004112 0.006213
0 0.541393 0.245249 0.005482 0.009503
0 0.528509 0.656615 0.002193 0.006944
0 0.814967 0.246893 0.003289 0.006944
0 0.251371 0.580409 0.005482 0.008041
0 0.787692 0.354532 0.003564 0.003655
0 0.117873 0.425439 0.007127 0.018275
0 0.171327 0.610928 0.007675 0.019371
0 0.693942 0.634686 0.009046 0.018640
0 0.277275 0.733735 0.003015 0.006213
0 0.064282 0.567434 0.008498 0.019371
0 0.432018 0.160270 0.004934 0.010599
0 0.285362 0.390168 0.006579 0.009137
0 0.915433 0.335161 0.010143 0.017544
0 0.750274 0.781798 0.011513 0.012427
0 0.815789 0.347039 0.004934 0.007675
0 0.705044 0.543129 0.003289 0.006579
0 0.225192 0.927814 0.006853 0.008406
0 0.200110 0.453765 0.005482 0.009137
0 0.370888 0.138158 0.005482 0.011696
0 0.865543 0.482456 0.011239 0.014620
0 0.925164 0.574744 0.012610 0.017909
0 0.558662 0.638341 0.008772 0.009868
0 0.331003 0.440058 0.004660 0.007310
0 0.169682 0.459613 0.005482 0.006213
0 0.691064 0.637061 0.010965 0.015351
0 0.150905 0.801352 0.009046 0.013523
0 0.923794 0.508224 0.006579 0.007675
0 0.207237 0.669591 0.006031 0.007310
0 0.753564 0.210161 0.004386 0.008041
0 0.172834 0.007127 0.004660 0.006944
0 0.110197 0.480811 0.007675 0.009137
0 0.582374 0.292946 0.006305 0.017178
0 0.750685 0.194810 0.004112 0.005117
0 0.826206 0.335892 0.006031 0.013158
0 0.651590 0.322186 0.003838 0.008406
0 0.917352 0.382858 0.007950 0.011330
0 0.875274 0.492142 0.003838 0.024488
0 0.770285 0.889437 0.007675 0.009137
0 0.790707 0.356542 0.001371 0.005482
0 0.792626 0.904240 0.003015 0.012427
0 0.929550 0.345577 0.009320 0.010599
0 0.736157 0.335161 0.005208 0.008041
0 0.825658 0.339730 0.007675 0.022295
0 0.934759 0.360928 0.005482 0.006213
0 0.896519 0.243787 0.006853 0.009503
0 0.360883 0.195358 0.003564 0.006213
0 0.224781 0.925073 0.008224 0.010965
0 0.172834 0.544773 0.005208 0.015716
0 0.351425 0.627010 0.000548 0.015716
0 0.534402 0.707420 0.005757 0.005482
0 0.310855 0.912098 0.005482 0.006213
0 0.207374 0.726243 0.005208 0.010965
0 0.679413 0.772661 0.005208 0.009503
0 0.191612 0.530519 0.006031 0.009137
0 0.795504 0.929642 0.006031 0.009137
0 0.323191 0.064876 0.003838 0.008406
0 0.152275 0.652961 0.006853 0.010599
0 0.619380 0.531615 0.005208 0.020833
0 0.286458 0.023209 0.011513 0.017178
0 0.345121 0.402595 0.005482 0.009868
0 0.619655 0.244700 0.004112 0.006213
0 0.805647 0.343202 0.009320 0.015351
0 0.756442 0.211440 0.012336 0.019371
0 0.582511 0.512792 0.010965 0.010965
0 0.563596 0.544408 0.004386 0.010599
0 0.857182 0.491045 0.005482 0.012061
0 0.687637 0.625365 0.006853 0.008772
0 0.961212 0.510599 0.003015 0.008772
0 0.074561 0.571455 0.011513 0.017909
0 0.001645 0.336075 0.001645 0.013523
0 0.313871 0.239949 0.006031 0.006213
0 0.932977 0.500731 0.004660 0.008041
0 0.804276 0.297332 0.005482 0.007675
0 0.174205 0.007310 0.002467 0.007310
0 0.150356 0.637427 0.006853 0.011696
0 0.777686 0.112756 0.007127 0.008406
0 0.351974 0.733187 0.001096 0.014620
0 0.327851 0.442251 0.003838 0.006579
0 0.434759 0.225694 0.006031 0.016447
0 0.540296 0.805738 0.006579 0.013523
0 0.087171 0.694810 0.001096 0.013889
0 0.617736 0.516813 0.003564 0.008772
0 0.586623 0.371893 0.004934 0.007675
0 0.019600 0.699013 0.011787 0.005482
0 0.417352 0.796601 0.010143 0.016447
0 0.791530 0.354349 0.001919 0.003289
0 0.900082 0.619152 0.007401 0.008772
0 0.229167 0.804459 0.013706 0.021199
0 0.639117 0.106542 0.010143 0.011330
0 0.207374 0.694444 0.006305 0.010234
0 0.908717 0.326206 0.005482 0.009868
0 0.404605 0.033991 0.004386 0.009503
0 0.285362 0.396747 0.008772 0.021564
0 0.892133 0.575475 0.005208 0.006944
0 0.103207 0.643458 0.005208 0.009868
0 0.071683 0.697186 0.013980 0.009137
0 0.386239 0.362390 0.008224 0.011330
0 0.746848 0.247807 0.010691 0.013889
0 0.235883 0.285819 0.003564 0.005117
0 0.731634 0.707420 0.013158 0.005482
0 0.529057 0.703947 0.002741 0.002193
0 0.116776 0.420322 0.003838 0.008772
0 0.532346 0.353618 0.006031 0.002558
0 0.061266 0.417215 0.004660 0.006944
0 0.331552 0.121345 0.004660 0.004386
0 0.352385 0.281798 0.001371 0.013158
0 0.563459 0.667398 0.006853 0.012427
0 0.645148 0.908260 0.009594 0.012427
0 0.227933 0.809028 0.010691 0.014985
0 0.793311 0.709247 0.003838 0.007675
0 0.608141 0.565058 0.010143 0.016082
0 0.614583 0.373721 0.000548 0.016447
0 0.744380 0.673063 0.007401 0.009137
0 0.824150 0.449561 0.006305 0.010234
0 0.811541 0.257127 0.006305 0.008406
0 0.599918 0.837171 0.005208 0.007675
0 0.172834 0.891813 0.005208 0.012427
0 0.919408 0.249086 0.005482 0.008406