0 0.042215 0.743056 0.008772 0.019006
0 0.942023 0.852887 0.008498 0.011330
0 0.535910 0.839364 0.008772 0.013523
0 0.067160 0.797880 0.009868 0.013889
0 0.479030 0.609832 0.006305 0.008406
0 0.049890 0.799708 0.008772 0.012427
0 0.149671 0.739766 0.016447 0.024854
0 0.531798 0.345395 0.005482 0.010234
0 0.146245 0.737756 0.009046 0.020102
0 0.740680 0.709430 0.004386 0.005848
0 0.806058 0.487208 0.003564 0.006579
0 0.511513 0.555921 0.003838 0.005848
0 0.703262 0.409905 0.001371 0.010599
0 0.179276 0.821637 0.003838 0.002924
0 0.866913 0.861111 0.003564 0.005117
0 0.700795 0.597953 0.001919 0.013158
0 0.352111 0.725694 0.001371 0.018640
0 0.829496 0.706871 0.004934 0.005117
0 0.029468 0.698648 0.011239 0.005482
0 0.584841 0.449196 0.003564 0.005117
0 0.066201 0.892361 0.004112 0.005482
0 0.201891 0.783991 0.011239 0.017544
0 0.236568 0.624269 0.004386 0.008041
0 0.228481 0.831506 0.004660 0.008772
0 0.322505 0.658443 0.004660 0.005482
0 0.344572 0.781433 0.004934 0.006579
0 0.894874 0.873173 0.013980 0.017544
0 0.478344 0.612573 0.003838 0.005848
0 0.628701 0.712171 0.003564 0.004020
0 0.084978 0.756213 0.004934 0.019737
0 0.603207 0.489949 0.005208 0.007675
0 0.028235 0.860015 0.007675 0.010965
0 0.830318 0.499635 0.004934 0.009503
0 0.959156 0.891813 0.007675 0.010234
0 0.864172 0.618604 0.006305 0.010599
0 0.628701 0.457602 0.003015 0.004386
0 0.364309 0.797697 0.003289 0.004751
0 0.101837 0.865497 0.003564 0.004386
0 0.069353 0.932018 0.011513 0.006579
0 0.834156 0.494152 0.004934 0.008772
0 0.791255 0.814145 0.001919 0.009137
0 0.527001 0.651681 0.000822 0.015351
0 0.583196 0.454313 0.005208 0.006579
0 0.678454 0.592288 0.007675 0.007675
0 0.817297 0.481360 0.003564 0.008772
0 0.105811 0.729715 0.015899 0.023026
0 0.726562 0.453582 0.005757 0.008041
0 0.444901 0.729898 0.004934 0.007310
0 0.854715 0.865680 0.003838 0.005482
0 0.054413 0.624817 0.010143 0.016447
0 0.832100 0.852339 0.005208 0.004386
0 0.609786 0.490497 0.004112 0.004386
0 0.577440 0.509686 0.004660 0.005482
0 0.106223 0.806469 0.015625 0.020833
0 0.760828 0.519737 0.003015 0.003655
0 0.753289 0.515534 0.003289 0.004020
0 0.760417 0.543494 0.012061 0.019006
0 0.837856 0.532164 0.005208 0.008772
0 0.575384 0.474598 0.003289 0.004751