0 0.465872 0.613852 0.007401 0.011330
0 0.471354 0.863304 0.005757 0.013158
0 0.414611 0.475146 0.006853 0.007310
0 0.005345 0.810673 0.005208 0.016082
0 0.577440 0.357639 0.005757 0.006944
0 0.556743 0.442251 0.009868 0.013158
0 0.430784 0.911001 0.007401 0.011330
0 0.547149 0.479349 0.009868 0.009868
0 0.624863 0.434759 0.005208 0.009137
0 0.481908 0.611294 0.008224 0.010599
0 0.610060 0.650585 0.007950 0.010965
0 0.380345 0.606908 0.005757 0.008406
0 0.591420 0.496528 0.010691 0.009137
0 0.589638 0.374452 0.005482 0.006944
0 0.615817 0.460526 0.001919 0.010965
0 0.427357 0.328034 0.006579 0.007675
0 0.364309 0.438231 0.006031 0.008772
0 0.398986 0.545687 0.006853 0.008772
0 0.364172 0.615314 0.006305 0.008406
0 0.421464 0.359649 0.006305 0.008041
0 0.446409 0.692617 0.007950 0.015351
0 0.394189 0.394189 0.005482 0.009137
0 0.407621 0.551901 0.007127 0.010234
0 0.436541 0.890899 0.004112 0.009868
0 0.633087 0.266265 0.006853 0.014985
0 0.622944 0.272478 0.009046 0.013523
0 0.428454 0.377193 0.005482 0.007310
0 0.405976 0.472039 0.006031 0.004020
0 0.001645 0.129569 0.001645 0.009137
0 0.610197 0.637061 0.007127 0.009503
0 0.464227 0.430556 0.007950 0.010965
0 0.374178 0.487208 0.005482 0.008041
0 0.241913 0.363487 0.009046 0.012792
0 0.615269 0.650037 0.001371 0.009868
0 0.576754 0.369700 0.007675 0.009868
0 0.180784 0.588450 0.005208 0.003655
0 0.704084 0.331506 0.002467 0.008041
0 0.157072 0.931287 0.014803 0.008772
0 0.476151 0.203034 0.008224 0.012061
0 0.356771 0.438596 0.005757 0.006579
0 0.401727 0.488670 0.005757 0.006579
0 0.008224 0.355446 0.008224 0.004751
0 0.580044 0.667580 0.006579 0.009868
0 0.384868 0.381213 0.004934 0.006579
0 0.168311 0.413377 0.005482 0.010234
0 0.232045 0.559393 0.011239 0.015716
0 0.406387 0.486111 0.004660 0.005848
0 0.571957 0.391265 0.006853 0.012061
0 0.656387 0.626096 0.005757 0.008772
0 0.336486 0.502924 0.004660 0.006579
0 0.658991 0.910088 0.012610 0.018275
0 0.003838 0.837719 0.003838 0.019006
0 0.168586 0.421235 0.004934 0.008406
0 0.330729 0.520468 0.005757 0.007310
0 0.091694 0.013523 0.004112 0.007310
0 0.841146 0.650037 0.011239 0.020102
0 0.264254 0.253472 0.001096 0.019371
0 0.956963 0.752193 0.015351 0.019006
0 0.084841 0.741594 0.005208 0.016813
0 0.046464 0.833151 0.008498 0.013523
0 0.003427 0.830409 0.003564 0.011696
0 0.624863 0.383589 0.004112 0.007675
0 0.458333 0.313414 0.005482 0.006213
0 0.478893 0.515716 0.003838 0.005117
0 0.096491 0.005665 0.008772 0.005482
0 0.593476 0.382127 0.006579 0.007675
0 0.516859 0.650037 0.006853 0.008406
0 0.444079 0.311952 0.005482 0.006213
0 0.254112 0.587537 0.004934 0.002558
0 0.381853 0.428363 0.003838 0.008041
0 0.611020 0.545139 0.006031 0.014985
0 0.949287 0.529057 0.005482 0.007675
0 0.684485 0.789291 0.004934 0.006213
0 0.597451 0.494518 0.004112 0.006579
0 0.910636 0.599598 0.004934 0.006944
0 0.703399 0.838450 0.001645 0.012427
0 0.001645 0.135965 0.001645 0.019006
0 0.178180 0.786915 0.002741 0.027778
0 0.678180 0.646382 0.005482 0.006213
0 0.774397 0.359649 0.011513 0.008772
0 0.962308 0.687317 0.004660 0.014254
0 0.380620 0.735563 0.011787 0.017909
0 0.614583 0.637610 0.000548 0.009868
0 0.178728 0.809576 0.003289 0.010234
0 0.001782 0.834978 0.001919 0.016447
0 0.482456 0.494883 0.003838 0.005848
0 0.339227 0.301352 0.006853 0.006944
0 0.343476 0.856725 0.006579 0.008041
0 0.442434 0.316155 0.003838 0.008772
0 0.129249 0.803545 0.009046 0.014254
0 0.164748 0.037098 0.008224 0.007675
0 0.341557 0.132310 0.003289 0.008772
0 0.926535 0.715278 0.006031 0.007310
0 0.376645 0.719115 0.010417 0.015716
0 0.127741 0.309942 0.005482 0.005117
0 0.464227 0.742325 0.005208 0.006579
0 0.421464 0.336623 0.005757 0.007310
0 0.166804 0.416849 0.009046 0.018640
0 0.172423 0.782346 0.005482 0.015716
0 0.266447 0.197551 0.003289 0.013523
0 0.315104 0.479532 0.007950 0.011696
0 0.603207 0.158077 0.007401 0.009868
0 0.012336 0.507675 0.006031 0.006579
0 0.757675 0.793311 0.012061 0.018640
0 0.439008 0.680921 0.000274 0.012427
0 0.480400 0.504020 0.004660 0.005848
0 0.218613 0.157346 0.007401 0.011330
0 0.403920 0.789656 0.005757 0.009868
0 0.259594 0.576937 0.006579 0.015716
0 0.502878 0.319993 0.005208 0.007675
0 0.422697 0.593385 0.008224 0.008406
0 0.186129 0.491228 0.004386 0.006579
0 0.179139 0.343933 0.003564 0.013889
0 0.179688 0.589181 0.004112 0.004386
0 0.004386 0.235928 0.004386 0.001827
0 0.393229 0.844846 0.009046 0.009868
0 0.443120 0.317982 0.004660 0.005848
0 0.453399 0.124269 0.013706 0.007310
0 0.333333 0.489766 0.006031 0.009503
0 0.395970 0.202851 0.004660 0.005117
0 0.377467 0.503838 0.006579 0.006944
0 0.357045 0.524123 0.006305 0.014620
0 0.920916 0.719115 0.016173 0.017178
0 0.580866 0.422880 0.006579 0.009503
0 0.716146 0.821637 0.010143 0.002924
0 0.929413 0.588450 0.014529 0.003655
0 0.824287 0.714912 0.004934 0.004386
0 0.188459 0.496711 0.007401 0.007310
0 0.249452 0.594481 0.007127 0.009868
0 0.808388 0.874269 0.010965 0.018275
0 0.136513 0.383589 0.006031 0.010599
0 0.326891 0.532164 0.006305 0.012427
0 0.309073 0.288925 0.004112 0.005482
0 0.095806 0.907529 0.006305 0.010965
0 0.003838 0.823282 0.003838 0.004751
0 0.923657 0.705409 0.007950 0.003655
0 0.143229 0.524671 0.005757 0.007675
0 0.440241 0.916301 0.001645 0.018275
0 0.373766 0.677997 0.006853 0.009503
0 0.446409 0.806287 0.007401 0.009503