0 0.756168 0.741228 0.009046 0.013158
0 0.198191 0.870249 0.008224 0.017544
0 0.026590 0.277595 0.014254 0.022295
0 0.161870 0.739218 0.010143 0.017178
0 0.429002 0.733553 0.006031 0.008772
0 0.059348 0.769554 0.005757 0.009137
0 0.213405 0.803180 0.006853 0.017178
0 0.295504 0.519371 0.007675 0.012427
0 0.066886 0.477887 0.006031 0.009868
0 0.125411 0.297149 0.008498 0.023392
0 0.439556 0.918860 0.000822 0.010965
0 0.448191 0.363121 0.004934 0.008406
0 0.707648 0.372442 0.004660 0.009503
0 0.352522 0.754203 0.001645 0.008406
0 0.239720 0.214912 0.012336 0.013158
0 0.624041 0.444627 0.006305 0.011330
0 0.172012 0.255665 0.006853 0.017178
0 0.294956 0.580409 0.007127 0.007310
0 0.091420 0.707420 0.003564 0.005482
0 0.092654 0.876462 0.004934 0.009503
0 0.099781 0.592654 0.006579 0.007675
0 0.570038 0.104532 0.005208 0.010234
0 0.177220 0.831140 0.001919 0.012427
0 0.616228 0.717105 0.002193 0.009503
0 0.354167 0.365497 0.003289 0.011696
0 0.248355 0.393275 0.006031 0.010965
0 0.833196 0.823830 0.009594 0.005117
0 0.238898 0.780336 0.004112 0.008772
0 0.541393 0.832785 0.008772 0.012792
0 0.244929 0.495066 0.009046 0.013523
0 0.519874 0.432200 0.007950 0.012061
0 0.229989 0.704861 0.007675 0.003289
0 0.885280 0.357456 0.004660 0.006579
0 0.616365 0.746345 0.002467 0.015351
0 0.341420 0.618421 0.005757 0.008041
0 0.852659 0.129751 0.004112 0.007310
0 0.536047 0.220212 0.004660 0.008406
0 0.313871 0.930190 0.006579 0.009503
0 0.512884 0.895651 0.008224 0.023026
0 0.346354 0.260051 0.007401 0.014254
0 0.177220 0.525037 0.001919 0.009137
0 0.619380 0.867325 0.005208 0.013889
0 0.038514 0.417580 0.005757 0.007675
0 0.241913 0.500365 0.004660 0.008772
0 0.116091 0.926535 0.005757 0.007310
0 0.056469 0.719115 0.004386 0.004751
0 0.089775 0.900950 0.001919 0.012427
0 0.328947 0.025950 0.006031 0.010234
0 0.003427 0.392727 0.003564 0.008406
0 0.030839 0.223136 0.009046 0.016447
0 0.077440 0.847405 0.006853 0.009137
0 0.178043 0.714730 0.002467 0.012061
0 0.207785 0.606542 0.009320 0.010599
0 0.444079 0.619883 0.005482 0.013158
0 0.397204 0.899123 0.009320 0.013158
0 0.017270 0.221491 0.012061 0.019737
0 0.237116 0.792946 0.004386 0.007675
0 0.425713 0.495249 0.010417 0.013158
0 0.539611 0.144737 0.003564 0.010234
0 0.241091 0.432200 0.006305 0.014254
0 0.349507 0.106908 0.002741 0.020102
0 0.089364 0.644006 0.001645 0.014620
0 0.916255 0.830958 0.007401 0.012061
0 0.879386 0.593567 0.002193 0.008041
0 0.319901 0.667032 0.006579 0.012427
0 0.873218 0.135599 0.004112 0.007310
0 0.314556 0.811221 0.007950 0.009868
0 0.121299 0.893640 0.005757 0.008772
0 0.449698 0.194627 0.005757 0.009868
0 0.428043 0.287098 0.005208 0.009137
0 0.348958 0.715095 0.003289 0.013523
0 0.197094 0.786367 0.007675 0.012792
0 0.011513 0.683480 0.004934 0.008041
0 0.663240 0.216740 0.003564 0.006579
0 0.342105 0.372259 0.006031 0.008406
0 0.432703 0.923063 0.005208 0.009137
0 0.159265 0.889254 0.008772 0.009503
0 0.873355 0.749086 0.007127 0.010599
0 0.583745 0.264803 0.007950 0.009137
0 0.606908 0.902595 0.006579 0.009868
0 0.846902 0.476791 0.006853 0.009137
0 0.170779 0.241411 0.009320 0.007675
0 0.313459 0.672880 0.007401 0.010234
0 0.052906 0.463633 0.013706 0.007675
0 0.899123 0.167398 0.004386 0.008772
0 0.611294 0.159174 0.004934 0.015716
0 0.226562 0.799159 0.006853 0.011330
0 0.880345 0.785088 0.003015 0.015351
0 0.479441 0.423063 0.006031 0.015716
0 0.432429 0.369700 0.006853 0.010599
0 0.426261 0.402961 0.008224 0.011330
0 0.089501 0.773209 0.001919 0.017178
0 0.399534 0.436586 0.005757 0.009868
0 0.697917 0.842654 0.004934 0.006213
0 0.359512 0.754751 0.008498 0.016082
0 0.495614 0.686952 0.004934 0.007675
0 0.576343 0.557749 0.011239 0.015351
0 0.831689 0.270651 0.008224 0.014985
0 0.418860 0.213999 0.005482 0.008406
0 0.897478 0.883589 0.006031 0.015716
0 0.164200 0.547880 0.010417 0.028509
0 0.699013 0.690241 0.004386 0.017178
0 0.688596 0.604532 0.006031 0.010965
0 0.362802 0.831871 0.011239 0.010965
0 0.278098 0.861842 0.010143 0.010234
0 0.454770 0.111842 0.005482 0.009503
0 0.317708 0.665570 0.010417 0.015351
0 0.060170 0.740680 0.008498 0.012792
0 0.258087 0.271564 0.008498 0.010234
0 0.535088 0.371893 0.008772 0.015716
0 0.852385 0.131579 0.006305 0.010965
0 0.683251 0.601060 0.007401 0.011330
0 0.429413 0.023026 0.006305 0.011696
0 0.875548 0.384686 0.003289 0.005482
0 0.665433 0.221857 0.005208 0.012427
0 0.535773 0.848867 0.007401 0.009137
0 0.033306 0.294042 0.023300 0.041301
0 0.496848 0.218202 0.010691 0.015351
0 0.228893 0.912646 0.010417 0.009503
0 0.179276 0.254386 0.003838 0.016082
0 0.547012 0.288377 0.006853 0.007310
0 0.696957 0.410453 0.004112 0.007310
0 0.954633 0.090278 0.006305 0.008041
0 0.913377 0.044042 0.006579 0.013523
0 0.459156 0.186038 0.004934 0.006579
0 0.128838 0.786915 0.007675 0.012427
0 0.717928 0.922515 0.006579 0.008772
0 0.944627 0.135234 0.003289 0.007310
0 0.221080 0.800439 0.007950 0.009503
0 0.885554 0.355263 0.004660 0.004386
0 0.358690 0.635965 0.006853 0.017544
0 0.527823 0.870249 0.001371 0.013889
0 0.370203 0.909174 0.006305 0.005482
0 0.258087 0.875914 0.006305 0.016447
0 0.278509 0.931104 0.009320 0.009137
0 0.428454 0.917580 0.005482 0.013523
0 0.205318 0.304094 0.015351 0.013889
0 0.253015 0.285819 0.008224 0.011696
0 0.021793 0.458333 0.017270 0.019006
0 0.606360 0.778326 0.008224 0.009137
0 0.645833 0.924342 0.004934 0.008041
0 0.319079 0.754386 0.006031 0.006579
0 0.333196 0.910636 0.009046 0.018640
0 0.106360 0.255300 0.008772 0.012792
0 0.801535 0.909357 0.007675 0.010965
0 0.367736 0.080592 0.004660 0.009868
0 0.170641 0.250183 0.009594 0.016447
0 0.833607 0.827485 0.010965 0.008772
0 0.218339 0.820906 0.008498 0.002193
0 0.932703 0.712171 0.004660 0.009137
0 0.934622 0.801718 0.010691 0.017909
0 0.285225 0.757858 0.003015 0.005482
0 0.002193 0.888889 0.002193 0.008041
0 0.315789 0.364401 0.004934 0.007310
0 0.247533 0.684759 0.004934 0.006213
0 0.890762 0.868421 0.012336 0.016813
0 0.163103 0.555007 0.007127 0.011330
0 0.367873 0.184759 0.007127 0.009137
0 0.299068 0.776316 0.006579 0.007310
0 0.312226 0.120614 0.004386 0.003655
0 0.338130 0.251827 0.007401 0.016082
0 0.001096 0.326937 0.001096 0.015716
0 0.455181 0.534174 0.005208 0.007675
0 0.600603 0.928363 0.010965 0.011696
0 0.152001 0.284539 0.005757 0.007675
0 0.008087 0.182018 0.007950 0.009503
0 0.570038 0.147844 0.006305 0.009868
0 0.235883 0.433845 0.007401 0.012427
0 0.405428 0.910453 0.005482 0.010965
0 0.004523 0.598684 0.004660 0.013889
0 0.005071 0.447003 0.005208 0.010234
0 0.152275 0.534722 0.004112 0.006579
0 0.279194 0.746893 0.009046 0.014985
0 0.238624 0.081506 0.006853 0.013158
0 0.489172 0.230446 0.006853 0.006944
0 0.826343 0.675621 0.004660 0.006944
0 0.647341 0.877010 0.009594 0.006944
0 0.629249 0.433297 0.011239 0.015716
0 0.305236 0.914474 0.010143 0.012427
0 0.001645 0.398209 0.001645 0.012061
0 0.026590 0.490314 0.003838 0.006213
0 0.793723 0.358187 0.004112 0.006579
0 0.809073 0.514985 0.004660 0.009503
0 0.278235 0.744152 0.006579 0.010234
0 0.375274 0.390534 0.004934 0.009868
0 0.561266 0.131579 0.005208 0.009503
0 0.184759 0.570541 0.006031 0.005848
0 0.384046 0.058845 0.003289 0.006579
0 0.051124 0.836988 0.007401 0.007310
0 0.238761 0.432566 0.011513 0.015716
0 0.938185 0.133955 0.004112 0.007675
0 0.678454 0.246528 0.003289 0.012792
0 0.585252 0.263523 0.004934 0.007310
0 0.164611 0.540570 0.009594 0.018275
0 0.617873 0.882858 0.003838 0.014985
0 0.522341 0.814510 0.007950 0.007675
0 0.246299 0.221126 0.007401 0.010965
0 0.402549 0.112390 0.009594 0.009137
0 0.335252 0.779788 0.006031 0.006944
0 0.177632 0.300073 0.002193 0.011696
0 0.583607 0.886148 0.009868 0.010599
0 0.057292 0.721308 0.007675 0.011330
0 0.294819 0.906433 0.009594 0.013889
0 0.061541 0.925439 0.011787 0.020468
0 0.801946 0.836988 0.012336 0.018275
0 0.489995 0.213633 0.006853 0.009137
0 0.703947 0.773940 0.002193 0.007675
0 0.728344 0.893458 0.009320 0.009137
0 0.392270 0.832968 0.003289 0.006579
0 0.089775 0.629934 0.001919 0.014254
0 0.408717 0.135782 0.004386 0.009137
0 0.366228 0.251827 0.005482 0.009503
0 0.004386 0.697551 0.004386 0.008406
0 0.331552 0.915387 0.006853 0.009137
0 0.467928 0.923977 0.007127 0.009503
0 0.579907 0.247259 0.004112 0.008406
0 0.146793 0.689327 0.006305 0.011696
0 0.952166 0.160819 0.004112 0.009503
0 0.402549 0.916301 0.004112 0.007310
0 0.700384 0.366228 0.002741 0.011696
0 0.516996 0.398026 0.008772 0.009503
0 0.930373 0.851060 0.006031 0.006213
0 0.718065 0.217836 0.008498 0.010965
0 0.013706 0.216923 0.004934 0.010599
0 0.019874 0.816703 0.013432 0.004020
0 0.957648 0.518640 0.012336 0.019006
0 0.917215 0.135234 0.004934 0.006579
0 0.279879 0.867142 0.014803 0.020102
0 0.327029 0.428180 0.008224 0.014985
0 0.036321 0.279057 0.014529 0.022295
0 0.900356 0.479167 0.004112 0.008041
0 0.001508 0.593385 0.001371 0.008406
0 0.956277 0.093567 0.009594 0.013889
0 0.180510 0.243969 0.005208 0.009868
0 0.380208 0.858918 0.004934 0.009503
0 0.504249 0.010599 0.006305 0.008772
0 0.351425 0.828216 0.000548 0.009503
0 0.908854 0.581871 0.009046 0.005848