0 0.960389 0.927632 0.008498 0.016082
0 0.101837 0.204130 0.007401 0.010599
0 0.047560 0.321455 0.008498 0.012061
0 0.724370 0.796418 0.006305 0.008772
0 0.184211 0.218019 0.007127 0.009868
0 0.102796 0.191338 0.007127 0.009868
0 0.248081 0.365132 0.006579 0.012427
0 0.041393 0.519189 0.006031 0.009137
0 0.255482 0.574744 0.007675 0.015716
0 0.664611 0.490680 0.007950 0.014254
0 0.634183 0.165570 0.005757 0.009503
0 0.866365 0.549342 0.006853 0.013889
0 0.009320 0.309393 0.007127 0.010599
0 0.078810 0.828216 0.006305 0.009503
0 0.628975 0.158260 0.004660 0.010965
0 0.448739 0.127010 0.003838 0.009137
0 0.208607 0.294773 0.006579 0.010599
0 0.039200 0.544225 0.006031 0.009503
0 0.726151 0.220395 0.004386 0.016813
0 0.932018 0.462719 0.008224 0.010234
0 0.688048 0.315972 0.008772 0.013523
0 0.702988 0.668860 0.001371 0.010965
0 0.012610 0.305738 0.008772 0.012061
0 0.206003 0.290570 0.007401 0.010965
0 0.505757 0.311769 0.007127 0.018275
0 0.404605 0.254569 0.008224 0.015716
0 0.443531 0.855811 0.004934 0.020102
0 0.307018 0.800987 0.012610 0.017178
0 0.138432 0.211623 0.006579 0.011696
0 0.645970 0.754934 0.006305 0.006944
0 0.413514 0.784539 0.006853 0.008406
0 0.615543 0.602339 0.001371 0.016082
0 0.397615 0.834064 0.012884 0.015351
0 0.052495 0.927449 0.006305 0.009137
0 0.033580 0.356725 0.008498 0.005848
0 0.722862 0.798794 0.007675 0.014254
0 0.383498 0.477156 0.004934 0.006213
0 0.671190 0.885965 0.009046 0.010965
0 0.117873 0.449927 0.007127 0.008772
0 0.772341 0.346491 0.010691 0.007310
0 0.790570 0.376645 0.001096 0.009137
0 0.804825 0.229349 0.007127 0.009137
0 0.734101 0.135234 0.007675 0.014620
0 0.462308 0.493604 0.004660 0.006944
0 0.218476 0.140716 0.004934 0.006579
0 0.611568 0.624635 0.004386 0.019006
0 0.086760 0.609101 0.001919 0.017178
0 0.558251 0.437500 0.006853 0.010234
0 0.887061 0.497259 0.005482 0.009868
0 0.377604 0.576389 0.006305 0.010234
0 0.308662 0.798611 0.007675 0.008772
0 0.188871 0.243604 0.006031 0.008406
0 0.337993 0.195724 0.005482 0.015716
0 0.677083 0.898575 0.008224 0.009868
0 0.677220 0.902047 0.010143 0.016813
0 0.758224 0.843019 0.006031 0.008406
0 0.298657 0.851060 0.004660 0.004751
0 0.351425 0.515351 0.000548 0.010965
0 0.906387 0.912646 0.008498 0.010965
0 0.081414 0.249269 0.004386 0.006579
0 0.074287 0.085709 0.003838 0.004751
0 0.256442 0.672149 0.007401 0.013158
0 0.711212 0.247807 0.009594 0.013889
0 0.518229 0.145833 0.006853 0.014620
0 0.776453 0.894920 0.008498 0.010599
0 0.645011 0.718750 0.006579 0.010599
0 0.706140 0.575475 0.004386 0.018640
0 0.761924 0.909357 0.005757 0.008041
0 0.519052 0.753107 0.005757 0.006213
0 0.528509 0.655885 0.002193 0.017178
0 0.123355 0.085892 0.003838 0.007310
0 0.849370 0.124269 0.005208 0.007310
0 0.934759 0.281981 0.004934 0.012061
0 0.871162 0.745614 0.006579 0.014620
0 0.562637 0.512244 0.007401 0.014254
0 0.426809 0.804642 0.006031 0.012061
0 0.415981 0.807018 0.009046 0.010234
0 0.129797 0.340095 0.010143 0.009868
0 0.785636 0.537098 0.006579 0.013523
0 0.617325 0.828947 0.003289 0.010234
0 0.436678 0.690789 0.003838 0.013889
0 0.252193 0.666849 0.016447 0.025950
0 0.700384 0.836440 0.002741 0.009137
0 0.958196 0.410453 0.006853 0.011696
0 0.612116 0.220029 0.003838 0.023392
0 0.652961 0.276499 0.008224 0.009868
0 0.085663 0.255848 0.004112 0.014620
0 0.171464 0.670139 0.005208 0.007675
0 0.559211 0.236842 0.004934 0.002924
0 0.457374 0.829496 0.007401 0.010599
0 0.602796 0.531067 0.008772 0.013889
0 0.396656 0.838450 0.011513 0.011696
0 0.202440 0.151316 0.006853 0.010965
0 0.612802 0.090643 0.002467 0.013158
0 0.720121 0.822368 0.014254 0.003655
0 0.761513 0.618421 0.005482 0.011696
0 0.094572 0.205592 0.006579 0.009137
0 0.120066 0.089181 0.003289 0.008772
0 0.294682 0.567617 0.007127 0.012427
0 0.513158 0.216557 0.008772 0.020833
0 0.669682 0.907346 0.004934 0.009137
0 0.198191 0.902047 0.007127 0.010234
0 0.160088 0.375365 0.006579 0.008041
0 0.612802 0.688231 0.002467 0.013158
0 0.560307 0.808662 0.009868 0.011330
0 0.628975 0.665387 0.004660 0.009137
0 0.065241 0.721674 0.009320 0.015716
0 0.712308 0.804459 0.006305 0.009503
0 0.044682 0.038925 0.005482 0.009868
0 0.777138 0.209247 0.007127 0.012061
0 0.756305 0.873538 0.012610 0.015351
0 0.569079 0.225877 0.006579 0.016082
0 0.176124 0.101974 0.000822 0.008041
0 0.821546 0.904423 0.006579 0.007675
0 0.690927 0.837719 0.007401 0.009503
0 0.516310 0.144737 0.011239 0.019006
0 0.375822 0.323648 0.004386 0.008406
0 0.111705 0.320541 0.003564 0.004386
0 0.049205 0.926901 0.012336 0.011696
0 0.712308 0.826206 0.007401 0.007675
0 0.614995 0.603070 0.000822 0.018275
0 0.628015 0.420139 0.009320 0.016447
0 0.796464 0.040022 0.006305 0.014254
0 0.410088 0.806287 0.005482 0.006579
0 0.755620 0.186769 0.005208 0.008041
0 0.255208 0.518640 0.007675 0.009503
0 0.450932 0.099963 0.002741 0.011330