0 0.148575 0.663925 0.012792 0.013158
0 0.622259 0.255345 0.017909 0.015625
0 0.836257 0.360334 0.015351 0.009594
0 0.815972 0.076480 0.004751 0.016447
0 0.812317 0.452166 0.012792 0.013432
0 0.878289 0.866365 0.008041 0.008498
0 0.676535 0.827577 0.017544 0.015899
0 0.859649 0.908306 0.022661 0.018914
0 0.739401 0.820312 0.022661 0.020559
0 0.249269 0.598410 0.015351 0.016447
0 0.582968 0.280976 0.003655 0.010965
0 0.365680 0.606086 0.014985 0.013706
0 0.733918 0.471902 0.017544 0.012336
0 0.555738 0.643366 0.014254 0.011513
0 0.739766 0.299753 0.020468 0.015077
0 0.003655 0.629249 0.003655 0.009046
0 0.825110 0.454084 0.006213 0.015625
0 0.215461 0.008635 0.018640 0.008498
0 0.384137 0.274123 0.027047 0.010965
0 0.277778 0.048383 0.021930 0.010143
0 0.597222 0.279879 0.012427 0.010965
0 0.712171 0.290296 0.010599 0.025219
0 0.546418 0.198876 0.016813 0.014529
0 0.613121 0.169545 0.020833 0.010691
0 0.784722 0.158032 0.016082 0.028783
0 0.240314 0.186541 0.006213 0.011239
0 0.356542 0.230400 0.005482 0.013980
0 0.229167 0.169956 0.008772 0.010965
0 0.693531 0.721491 0.016447 0.014254
0 0.346674 0.168860 0.007675 0.013158
0 0.503655 0.394326 0.018275 0.017270
0 0.667398 0.821683 0.015351 0.011239
0 0.744335 0.016447 0.022295 0.016447
0 0.013158 0.639666 0.013158 0.014529
0 0.241776 0.169819 0.007675 0.011239
0 0.051718 0.600192 0.032529 0.023300
0 0.913925 0.169956 0.015716 0.010965
0 0.285636 0.666530 0.023757 0.023849
0 0.411732 0.867325 0.020102 0.019737
0 0.394189 0.287692 0.019371 0.012884
0 0.312500 0.896519 0.013158 0.011239
0 0.612939 0.164748 0.023392 0.021382
0 0.591192 0.616776 0.006213 0.002741
0 0.697551 0.722314 0.008406 0.013706
0 0.927266 0.464638 0.016082 0.014803
0 0.510417 0.406935 0.028874 0.032621
0 0.462902 0.659265 0.009868 0.018640
0 0.601425 0.539474 0.016447 0.008772
0 0.451389 0.235746 0.012427 0.016447
0 0.543311 0.200247 0.011330 0.009594
0 0.123538 0.415296 0.006579 0.026316
0 0.688779 0.294819 0.025950 0.030428
0 0.108370 0.374452 0.014254 0.012061
0 0.473684 0.616228 0.005848 0.002193
0 0.795870 0.178591 0.018640 0.003015
0 0.096491 0.354304 0.017544 0.003564
0 0.010965 0.636376 0.010965 0.018366
0 0.352339 0.858690 0.001462 0.011787
0 0.545687 0.232867 0.013889 0.012336
0 0.415936 0.252193 0.013889 0.012610
0 0.800439 0.557429 0.011696 0.009594
0 0.112025 0.135280 0.009868 0.015077
0 0.216192 0.002878 0.019371 0.003015
0 0.591192 0.255894 0.006213 0.014529
0 0.703947 0.270148 0.002193 0.006853
0 0.345395 0.229030 0.010234 0.014529
0 0.094298 0.188459 0.023392 0.012884
0 0.890716 0.275219 0.013889 0.009320
0 0.008041 0.626508 0.008041 0.007950
0 0.853984 0.299753 0.023026 0.018366
0 0.119152 0.269737 0.002193 0.006579
0 0.475694 0.879934 0.007675 0.002741
0 0.704130 0.722725 0.002558 0.011239
0 0.582054 0.694901 0.004751 0.013706
0 0.332602 0.259183 0.015351 0.007950
0 0.678911 0.440652 0.012061 0.001919
0 0.125731 0.268640 0.008772 0.005482
0 0.389985 0.282758 0.027778 0.019463
0 0.412281 0.282484 0.020468 0.018914
0 0.321455 0.446820 0.014254 0.008224
0 0.706323 0.616228 0.004751 0.002193
0 0.673977 0.748629 0.010965 0.009320
0 0.227887 0.522341 0.009868 0.007950
0 0.218019 0.554825 0.009137 0.013158
0 0.297697 0.374178 0.012792 0.015899
0 0.296966 0.084019 0.013523 0.007401
0 0.892727 0.222451 0.020102 0.017818
0 0.594298 0.873766 0.009503 0.006853
0 0.593202 0.538240 0.006579 0.004660
0 0.304459 0.221491 0.015351 0.014803
0 0.553180 0.259046 0.012792 0.008224
0 0.339547 0.268229 0.018275 0.005208
0 0.470760 0.131990 0.002924 0.013432
0 0.784357 0.243969 0.021199 0.021382
0 0.921418 0.258087 0.010965 0.010143
0 0.359466 0.934073 0.008406 0.010691
0 0.352339 0.605126 0.001462 0.013980
0 0.408077 0.880620 0.022295 0.003564
0 0.452485 0.690652 0.013889 0.006853
0 0.257127 0.392270 0.006944 0.006031
0 0.576023 0.016310 0.017544 0.016173
0 0.478801 0.812774 0.010965 0.014803
0 0.824561 0.277549 0.005848 0.014529
0 0.352339 0.128701 0.001462 0.007401
0 0.397661 0.286595 0.013158 0.009594
0 0.169042 0.273300 0.012061 0.009868
0 0.736111 0.009594 0.009503 0.006579
0 0.054459 0.468339 0.011696 0.007401
0 0.296784 0.089912 0.016813 0.002193
0 0.549342 0.268640 0.019006 0.005482
0 0.363852 0.611842 0.012792 0.004386
0 0.925804 0.375411 0.008772 0.010691
0 0.466009 0.956689 0.003655 0.016447
0 0.431469 0.434622 0.011330 0.007950
0 0.823099 0.274808 0.004386 0.011787
0 0.717654 0.003701 0.015716 0.003564
0 0.534174 0.089364 0.009868 0.001645
0 0.001462 0.380345 0.001462 0.029331
0 0.927266 0.076343 0.016813 0.022752
0 0.793494 0.557703 0.007310 0.005208
0 0.232456 0.910636 0.002924 0.019189
0 0.909539 0.182977 0.012792 0.007401
0 0.355994 0.933114 0.005117 0.009320
0 0.288925 0.547286 0.027412 0.021107
0 0.123721 0.273438 0.006944 0.010143
0 0.738304 0.239995 0.011696 0.007401
0 0.043494 0.598410 0.016813 0.018640
0 0.668129 0.474370 0.016813 0.012884
0 0.863304 0.369243 0.011696 0.010965
0 0.908443 0.311678 0.016447 0.012061
0 0.240497 0.362253 0.006579 0.011239