0 0.602248 0.553728 0.008224 0.014620
0 0.687226 0.497259 0.007675 0.013523
0 0.606086 0.255117 0.011513 0.019737
0 0.513432 0.294591 0.007675 0.015351
0 0.199150 0.326937 0.007950 0.009868
0 0.611020 0.218019 0.006031 0.015716
0 0.346765 0.536915 0.008224 0.016813
0 0.517133 0.778143 0.009594 0.013889
0 0.466694 0.329861 0.006853 0.012061
0 0.081689 0.653326 0.012061 0.022295
0 0.766721 0.643640 0.010417 0.015351
0 0.708745 0.502924 0.006853 0.013889
0 0.515214 0.765899 0.009594 0.014254
0 0.474781 0.826206 0.007127 0.007675
0 0.676809 0.264985 0.008224 0.012427
0 0.029605 0.265351 0.007675 0.011696
0 0.387610 0.515168 0.009868 0.014254
0 0.617873 0.260234 0.003838 0.013158
0 0.171053 0.519006 0.008772 0.021199
0 0.644052 0.901316 0.007401 0.014620
0 0.588405 0.227887 0.012336 0.012061
0 0.145696 0.159905 0.007401 0.009868
0 0.622533 0.222405 0.008224 0.011330
0 0.518640 0.800621 0.008772 0.012792
0 0.208745 0.611111 0.006853 0.010234
0 0.587171 0.797515 0.010417 0.016813
0 0.180921 0.502558 0.005482 0.019006
0 0.396793 0.445358 0.006853 0.013523
0 0.435307 0.383955 0.006579 0.011330
0 0.645970 0.463268 0.005757 0.009137
0 0.186815 0.617690 0.011239 0.018275
0 0.076069 0.277412 0.006305 0.009503
0 0.470806 0.420687 0.008498 0.013158
0 0.210526 0.317069 0.008772 0.011330
0 0.477385 0.198830 0.010143 0.011696
0 0.612253 0.260417 0.003015 0.015716
0 0.699287 0.169773 0.004386 0.011330
0 0.488761 0.317982 0.008224 0.012427
0 0.245888 0.897295 0.010417 0.013889
0 0.854578 0.366959 0.010691 0.011696
0 0.871299 0.406433 0.011787 0.021199
0 0.029057 0.800439 0.009320 0.016082
0 0.533991 0.564693 0.007127 0.011696
0 0.177769 0.518275 0.002467 0.021199
0 0.462034 0.340461 0.007401 0.011330
0 0.366913 0.519737 0.011239 0.024854
0 0.025219 0.266630 0.006031 0.007675
0 0.150082 0.492873 0.009046 0.012792
0 0.157072 0.538377 0.009320 0.016082
0 0.712034 0.894006 0.007950 0.015351
0 0.576069 0.800439 0.010143 0.013158
0 0.584156 0.559942 0.007127 0.012427
0 0.417078 0.267361 0.007401 0.010599
0 0.633772 0.261696 0.007127 0.013158
0 0.722588 0.181104 0.008224 0.010599
0 0.416393 0.436221 0.013158 0.013523
0 0.544682 0.443531 0.008224 0.013523
0 0.050850 0.241045 0.006853 0.006944
0 0.713679 0.133224 0.006853 0.012061
0 0.705729 0.519006 0.004112 0.011696
0 0.116228 0.424708 0.006579 0.008772
0 0.715735 0.165387 0.008772 0.013523
0 0.135965 0.185673 0.007127 0.010965
0 0.044271 0.271382 0.009046 0.009868
0 0.650630 0.660088 0.009594 0.016082
0 0.606771 0.801535 0.007950 0.021930
0 0.678591 0.327668 0.007401 0.010599
0 0.699150 0.813596 0.005208 0.009503
0 0.089364 0.652778 0.001645 0.020468
0 0.368969 0.620797 0.009320 0.014254
0 0.645833 0.682749 0.007675 0.008772
0 0.862802 0.402595 0.009594 0.011330
0 0.588953 0.246345 0.011239 0.012427
0 0.265351 0.912829 0.002193 0.009868
0 0.861705 0.413925 0.006853 0.009137
0 0.344709 0.474963 0.007950 0.006944
0 0.150356 0.595943 0.011239 0.011330
0 0.507401 0.289108 0.006579 0.012427
0 0.482319 0.595943 0.006305 0.007675
0 0.653920 0.489583 0.009594 0.016447
0 0.706826 0.199196 0.005208 0.011696
0 0.878838 0.406067 0.001645 0.016813
0 0.224644 0.453216 0.018366 0.019737
0 0.468613 0.493787 0.004660 0.010965
0 0.636513 0.370980 0.006031 0.014620
0 0.111431 0.361842 0.007950 0.010965
0 0.630620 0.278692 0.009046 0.011330
0 0.106634 0.601608 0.015899 0.016813
0 0.189693 0.930738 0.009868 0.009868
0 0.416118 0.427266 0.009868 0.013889
0 0.606360 0.218385 0.006031 0.009137
0 0.636102 0.290570 0.010691 0.016813
0 0.092242 0.579130 0.004660 0.011330
0 0.698739 0.181104 0.004934 0.010599
0 0.626645 0.261696 0.012610 0.019006
0 0.441338 0.159174 0.002741 0.011330
0 0.436678 0.163012 0.003838 0.018275
0 0.460663 0.476060 0.005757 0.008406
0 0.497807 0.595029 0.010965 0.010234
0 0.253564 0.907712 0.010417 0.017909
0 0.714912 0.206506 0.006579 0.010965
0 0.223273 0.475694 0.009046 0.007675
0 0.715598 0.488304 0.007401 0.005117
0 0.515899 0.204313 0.007127 0.008041
0 0.569764 0.389985 0.005757 0.009503
0 0.715461 0.507310 0.006579 0.013158
0 0.076480 0.288743 0.006031 0.008041
0 0.165707 0.623173 0.007401 0.011696
0 0.165022 0.531433 0.008772 0.014620
0 0.715323 0.495614 0.008498 0.019006
0 0.961212 0.738670 0.006853 0.013158
0 0.399808 0.472770 0.006305 0.004751
0 0.523575 0.193348 0.005482 0.019006
0 0.900905 0.246345 0.008498 0.012427
0 0.256305 0.532895 0.010417 0.015351
0 0.440241 0.383955 0.001645 0.010599
0 0.716968 0.132858 0.013432 0.015716
0 0.724644 0.129934 0.007401 0.012061
0 0.714775 0.878289 0.010691 0.017544
0 0.564830 0.798063 0.016173 0.015716
0 0.383772 0.532895 0.007127 0.016082
0 0.618284 0.253838 0.004112 0.020102
0 0.428865 0.433114 0.005757 0.011696
0 0.126096 0.443165 0.013706 0.018640
0 0.150630 0.588450 0.007950 0.003655
0 0.933388 0.877010 0.006579 0.011330
0 0.492736 0.415205 0.005757 0.009503
0 0.042215 0.527961 0.010965 0.019371
0 0.168174 0.545139 0.009046 0.014985
0 0.650630 0.776499 0.011787 0.020833
0 0.174205 0.502193 0.002467 0.017544
0 0.092791 0.546784 0.005208 0.015351
0 0.479441 0.472770 0.006031 0.004751
0 0.091968 0.589730 0.004112 0.004751
0 0.627741 0.317434 0.008772 0.013523
0 0.260005 0.914474 0.006305 0.013889
0 0.792352 0.433297 0.003015 0.012792
0 0.667352 0.161001 0.005757 0.008406
0 0.486157 0.415387 0.010143 0.013523
0 0.126234 0.448282 0.008498 0.009868
0 0.766447 0.741411 0.007127 0.006944
0 0.352522 0.864035 0.001645 0.013889
0 0.456689 0.472222 0.006579 0.004386
0 0.611842 0.813231 0.003838 0.010234
0 0.907895 0.415205 0.018640 0.016082
0 0.553591 0.280336 0.007950 0.010965
0 0.352659 0.516813 0.001919 0.013889
0 0.875000 0.300256 0.004386 0.016447
0 0.533032 0.413925 0.006853 0.014985
0 0.178180 0.226060 0.002741 0.015716
0 0.473958 0.470943 0.010965 0.003289
0 0.110334 0.601608 0.007401 0.013889
0 0.587856 0.236842 0.012336 0.002924
0 0.674753 0.279788 0.008498 0.011330
0 0.005345 0.661732 0.005208 0.009868
0 0.190652 0.194262 0.011787 0.019371
0 0.423520 0.442434 0.009320 0.014985
0 0.195038 0.546418 0.008498 0.012427
0 0.166804 0.506213 0.007401 0.010234
0 0.512198 0.510051 0.005208 0.008406
0 0.089364 0.314327 0.001645 0.010234
0 0.388295 0.475146 0.007401 0.007310
0 0.130757 0.427632 0.009320 0.013158
0 0.586623 0.401133 0.007127 0.012792
0 0.706826 0.178180 0.005208 0.009868
0 0.140488 0.670870 0.007401 0.009868
0 0.209841 0.291667 0.007950 0.010234
0 0.120888 0.440607 0.006031 0.007675
0 0.170779 0.516447 0.006031 0.035088
0 0.661595 0.180007 0.012336 0.020833
0 0.907209 0.900950 0.008498 0.012427
0 0.433936 0.186769 0.007675 0.011696
0 0.467516 0.493421 0.009046 0.013158
0 0.255757 0.904423 0.013706 0.025950
0 0.366913 0.526499 0.009594 0.011330
0 0.641447 0.905336 0.013158 0.021930
0 0.711760 0.207602 0.010143 0.013889
0 0.703810 0.814145 0.001919 0.009137
0 0.711486 0.030702 0.006305 0.009503
0 0.315104 0.460892 0.008498 0.011696
0 0.426398 0.438779 0.009594 0.021564
0 0.355674 0.751462 0.004660 0.015351
0 0.610883 0.237573 0.006305 0.003655
0 0.703536 0.511696 0.001919 0.011696
0 0.220121 0.453582 0.009868 0.018275
0 0.352111 0.535819 0.001371 0.021199
0 0.085252 0.473684 0.004934 0.005848
0 0.616776 0.217105 0.002741 0.013889
0 0.704496 0.822551 0.002741 0.004020
0 0.634868 0.369152 0.010965 0.018275
0 0.040981 0.329496 0.004660 0.008406
0 0.343750 0.756396 0.008772 0.010599
0 0.634868 0.666667 0.011513 0.018275
0 0.679688 0.280336 0.018366 0.013889
0 0.683936 0.281798 0.007675 0.010965
0 0.405016 0.760965 0.005757 0.010965
0 0.879249 0.286001 0.001919 0.009868
0 0.002604 0.915936 0.002467 0.013889
0 0.487390 0.250183 0.006031 0.009137
0 0.398163 0.472405 0.012884 0.004751
0 0.512198 0.005300 0.003015 0.005482
0 0.732456 0.175987 0.005482 0.009137
0 0.162692 0.623355 0.012884 0.014254
0 0.936952 0.598136 0.006579 0.006944
0 0.076069 0.418677 0.010143 0.013523
0 0.161458 0.628472 0.016447 0.023757
0 0.702988 0.207237 0.001371 0.013158
0 0.237253 0.362025 0.006853 0.009137
0 0.633361 0.264437 0.010143 0.019371
0 0.225466 0.424708 0.006305 0.008041
0 0.815378 0.825292 0.008498 0.006579
0 0.035636 0.921784 0.007127 0.010965
0 0.610197 0.243969 0.007127 0.009868
0 0.766721 0.737756 0.009320 0.016447
0 0.054139 0.879569 0.009046 0.016447
0 0.912144 0.415570 0.009046 0.017544
0 0.911458 0.693896 0.006031 0.008406
0 0.342928 0.473684 0.012061 0.005848
0 0.298931 0.586988 0.013432 0.002193
0 0.234375 0.426535 0.006031 0.011696
0 0.595395 0.393823 0.007127 0.010599
0 0.464090 0.336257 0.010965 0.020468
0 0.860060 0.372442 0.016721 0.021199
0 0.375274 0.663194 0.010417 0.012061
0 0.475329 0.465643 0.013706 0.004386
0 0.065241 0.023757 0.006031 0.010234
0 0.611568 0.254203 0.004386 0.020102
0 0.702303 0.176352 0.000548 0.009868
0 0.663514 0.559942 0.003564 0.008772
0 0.703399 0.823099 0.001645 0.004386
0 0.931880 0.329861 0.006853 0.009868
0 0.710115 0.165753 0.005757 0.010599
0 0.475329 0.436038 0.009320 0.014620
0 0.702166 0.523026 0.000274 0.016813
0 0.202714 0.612573 0.007401 0.011696
0 0.193394 0.196089 0.008498 0.015716
0 0.083333 0.637427 0.006031 0.010965
0 0.533306 0.456871 0.006305 0.010234
0 0.919819 0.674159 0.010143 0.014254
0 0.738350 0.931835 0.010691 0.007675
0 0.911321 0.424708 0.006305 0.006579
0 0.712171 0.509137 0.010417 0.011696
0 0.935307 0.665205 0.006031 0.010234
0 0.226837 0.907895 0.008498 0.012427
0 0.387336 0.725146 0.008224 0.014620
0 0.634457 0.027412 0.007401 0.005848
0 0.162555 0.296784 0.009320 0.010965
0 0.718750 0.629934 0.007675 0.014254
0 0.296738 0.710709 0.005757 0.009137
0 0.951754 0.164108 0.005482 0.009503
0 0.831552 0.601791 0.007401 0.009137
0 0.673657 0.712719 0.006853 0.005848