0 0.591923 0.356360 0.006944 0.005482
0 0.189327 0.889666 0.013889 0.012336
0 0.255848 0.924342 0.016082 0.012610
0 0.345029 0.378564 0.008041 0.007675
0 0.369700 0.271656 0.007675 0.006579
0 0.528143 0.376234 0.012427 0.011787
0 0.125914 0.536321 0.009137 0.008498
0 0.323648 0.819764 0.014254 0.011239
0 0.628838 0.599370 0.012061 0.011787
0 0.758224 0.624041 0.009137 0.006305
0 0.267544 0.905702 0.015351 0.012061
0 0.812500 0.693668 0.011696 0.010691
0 0.803911 0.509731 0.013523 0.012336
0 0.699744 0.252193 0.004020 0.008772
0 0.345212 0.928043 0.010599 0.011787
0 0.192982 0.861842 0.008041 0.007675
0 0.192251 0.901864 0.012427 0.012610
0 0.018092 0.146107 0.009137 0.012061
0 0.138341 0.942708 0.014254 0.009868
0 0.821089 0.693394 0.002558 0.012884
0 0.878838 0.368695 0.004751 0.005482
0 0.705227 0.252604 0.003289 0.009046
0 0.509320 0.911184 0.013523 0.009320
0 0.408991 0.838405 0.015351 0.013980
0 0.435490 0.361431 0.005482 0.007401
0 0.200110 0.865269 0.009137 0.008498
0 0.336440 0.413925 0.006213 0.004934
0 0.846491 0.165981 0.005117 0.006305
0 0.695541 0.888295 0.012427 0.009594
0 0.725146 0.522752 0.005848 0.006579
0 0.106360 0.946409 0.010965 0.011787
0 0.764072 0.448739 0.006944 0.004934
0 0.483187 0.198328 0.011696 0.007401
0 0.894189 0.540570 0.008406 0.007675
0 0.269920 0.691749 0.007675 0.005208
0 0.353070 0.809896 0.002193 0.004660
0 0.113121 0.859923 0.006213 0.012061
0 0.710344 0.941886 0.008406 0.009320
0 0.791118 0.715735 0.020833 0.008772
0 0.245431 0.873081 0.011330 0.008224
0 0.422697 0.898849 0.010599 0.008772
0 0.625183 0.576617 0.009868 0.005757
0 0.253838 0.937637 0.015716 0.010691
0 0.447551 0.309485 0.006213 0.007127
0 0.839364 0.690515 0.020833 0.012061
0 0.882127 0.194079 0.006944 0.006031
0 0.530885 0.955866 0.012792 0.009868
0 0.837719 0.704907 0.012427 0.003015
0 0.806287 0.707237 0.008772 0.005482
0 0.040205 0.842379 0.013158 0.010417
0 0.527412 0.378975 0.008772 0.006853
0 0.253838 0.857319 0.014985 0.013432
0 0.823099 0.720532 0.004386 0.010143
0 0.578216 0.329359 0.011696 0.013980
0 0.934028 0.297149 0.003289 0.013158
0 0.811038 0.707648 0.015351 0.005757
0 0.208516 0.156935 0.008406 0.007950
0 0.828399 0.705455 0.007675 0.003564
0 0.847953 0.705044 0.012427 0.003289
0 0.564510 0.861020 0.014254 0.009868
0 0.469846 0.103070 0.001827 0.013706
0 0.588450 0.355811 0.003655 0.004934
0 0.508041 0.675302 0.006579 0.004660
0 0.525585 0.208607 0.005848 0.006579
0 0.265534 0.928865 0.012061 0.009046
0 0.690972 0.897615 0.017178 0.014529
0 0.495614 0.452714 0.005117 0.005757
0 0.184028 0.584156 0.007675 0.006031
0 0.758224 0.772752 0.008406 0.005482
0 0.670870 0.283032 0.008406 0.007401
0 0.007127 0.406387 0.006944 0.014529
0 0.079861 0.942571 0.009868 0.010691
0 0.301535 0.906798 0.014620 0.012610
0 0.330958 0.799753 0.012792 0.009046
0 0.516082 0.576343 0.010234 0.009594
0 0.651316 0.593065 0.006579 0.007950
0 0.393640 0.851837 0.012427 0.008498
0 0.482456 0.888706 0.014620 0.011513
0 0.060673 0.449424 0.005848 0.005757
0 0.222405 0.523300 0.008406 0.004934
0 0.932018 0.706689 0.005848 0.004934
0 0.162463 0.135005 0.006213 0.009046
0 0.306287 0.933799 0.013158 0.010143
0 0.447917 0.159814 0.007675 0.006579
0 0.690424 0.895422 0.013889 0.008498
0 0.709064 0.932429 0.007310 0.008498
0 0.194262 0.459841 0.005482 0.005757
0 0.008406 0.933525 0.006579 0.005757
0 0.605446 0.635554 0.006213 0.004660
0 0.488670 0.331963 0.009503 0.007675
0 0.714730 0.884868 0.009868 0.007675
0 0.230629 0.824424 0.006579 0.010143
0 0.401499 0.656250 0.006944 0.006031
0 0.161550 0.940104 0.008041 0.007950
0 0.440607 0.208745 0.007675 0.010143
0 0.475146 0.874452 0.007310 0.005482
0 0.617142 0.853344 0.017178 0.010417
0 0.461257 0.674753 0.008041 0.007401
0 0.822186 0.705592 0.003289 0.003838
0 0.459064 0.099370 0.006579 0.007401
0 0.656433 0.811129 0.007310 0.006579
0 0.138341 0.237939 0.006944 0.007127
0 0.322917 0.873081 0.009137 0.008224
0 0.248721 0.873355 0.009137 0.007675
0 0.374086 0.569764 0.007675 0.006305
0 0.568896 0.334293 0.005482 0.004660
0 0.530519 0.851837 0.010599 0.008498
0 0.645651 0.901864 0.013523 0.011513
0 0.279605 0.270970 0.008041 0.007950
0 0.691338 0.729030 0.009868 0.007401
0 0.722039 0.906113 0.020102 0.016173
0 0.628107 0.596765 0.009137 0.006579
0 0.256213 0.198876 0.011696 0.007950
0 0.438414 0.904468 0.009868 0.007401
0 0.377193 0.808388 0.013889 0.014254
0 0.342836 0.594846 0.016082 0.008772
0 0.365132 0.267407 0.003655 0.003015
0 0.618787 0.798520 0.005117 0.004386
0 0.826937 0.882264 0.008406 0.005208
0 0.896564 0.243695 0.008772 0.009868
0 0.844298 0.705181 0.025585 0.003564
0 0.676535 0.732319 0.009503 0.007401
0 0.103436 0.848410 0.010965 0.009320
0 0.457420 0.100740 0.009868 0.010691
0 0.849415 0.357319 0.008772 0.006305
0 0.723136 0.909677 0.010599 0.007950
0 0.817251 0.708333 0.002924 0.006579
0 0.468567 0.714090 0.000731 0.009868
0 0.354532 0.879934 0.003655 0.002741
0 0.239035 0.920504 0.005117 0.012061
0 0.842288 0.774260 0.006944 0.004660
0 0.826572 0.453536 0.007675 0.007950
0 0.826023 0.422971 0.007310 0.009320
0 0.843933 0.358004 0.005117 0.006579
0 0.820175 0.731771 0.001462 0.012884
0 0.828765 0.424890 0.009868 0.006579
0 0.162463 0.158991 0.006213 0.006031
0 0.030702 0.447780 0.005117 0.005208
0 0.695175 0.898575 0.009503 0.012610
0 0.612208 0.493147 0.009503 0.009320
0 0.819444 0.297697 0.000731 0.007675
0 0.620797 0.854578 0.006944 0.004660
0 0.706140 0.587034 0.004386 0.007950
0 0.330958 0.319353 0.005482 0.004386
0 0.493056 0.962308 0.011696 0.004660
0 0.417763 0.906935 0.012427 0.013980
0 0.670139 0.799479 0.005482 0.003564
0 0.296418 0.843065 0.012427 0.012884
0 0.169408 0.837445 0.012792 0.007127
0 0.621711 0.221491 0.008041 0.006031
0 0.199196 0.273300 0.006579 0.006579
0 0.907895 0.518503 0.008772 0.005757
0 0.267909 0.957237 0.016082 0.012061
0 0.057566 0.126919 0.004751 0.004934
0 0.713085 0.883635 0.005848 0.006305
0 0.375000 0.840461 0.013158 0.011513
0 0.354532 0.806469 0.003655 0.009320
0 0.000731 0.720258 0.000731 0.009046
0 0.828947 0.711486 0.008772 0.007401
0 0.817069 0.706140 0.003289 0.004386
0 0.547149 0.882127 0.012427 0.004934
0 0.718750 0.953810 0.011330 0.006305
0 0.226974 0.869518 0.013889 0.013706
0 0.287098 0.746162 0.009137 0.006031
0 0.483918 0.879934 0.011696 0.002741
0 0.028874 0.855674 0.016813 0.013432
0 0.655336 0.167352 0.007310 0.009046
0 0.670504 0.905428 0.015716 0.013158
0 0.635234 0.303591 0.012427 0.011239
0 0.696820 0.895970 0.005482 0.007401
0 0.790022 0.798383 0.007675 0.003015
0 0.019554 0.838268 0.015716 0.012061
0 0.326206 0.506305 0.005482 0.006031
0 0.219664 0.845806 0.015351 0.011787
0 0.891082 0.363898 0.012427 0.007950
0 0.501096 0.860883 0.008772 0.006305
0 0.697368 0.890077 0.008041 0.006031
0 0.413743 0.870614 0.013889 0.009320
0 0.012792 0.257812 0.009503 0.006853
0 0.828947 0.456277 0.010234 0.012884
0 0.762975 0.718202 0.016447 0.008772
0 0.463085 0.677357 0.005117 0.004934
0 0.873355 0.353755 0.006213 0.003015
0 0.792946 0.703399 0.005482 0.001645
0 0.103618 0.793860 0.009868 0.004386
0 0.309759 0.812637 0.014254 0.011787
0 0.120797 0.531661 0.004020 0.003564
0 0.878289 0.230674 0.006579 0.007950
0 0.335709 0.869929 0.016447 0.013980
0 0.535270 0.879249 0.013523 0.001919
0 0.825292 0.703536 0.006579 0.001919
0 0.023026 0.623218 0.004386 0.005208
0 0.655885 0.941612 0.015716 0.013158
0 0.295504 0.882127 0.015716 0.004934
0 0.717654 0.631031 0.011330 0.009868
0 0.185124 0.945998 0.007675 0.008772
0 0.409357 0.917352 0.015351 0.013432
0 0.749269 0.931606 0.008772 0.009046
0 0.277230 0.737802 0.010599 0.005757
0 0.496893 0.938185 0.017909 0.014529
0 0.693531 0.255071 0.004751 0.003564
0 0.029788 0.334430 0.005482 0.004934
0 0.898757 0.523300 0.007310 0.003838
0 0.192251 0.294134 0.004386 0.004934
0 0.022113 0.065652 0.006213 0.007950
0 0.683114 0.756305 0.008772 0.007127
0 0.266447 0.918174 0.013158 0.010691
0 0.787829 0.703536 0.020102 0.001919
0 0.503107 0.456003 0.006944 0.005757
0 0.454678 0.533991 0.008041 0.007675
0 0.630300 0.596765 0.006944 0.004934
0 0.237573 0.605263 0.003655 0.004386
0 0.014072 0.702988 0.007675 0.001371