0 0.310992 0.482091 0.007401 0.012427
0 0.504797 0.489035 0.006853 0.010965
0 0.038788 0.677083 0.008498 0.012061
0 0.326891 0.242142 0.006305 0.008406
0 0.196683 0.442434 0.007950 0.012061
0 0.012747 0.523026 0.007401 0.010965
0 0.831963 0.562683 0.009868 0.021564
0 0.435444 0.480629 0.005208 0.011696
0 0.619518 0.483553 0.005482 0.008772
0 0.377330 0.766630 0.005757 0.011330
0 0.182155 0.828947 0.006853 0.010234
0 0.375000 0.829496 0.003838 0.007675
0 0.008224 0.372076 0.008224 0.010965
0 0.400493 0.379569 0.008772 0.017178
0 0.288240 0.407164 0.007401 0.010965
0 0.347999 0.295139 0.004660 0.012792
0 0.329633 0.375365 0.010143 0.016082
0 0.623904 0.488670 0.006031 0.007310
0 0.294408 0.416849 0.006579 0.011330
0 0.295093 0.432018 0.007401 0.011696
0 0.333196 0.240680 0.005208 0.006944
0 0.409265 0.535270 0.006031 0.010599
0 0.581826 0.555190 0.005757 0.010965
0 0.358690 0.297515 0.007401 0.010234
0 0.007401 0.362939 0.005482 0.007310
0 0.042626 0.561769 0.006305 0.008041
0 0.565515 0.877010 0.007127 0.014985
0 0.191612 0.490863 0.008772 0.014620
0 0.651453 0.644920 0.006853 0.009868
0 0.464638 0.809028 0.006031 0.008406
0 0.171875 0.433297 0.006579 0.010599
0 0.434073 0.811952 0.006853 0.010599
0 0.941338 0.717105 0.013158 0.015351
0 0.358416 0.783443 0.006305 0.009137
0 0.893640 0.250183 0.013706 0.016447
0 0.520833 0.293677 0.006579 0.009868
0 0.093202 0.488852 0.005482 0.012792
0 0.162007 0.385234 0.016447 0.033626
0 0.393777 0.926901 0.005208 0.008041
0 0.405565 0.359466 0.007950 0.008406
0 0.528098 0.886148 0.001919 0.012061
0 0.821409 0.033077 0.006853 0.012061
0 0.720943 0.726060 0.010417 0.012061
0 0.469709 0.808480 0.004660 0.008772
0 0.948602 0.632493 0.005208 0.009137
0 0.415296 0.277230 0.008772 0.013523
0 0.863487 0.391996 0.009320 0.016447
0 0.549205 0.257493 0.007950 0.013523
0 0.837582 0.227156 0.013432 0.013523
0 0.880620 0.243969 0.003564 0.009868
0 0.218613 0.563048 0.007950 0.013523
0 0.672697 0.358004 0.006031 0.006944
0 0.852659 0.742325 0.007950 0.012427
0 0.303317 0.885417 0.004660 0.007675
0 0.555647 0.254020 0.010417 0.011696
0 0.806880 0.662463 0.010691 0.018640
0 0.113898 0.638523 0.006853 0.008041
0 0.845532 0.148940 0.008498 0.010599
0 0.104989 0.608187 0.004386 0.007310
0 0.245888 0.428545 0.009320 0.011330
0 0.354167 0.522844 0.003289 0.008406
0 0.466283 0.787829 0.005482 0.008406
0 0.542215 0.307383 0.006579 0.008772
0 0.342379 0.517909 0.005482 0.009503
0 0.585938 0.552632 0.007950 0.012427
0 0.791667 0.681835 0.002193 0.009868
0 0.639391 0.423246 0.005208 0.016082
0 0.325384 0.542946 0.007675 0.010599
0 0.959978 0.889803 0.009320 0.020102
0 0.612664 0.779423 0.002741 0.020102
0 0.297423 0.746528 0.009320 0.011330
0 0.618832 0.038012 0.004660 0.012427
0 0.652138 0.893092 0.005482 0.009137
0 0.909814 0.250914 0.016447 0.017178
0 0.186404 0.694810 0.006031 0.006579
0 0.709430 0.306287 0.007675 0.019006
0 0.284402 0.431835 0.006305 0.008406
0 0.955181 0.687135 0.013432 0.012427
0 0.748081 0.661550 0.008772 0.011696
0 0.865406 0.496162 0.008224 0.011330
0 0.555647 0.344115 0.008224 0.013523
0 0.421053 0.788012 0.003838 0.007310
0 0.923657 0.198465 0.012336 0.018275
0 0.546738 0.911184 0.012884 0.015351
0 0.177769 0.695358 0.002467 0.012061
0 0.554002 0.255482 0.016447 0.016082
0 0.447780 0.376645 0.009046 0.012061
0 0.424753 0.787281 0.006853 0.012427
0 0.430921 0.733004 0.003838 0.006944
0 0.003289 0.365680 0.003289 0.014985
0 0.291804 0.424342 0.006305 0.010234
0 0.093202 0.594664 0.005482 0.009503
0 0.632401 0.249635 0.004386 0.010234
0 0.705044 0.424708 0.003289 0.019737
0 0.874726 0.826754 0.004934 0.008041
0 0.620614 0.472953 0.006579 0.005117
0 0.805099 0.542946 0.010417 0.012061
0 0.936815 0.488487 0.010143 0.014254
0 0.556469 0.247076 0.012610 0.013158
0 0.324013 0.526499 0.004934 0.008406
0 0.354578 0.790387 0.003564 0.009868
0 0.780839 0.338633 0.011787 0.024488
0 0.739309 0.608187 0.009868 0.009503
0 0.639940 0.813414 0.009594 0.010599
0 0.537418 0.375183 0.006853 0.009868
0 0.351974 0.311404 0.001096 0.018275
0 0.059896 0.380482 0.022204 0.027778
0 0.105263 0.481725 0.013158 0.013889
0 0.836349 0.605629 0.008224 0.012427
0 0.125274 0.883772 0.011513 0.017544
0 0.831689 0.251827 0.010417 0.017544
0 0.024123 0.428180 0.010417 0.011330
0 0.120066 0.901133 0.006579 0.006944
0 0.442982 0.788377 0.004386 0.007310
0 0.857456 0.382310 0.008772 0.013158
0 0.813322 0.414656 0.015899 0.023026
0 0.944901 0.395102 0.006579 0.012427
0 0.068531 0.328765 0.009868 0.013523
0 0.586075 0.258589 0.007675 0.012061
0 0.908032 0.923794 0.014529 0.014985
0 0.869106 0.247807 0.016173 0.013889
0 0.942982 0.475877 0.009868 0.008041
0 0.436404 0.786732 0.003838 0.007675
0 0.621162 0.337902 0.007127 0.014985
0 0.884457 0.473867 0.007401 0.006213
0 0.651316 0.891082 0.007675 0.013158
0 0.633635 0.412463 0.007401 0.014985
0 0.722725 0.201023 0.010691 0.013889
0 0.139254 0.285819 0.004934 0.012427
0 0.750822 0.556469 0.008772 0.012792
0 0.157758 0.807566 0.009594 0.012061
0 0.651316 0.405154 0.016447 0.031067
0 0.033306 0.771747 0.006305 0.009868
0 0.079221 0.381396 0.015351 0.023026
0 0.676261 0.356542 0.006579 0.005482
0 0.550987 0.676352 0.011513 0.014254
0 0.807429 0.344298 0.007950 0.013158
0 0.210252 0.315607 0.010965 0.023026
0 0.900082 0.908626 0.010691 0.010965
0 0.304276 0.485563 0.004934 0.009137
0 0.092105 0.498355 0.004386 0.025950
0 0.705044 0.287463 0.003289 0.017178
0 0.261787 0.105811 0.002741 0.007675
0 0.856360 0.483187 0.007675 0.014620
0 0.951617 0.635965 0.012884 0.019006
0 0.927495 0.259686 0.012336 0.011330
0 0.340598 0.495797 0.010143 0.012061
0 0.156661 0.429825 0.007401 0.010234
0 0.016996 0.713450 0.004934 0.008041
0 0.440652 0.590643 0.001919 0.005848
0 0.353070 0.295687 0.002193 0.011696
0 0.253701 0.745249 0.009594 0.018275
0 0.935444 0.193165 0.009046 0.012061
0 0.355811 0.410636 0.004934 0.012061
0 0.681058 0.687865 0.004660 0.005848
0 0.076206 0.359649 0.012061 0.008772
0 0.257264 0.342654 0.011787 0.016447
0 0.920093 0.866959 0.011787 0.014620
0 0.037144 0.639985 0.013432 0.014620
0 0.628564 0.337902 0.010417 0.017909
0 0.385143 0.305373 0.008772 0.017909
0 0.264254 0.361477 0.001096 0.008041
0 0.402961 0.430007 0.014254 0.021564
0 0.620614 0.741776 0.003838 0.004751
0 0.958059 0.296601 0.013706 0.023026
0 0.477522 0.472953 0.005482 0.005117
0 0.944490 0.360563 0.012336 0.009868
0 0.856086 0.243604 0.015351 0.009868
0 0.878838 0.549525 0.001645 0.010599
0 0.773849 0.479898 0.005482 0.010965
0 0.353070 0.531798 0.002193 0.007310
0 0.134457 0.436952 0.005757 0.009137
0 0.591694 0.551535 0.004660 0.005848
0 0.143229 0.327303 0.009594 0.008406
0 0.631853 0.913194 0.008224 0.014985
0 0.849095 0.577303 0.010691 0.014985
0 0.247396 0.342654 0.011239 0.015716
0 0.307018 0.332968 0.008772 0.013889
0 0.537692 0.194627 0.005757 0.009137
0 0.745340 0.007310 0.005482 0.007310
0 0.160773 0.377193 0.012336 0.019737
0 0.737527 0.692617 0.007950 0.013889
0 0.519874 0.324561 0.011787 0.018275
0 0.310855 0.381762 0.004934 0.006944
0 0.954496 0.375731 0.018640 0.024854
0 0.617736 0.747807 0.003564 0.006579
0 0.917352 0.270285 0.006305 0.009868
0 0.043311 0.400037 0.013158 0.017909
0 0.157621 0.317251 0.004386 0.007310
0 0.667215 0.355263 0.013706 0.004386
0 0.365269 0.141082 0.007950 0.020468
0 0.169819 0.726425 0.011239 0.012061
0 0.756579 0.462537 0.013158 0.010599
0 0.137061 0.257675 0.009320 0.012427
0 0.618010 0.415936 0.004112 0.021930
0 0.567160 0.239035 0.007675 0.005117
0 0.397889 0.380117 0.015625 0.019737
0 0.566201 0.855446 0.007401 0.014985
0 0.436952 0.780885 0.003289 0.009868
0 0.214090 0.690424 0.008224 0.010234
0 0.186678 0.677814 0.006579 0.008406
0 0.878427 0.545504 0.001371 0.023757
0 0.443942 0.594115 0.005208 0.006944
0 0.363761 0.254569 0.008772 0.011330
0 0.019463 0.843567 0.010965 0.019006
0 0.825110 0.194627 0.016447 0.025219
0 0.178043 0.254203 0.002467 0.012792
0 0.447094 0.594846 0.004934 0.006213
0 0.064967 0.374817 0.010417 0.017178
0 0.185992 0.704861 0.007401 0.003289
0 0.190378 0.445724 0.007401 0.008406
0 0.451891 0.714730 0.005208 0.006213
0 0.737939 0.651133 0.009868 0.011330
0 0.109238 0.503838 0.016173 0.025219
0 0.451206 0.716740 0.007675 0.010965
0 0.056606 0.385417 0.015625 0.014985
0 0.524123 0.374086 0.004386 0.010599
0 0.455044 0.338816 0.015351 0.024123
0 0.936129 0.346674 0.008772 0.007675
0 0.172834 0.281433 0.004660 0.019737
0 0.816338 0.447003 0.007127 0.009503
0 0.379523 0.809576 0.005757 0.008041
0 0.320312 0.766082 0.004660 0.005848
0 0.509046 0.284357 0.006579 0.009503
0 0.632675 0.254203 0.005482 0.018640
0 0.256305 0.635051 0.009320 0.011330
0 0.818394 0.066520 0.011239 0.017544
0 0.832922 0.842288 0.010143 0.015716
0 0.026042 0.264254 0.006579 0.010234
0 0.667352 0.387610 0.010691 0.020833
0 0.180373 0.236659 0.004934 0.002558
0 0.661321 0.159174 0.005757 0.009137
0 0.763158 0.224781 0.013158 0.018275
0 0.153235 0.771382 0.011513 0.014985
0 0.261924 0.389072 0.002467 0.018640
0 0.392681 0.372259 0.010691 0.020102
0 0.718750 0.296418 0.012610 0.016813
0 0.142407 0.398940 0.016173 0.033260
0 0.441886 0.801535 0.003289 0.008772
0 0.768503 0.449196 0.008498 0.014620
0 0.861568 0.389437 0.015351 0.025219
0 0.291667 0.528326 0.004386 0.009868
0 0.453947 0.361294 0.010417 0.010599
0 0.033854 0.769554 0.009594 0.014985
0 0.956414 0.900585 0.004934 0.005848
0 0.780016 0.182566 0.008498 0.013523
0 0.447231 0.278143 0.008498 0.016813
0 0.260554 0.290936 0.005208 0.013158
0 0.433388 0.931287 0.006579 0.008041
0 0.345258 0.519920 0.010691 0.014985
0 0.250274 0.731542 0.006031 0.007675
0 0.892955 0.269371 0.008498 0.010965
0 0.862939 0.644554 0.008772 0.012792
0 0.702988 0.474415 0.001371 0.006579
0 0.611842 0.154605 0.004386 0.007310
0 0.962308 0.356725 0.004660 0.005848
0 0.458882 0.458882 0.008772 0.011330
0 0.300576 0.415205 0.004660 0.010234
0 0.652961 0.811404 0.015899 0.014620
0 0.748218 0.208882 0.012884 0.014985
0 0.502878 0.806104 0.010143 0.014254
0 0.933114 0.854167 0.010417 0.015351
0 0.125411 0.491045 0.010143 0.016447
0 0.180373 0.438779 0.004934 0.009137
0 0.495751 0.331689 0.011787 0.027412
0 0.703947 0.473136 0.002193 0.005482
0 0.755757 0.639985 0.006031 0.010234
0 0.870477 0.220577 0.012336 0.017909
0 0.392681 0.376827 0.008498 0.009503
0 0.256853 0.788925 0.008772 0.012792
0 0.608690 0.222953 0.008498 0.012427
0 0.791667 0.239766 0.002193 0.005848
0 0.870888 0.751279 0.012610 0.025950
0 0.185992 0.593019 0.006305 0.008406
0 0.178043 0.472770 0.002467 0.004751
0 0.779057 0.138158 0.009868 0.015351
0 0.416804 0.823830 0.004112 0.005117
0 0.288103 0.388706 0.004386 0.006213
0 0.191475 0.828216 0.012336 0.009503
0 0.704907 0.901499 0.003015 0.012792
0 0.290981 0.336075 0.007950 0.007675
0 0.018503 0.931287 0.007401 0.008772
0 0.316612 0.429825 0.013706 0.020468
0 0.669956 0.625000 0.009868 0.016813
0 0.179276 0.855629 0.003838 0.013889
0 0.567160 0.857639 0.004934 0.010599
0 0.829907 0.564510 0.016173 0.026681
0 0.187226 0.832785 0.006579 0.010599
0 0.648575 0.309028 0.009868 0.014985
0 0.931743 0.739949 0.013706 0.023026
0 0.041530 0.405336 0.017818 0.027047
0 0.597451 0.374086 0.013432 0.023026
0 0.017955 0.294042 0.011787 0.011330
0 0.359238 0.236842 0.008498 0.002924
0 0.616228 0.486294 0.002193 0.018640
0 0.649397 0.329496 0.015899 0.017909
0 0.863076 0.846674 0.009046 0.014254
0 0.718065 0.150768 0.010143 0.012792
0 0.824973 0.792215 0.009046 0.013523
0 0.175987 0.434759 0.000548 0.008406
0 0.091968 0.504020 0.004112 0.011696
0 0.231223 0.128289 0.009594 0.007310
0 0.124863 0.485380 0.021107 0.017544
0 0.134183 0.612025 0.009046 0.014254
0 0.664337 0.768640 0.006853 0.015351
0 0.216694 0.453947 0.010143 0.016082
0 0.220532 0.681835 0.016721 0.017909
0 0.353618 0.516082 0.002741 0.009503
0 0.792078 0.678911 0.002467 0.023026
0 0.754249 0.711440 0.004660 0.008406
0 0.496025 0.200475 0.010143 0.019371
0 0.301398 0.678545 0.010691 0.013523
0 0.160910 0.421053 0.006031 0.008772
0 0.744518 0.455958 0.010965 0.017178
0 0.248492 0.731908 0.009594 0.009868
0 0.757675 0.749269 0.005482 0.007310
0 0.666255 0.357273 0.021107 0.006213
0 0.141859 0.404240 0.013980 0.018275
0 0.736705 0.688231 0.012884 0.021199
0 0.759731 0.572734 0.006305 0.010965
0 0.811952 0.814145 0.005482 0.004751
0 0.164062 0.359466 0.008498 0.008406
0 0.946409 0.901133 0.006305 0.006213
0 0.492873 0.239218 0.008772 0.005482
0 0.410362 0.542032 0.006579 0.008041
0 0.642955 0.420322 0.014529 0.022661
0 0.625411 0.480629 0.007950 0.010234
0 0.770422 0.520833 0.010143 0.010234
0 0.458059 0.931652 0.008224 0.008041
0 0.150905 0.437683 0.010143 0.011330
0 0.498081 0.205775 0.014803 0.027778
0 0.610060 0.344664 0.007950 0.012427
0 0.372807 0.920139 0.004934 0.005482
0 0.612939 0.388523 0.002193 0.016813
0 0.320587 0.758772 0.006853 0.011696
0 0.635965 0.114583 0.005482 0.004751
0 0.928865 0.053911 0.003564 0.007675
0 0.036047 0.576023 0.005208 0.006579
0 0.459019 0.815058 0.006853 0.006579
0 0.780291 0.332420 0.008498 0.013523
0 0.426946 0.228253 0.010143 0.011330
0 0.022204 0.854167 0.004934 0.007310
0 0.288240 0.794956 0.011239 0.012427
0 0.753701 0.640899 0.010691 0.011330
0 0.533580 0.292398 0.007401 0.019006
0 0.455044 0.195541 0.009868 0.011696
0 0.950521 0.341740 0.006853 0.010965
0 0.259183 0.346857 0.006853 0.008041
0 0.307018 0.540753 0.009868 0.020102
0 0.925576 0.321089 0.007401 0.017178
0 0.079359 0.669591 0.007950 0.013158
0 0.462582 0.792580 0.005208 0.006944
0 0.943394 0.392909 0.011239 0.018275
0 0.353755 0.235563 0.003015 0.001827
0 0.412966 0.411001 0.006305 0.009137
0 0.804688 0.197368 0.011787 0.024123
0 0.454359 0.354349 0.009046 0.003289
0 0.734238 0.131396 0.016173 0.014254
0 0.791804 0.343385 0.002467 0.012061
0 0.575658 0.216009 0.012061 0.009503
0 0.384183 0.279788 0.006305 0.009868
0 0.921738 0.338268 0.015625 0.023026
0 0.717516 0.452485 0.012884 0.019737
0 0.339227 0.245980 0.007950 0.009503
0 0.176535 0.434028 0.001096 0.009868
0 0.483690 0.557200 0.008498 0.022295
0 0.410910 0.410088 0.010417 0.011696
0 0.157209 0.274854 0.006853 0.008772
0 0.690241 0.227887 0.013158 0.012061
0 0.824836 0.284539 0.009868 0.015716
0 0.657346 0.223136 0.014254 0.021564
0 0.536595 0.192434 0.009046 0.016447
0 0.559896 0.928728 0.007401 0.010965
0 0.647341 0.875548 0.009594 0.010599
0 0.125548 0.256944 0.008224 0.011696
0 0.631990 0.334978 0.016173 0.023757
0 0.189967 0.500365 0.013706 0.029971
0 0.422149 0.222588 0.014254 0.022661
0 0.022204 0.624269 0.016996 0.027047
0 0.890625 0.161001 0.007127 0.012792
0 0.962308 0.902778 0.005208 0.012427
0 0.174068 0.857639 0.002193 0.015716