0 0.518914 0.197186 0.013706 0.023757
0 0.161870 0.855446 0.009594 0.014254
0 0.341283 0.174342 0.009868 0.016082
0 0.655839 0.901864 0.009594 0.015716
0 0.071409 0.522478 0.009046 0.016447
0 0.020833 0.905154 0.009320 0.016447
0 0.259868 0.507127 0.006579 0.028143
0 0.124041 0.726425 0.013980 0.024488
0 0.458745 0.397113 0.011239 0.017909
0 0.714090 0.865314 0.009868 0.013523
0 0.062500 0.424525 0.007675 0.012792
0 0.778783 0.844298 0.010417 0.013889
0 0.022067 0.520468 0.008498 0.013158
0 0.786595 0.850329 0.005757 0.018640
0 0.821820 0.341374 0.009320 0.013158
0 0.332785 0.841557 0.008224 0.009868
0 0.934622 0.805556 0.006305 0.010965
0 0.751919 0.762792 0.009320 0.011696
0 0.633909 0.905336 0.006305 0.009503
0 0.035636 0.335892 0.006579 0.013158
0 0.725603 0.405885 0.008224 0.014254
0 0.083882 0.454496 0.007675 0.014254
0 0.847451 0.243604 0.007401 0.009868
0 0.362390 0.827668 0.004934 0.009137
0 0.192160 0.793311 0.009320 0.010599
0 0.370751 0.103984 0.005757 0.011330
0 0.019052 0.797697 0.007401 0.011330
0 0.051261 0.226425 0.012061 0.014985
0 0.119929 0.218202 0.011239 0.016813
0 0.417626 0.274671 0.009594 0.019371
0 0.868832 0.521930 0.007401 0.012427
0 0.425027 0.922149 0.007401 0.013158
0 0.068394 0.637427 0.011239 0.016082
0 0.200110 0.686038 0.012061 0.019737
0 0.746848 0.783808 0.014529 0.022295
0 0.238213 0.616776 0.004386 0.008406
0 0.433936 0.210709 0.009320 0.014985
0 0.039748 0.404423 0.009320 0.014254
0 0.591694 0.728436 0.014529 0.017544
0 0.094298 0.477156 0.004934 0.007675
0 0.019326 0.640716 0.005208 0.009503
0 0.342379 0.442069 0.007675 0.010599
0 0.324973 0.015534 0.007950 0.012792
0 0.881442 0.677997 0.004112 0.012427
0 0.508087 0.101974 0.008498 0.020468
0 0.385828 0.926170 0.006853 0.010234
0 0.589775 0.368421 0.006305 0.009503
0 0.580866 0.719846 0.010965 0.017909
0 0.938871 0.713450 0.006031 0.011696
0 0.589638 0.366045 0.008224 0.014985
0 0.375137 0.371162 0.005208 0.006213
0 0.644189 0.491776 0.006579 0.014254
0 0.181469 0.663560 0.006031 0.012061
0 0.868695 0.724598 0.009320 0.022295
0 0.153509 0.491594 0.006031 0.007310
0 0.334156 0.192251 0.007127 0.011696
0 0.380482 0.372259 0.004934 0.006213
0 0.782209 0.556835 0.004112 0.009137
0 0.464912 0.397478 0.005482 0.012792
0 0.332374 0.883589 0.008498 0.009868
0 0.434348 0.289108 0.008498 0.019737
0 0.411184 0.096491 0.004386 0.006579
0 0.418586 0.726243 0.006579 0.010234
0 0.277823 0.688048 0.012336 0.013523
0 0.439830 0.406433 0.001371 0.012427
0 0.794271 0.851425 0.004660 0.018640
0 0.192434 0.414839 0.009320 0.013889
0 0.355400 0.587719 0.004660 0.002924
0 0.418997 0.250183 0.014529 0.016447
0 0.162692 0.691886 0.005757 0.009503
0 0.248904 0.676535 0.004386 0.008041
0 0.726562 0.932383 0.008498 0.005848
0 0.206552 0.830044 0.005757 0.009503
0 0.572780 0.189145 0.006853 0.013523
0 0.728755 0.260782 0.006853 0.010599
0 0.839227 0.837719 0.008498 0.011696
0 0.131168 0.537281 0.010691 0.014620
0 0.145011 0.386148 0.012061 0.022295
0 0.265351 0.741594 0.002193 0.013889
0 0.523575 0.599050 0.004934 0.013158
0 0.254249 0.734832 0.004112 0.006213
0 0.502330 0.715643 0.007401 0.011696
0 0.053454 0.527230 0.008224 0.009137
0 0.266996 0.439510 0.003838 0.020102
0 0.516173 0.883406 0.008224 0.013158
0 0.353207 0.357456 0.002467 0.006579
0 0.806743 0.883589 0.010417 0.010599
0 0.615680 0.759137 0.001645 0.015351
0 0.620066 0.623721 0.006031 0.020102
0 0.530291 0.359466 0.004112 0.008406
0 0.334978 0.195358 0.009868 0.018640
0 0.127741 0.617325 0.006031 0.013158
0 0.375000 0.875731 0.008224 0.013889
0 0.320312 0.203216 0.007950 0.011696
0 0.030291 0.857822 0.007401 0.011696
0 0.035225 0.815241 0.012336 0.005482
0 0.743558 0.362939 0.005208 0.008041
0 0.365680 0.210161 0.004934 0.008041
0 0.253564 0.592105 0.006031 0.007310
0 0.111020 0.464912 0.006031 0.005848
0 0.394737 0.461988 0.010965 0.010965
0 0.360334 0.360015 0.005208 0.008041
0 0.426261 0.406981 0.007675 0.011330
0 0.429002 0.922332 0.015899 0.014985
0 0.514117 0.110380 0.008498 0.013158
0 0.728207 0.637610 0.007950 0.014985
0 0.423657 0.712902 0.007401 0.009868
0 0.090461 0.377741 0.002741 0.009868
0 0.423109 0.309028 0.012884 0.020102
0 0.859786 0.243604 0.005757 0.009137
0 0.528509 0.579496 0.002193 0.010599
0 0.472314 0.586806 0.005482 0.001827
0 0.435444 0.790570 0.005208 0.011696
0 0.364720 0.600512 0.005757 0.009503
0 0.804550 0.783626 0.006031 0.018275
0 0.807977 0.611294 0.004112 0.008406
0 0.427495 0.279971 0.011787 0.024854
0 0.456826 0.282346 0.010691 0.017909
0 0.859786 0.895651 0.009046 0.010599
0 0.391996 0.603253 0.010965 0.009868
0 0.384868 0.366228 0.007127 0.005848
0 0.006716 0.892727 0.006853 0.021564
0 0.891859 0.383406 0.003564 0.007310
0 0.644326 0.371711 0.005757 0.009503
0 0.443531 0.569262 0.004934 0.006944
0 0.160636 0.891265 0.009320 0.018640
0 0.203810 0.684393 0.007401 0.015716
0 0.609649 0.009137 0.005482 0.005848
0 0.099507 0.804825 0.009868 0.015351
0 0.440789 0.253838 0.002193 0.017178
0 0.819490 0.775402 0.009594 0.018640
0 0.376371 0.191886 0.007127 0.018275
0 0.544271 0.381213 0.008498 0.011696
0 0.042078 0.781067 0.011239 0.016813
0 0.025082 0.531981 0.006853 0.009868
0 0.943531 0.600877 0.003838 0.006579
0 0.052906 0.718750 0.006579 0.014985
0 0.313596 0.675073 0.006579 0.013158
0 0.110060 0.709795 0.007950 0.008041
0 0.047834 0.484466 0.011787 0.016447
0 0.575795 0.193348 0.004660 0.006579
0 0.384594 0.212719 0.008772 0.016813
0 0.353207 0.353801 0.002467 0.002924
0 0.202166 0.182200 0.006305 0.011330
0 0.888843 0.800439 0.007950 0.010965
0 0.838405 0.355263 0.007401 0.004386
0 0.749863 0.195906 0.006305 0.012427
0 0.222725 0.377010 0.006305 0.008406
0 0.228481 0.028874 0.010691 0.021199
0 0.371025 0.837719 0.007950 0.010234
0 0.616091 0.457237 0.001919 0.009503
0 0.404605 0.092471 0.004934 0.006579
0 0.448739 0.241228 0.005482 0.007310
0 0.483279 0.347588 0.006031 0.006579
0 0.505208 0.206689 0.008224 0.012792
0 0.483416 0.354532 0.005208 0.003655
0 0.309073 0.725694 0.003564 0.005482
0 0.853070 0.841009 0.011513 0.017544
0 0.642270 0.767544 0.003838 0.006579
0 0.376371 0.475329 0.006579 0.007675
0 0.633224 0.741045 0.005482 0.008406
0 0.598821 0.293311 0.004660 0.008406
0 0.046738 0.185307 0.010143 0.016813
0 0.243695 0.614401 0.006031 0.010234
0 0.952577 0.836440 0.008772 0.012792
0 0.155976 0.685855 0.008224 0.012061
0 0.177083 0.653692 0.001645 0.015716
0 0.529194 0.630482 0.003015 0.029971
0 0.874863 0.755848 0.004660 0.029240
0 0.376782 0.196089 0.005208 0.012792
0 0.140762 0.287098 0.007401 0.012061
0 0.228755 0.325110 0.009046 0.009137
0 0.234649 0.123538 0.006031 0.006579
0 0.716694 0.824013 0.004112 0.005482
0 0.942160 0.321089 0.009320 0.015716
0 0.533717 0.293677 0.006579 0.011330
0 0.820175 0.771199 0.006031 0.008772
0 0.043586 0.887061 0.011513 0.014620
0 0.204770 0.542215 0.007127 0.011330
0 0.736157 0.514254 0.004660 0.008041
0 0.268366 0.269737 0.004934 0.007310
0 0.848684 0.500731 0.007127 0.010965
0 0.584567 0.368056 0.005208 0.013158
0 0.435992 0.319810 0.005208 0.021199
0 0.776453 0.403326 0.005757 0.008406
0 0.437500 0.226608 0.002193 0.013158
0 0.750137 0.309393 0.005757 0.012061
0 0.522889 0.578034 0.005757 0.012061
0 0.466420 0.337902 0.006853 0.017909
0 0.246711 0.676718 0.009320 0.010599
0 0.239172 0.686952 0.006853 0.009868
0 0.168311 0.212171 0.007127 0.011330
0 0.414885 0.838999 0.005757 0.009137
0 0.019874 0.396382 0.006853 0.010599
0 0.560855 0.028509 0.012061 0.018275
0 0.837582 0.256213 0.009594 0.010965
0 0.862527 0.649488 0.005208 0.007310
0 0.033991 0.769920 0.006031 0.006944
0 0.370340 0.104898 0.009320 0.014620
0 0.258361 0.335526 0.007401 0.011696
0 0.242325 0.544042 0.006031 0.006213
0 0.029331 0.425987 0.006579 0.009868
0 0.179413 0.471308 0.004112 0.003289
0 0.616913 0.630300 0.003015 0.008406
0 0.301809 0.666118 0.008224 0.015716
0 0.146656 0.895833 0.010417 0.016813
0 0.749589 0.786732 0.007401 0.010599
0 0.308388 0.524488 0.005482 0.006579
0 0.290433 0.808662 0.010143 0.013523
0 0.799342 0.832785 0.003289 0.005482
0 0.203673 0.680738 0.006031 0.009868
0 0.685992 0.863487 0.006853 0.013523
0 0.077440 0.357456 0.004660 0.006579
0 0.158032 0.185124 0.004112 0.006213
0 0.612664 0.456140 0.002741 0.009503
0 0.826343 0.477156 0.005757 0.009137
0 0.159814 0.279057 0.008772 0.014254
0 0.551672 0.244883 0.010691 0.010965