0 0.448876 0.868421 0.009594 0.017544
0 0.366776 0.559942 0.006579 0.013889
0 0.385417 0.900585 0.009868 0.021199
0 0.379523 0.834064 0.014529 0.015351
0 0.372396 0.620431 0.009046 0.013523
0 0.281798 0.640351 0.008224 0.013158
0 0.356223 0.902778 0.005208 0.016813
0 0.275768 0.632675 0.008772 0.013158
0 0.373492 0.489218 0.005208 0.009137
0 0.407758 0.854898 0.008498 0.014620
0 0.368832 0.899488 0.010691 0.016813
0 0.446546 0.923977 0.007675 0.014620
0 0.392681 0.874635 0.010143 0.017544
0 0.481223 0.619518 0.009046 0.011696
0 0.367188 0.920504 0.010691 0.016447
0 0.397067 0.812317 0.011239 0.012792
0 0.343065 0.377010 0.006305 0.009868
0 0.006031 0.376279 0.006031 0.009868
0 0.053043 0.573830 0.005757 0.010234
0 0.445861 0.898209 0.005208 0.009868
0 0.809622 0.843933 0.010143 0.013158
0 0.369243 0.879569 0.009320 0.019371
0 0.371711 0.910819 0.010417 0.010965
0 0.887336 0.602339 0.007127 0.009503
0 0.452166 0.920139 0.005757 0.013523
0 0.386239 0.857456 0.010965 0.015351
0 0.329084 0.672880 0.010691 0.016813
0 0.344435 0.384503 0.006853 0.008772
0 0.884594 0.897113 0.005482 0.007675
0 0.064556 0.450110 0.010691 0.015716
0 0.409951 0.356177 0.005757 0.005482
0 0.084567 0.557200 0.005208 0.011330
0 0.023712 0.226974 0.010143 0.012427
0 0.400219 0.858187 0.013158 0.016082
0 0.044134 0.541484 0.009868 0.018640
0 0.058799 0.456871 0.009594 0.010965
0 0.368695 0.014254 0.005482 0.008772
0 0.364995 0.929459 0.011239 0.012427
0 0.287281 0.560855 0.010965 0.012792
0 0.552495 0.129203 0.005208 0.008406
0 0.266036 0.717654 0.003015 0.008406
0 0.393229 0.901316 0.005208 0.012427
0 0.025768 0.226974 0.004934 0.008772
0 0.396930 0.857091 0.008224 0.013158
0 0.807977 0.771382 0.009594 0.012792
0 0.492325 0.625365 0.009868 0.010965
0 0.082922 0.238304 0.008498 0.004386
0 0.443531 0.932018 0.004934 0.007310
0 0.079633 0.611659 0.007401 0.011330
0 0.368695 0.628838 0.004386 0.006944
0 0.399397 0.915205 0.006579 0.008772
0 0.539748 0.868969 0.010417 0.016447
0 0.197780 0.239583 0.005208 0.005482
0 0.562089 0.706140 0.006305 0.004386
0 0.253838 0.863670 0.005482 0.005848
0 0.067571 0.464181 0.009594 0.007310
0 0.138021 0.176170 0.013432 0.022661
0 0.665570 0.616594 0.005482 0.007310
0 0.424479 0.403874 0.008498 0.008041
0 0.089227 0.366045 0.001371 0.011330
0 0.825932 0.772295 0.011513 0.017544
0 0.756031 0.845395 0.010417 0.017544
0 0.042078 0.534539 0.005757 0.006213
0 0.891996 0.598319 0.008224 0.010234
0 0.749452 0.624452 0.011513 0.020102
0 0.371162 0.624269 0.009868 0.019006
0 0.050302 0.564876 0.007950 0.009868
0 0.935992 0.821637 0.012336 0.002924
0 0.071957 0.425439 0.007950 0.010965
0 0.154879 0.543860 0.007127 0.016082
0 0.535088 0.539108 0.008772 0.012427
0 0.088816 0.327303 0.001096 0.016447
0 0.704359 0.886879 0.002467 0.015716
0 0.088816 0.840095 0.001096 0.020102
0 0.030016 0.531067 0.006853 0.008041
0 0.094709 0.237756 0.006853 0.004020
0 0.050713 0.509686 0.004934 0.009137
0 0.819490 0.800621 0.009046 0.019371
0 0.083333 0.230811 0.006579 0.006213
0 0.380482 0.355446 0.010417 0.004751
0 0.136239 0.578399 0.006031 0.009868
0 0.528920 0.870431 0.002467 0.015716
0 0.559211 0.543494 0.004934 0.009503
0 0.276590 0.230629 0.006579 0.005848
0 0.109101 0.367325 0.006031 0.006579
0 0.580318 0.767909 0.008772 0.014620
0 0.171601 0.246345 0.007675 0.012427
0 0.052769 0.324013 0.013432 0.012792
0 0.003975 0.453399 0.004112 0.014985
0 0.437363 0.075658 0.002467 0.023392
0 0.123766 0.905154 0.011239 0.018640
0 0.276042 0.236111 0.007675 0.002193
0 0.561404 0.296418 0.011513 0.014620
0 0.528509 0.865680 0.002193 0.006944
0 0.399397 0.908443 0.008772 0.025950
0 0.698876 0.459978 0.005757 0.015716
0 0.089912 0.840461 0.002193 0.018640
0 0.160636 0.185490 0.006579 0.011330
0 0.168997 0.185673 0.010143 0.021930
0 0.058114 0.449013 0.005482 0.006213
0 0.385828 0.876279 0.005208 0.017178
0 0.185992 0.268275 0.007401 0.017544
0 0.040159 0.235928 0.010691 0.001827