0 0.951754 0.743604 0.007675 0.015716
0 0.426535 0.756213 0.009320 0.013158
0 0.033580 0.893275 0.007401 0.010965
0 0.474918 0.768640 0.006853 0.010965
0 0.090461 0.673428 0.002741 0.017909
0 0.547697 0.906433 0.005482 0.007310
0 0.300302 0.619518 0.004660 0.006579
0 0.089775 0.771747 0.001919 0.011330
0 0.094298 0.928363 0.006579 0.014620
0 0.758498 0.823099 0.004386 0.004386
0 0.100877 0.692069 0.012610 0.018640
0 0.082922 0.760051 0.008498 0.010599
0 0.035910 0.863304 0.005482 0.009503
0 0.017407 0.766996 0.009046 0.012061
0 0.113213 0.930556 0.010965 0.010234
0 0.522204 0.790022 0.008224 0.014254
0 0.744792 0.497442 0.012061 0.019006
0 0.069079 0.928728 0.007675 0.008772
0 0.129386 0.927997 0.019737 0.015351
0 0.616228 0.378838 0.002193 0.008406
0 0.603070 0.888341 0.010417 0.015716
0 0.729030 0.595029 0.010143 0.010234
0 0.939008 0.791849 0.008498 0.011330
0 0.061815 0.642909 0.014529 0.013158
0 0.667352 0.636330 0.008498 0.009503
0 0.612390 0.542763 0.003289 0.019006
0 0.114720 0.728436 0.007950 0.012427
0 0.880071 0.821820 0.003015 0.003289
0 0.159677 0.902047 0.012336 0.017544
0 0.861705 0.592654 0.006305 0.007675
0 0.546464 0.896016 0.004112 0.006213
0 0.428728 0.916849 0.003289 0.006213
0 0.847451 0.574013 0.006305 0.009868
0 0.740269 0.450475 0.003564 0.005482
0 0.114857 0.858735 0.013158 0.012061
0 0.458059 0.500183 0.003838 0.004751
0 0.474507 0.459978 0.010417 0.013523
0 0.073739 0.833882 0.003838 0.004751
0 0.116502 0.725329 0.011513 0.019371
0 0.748081 0.490132 0.004386 0.005117
0 0.062774 0.732822 0.006579 0.007310
0 0.467242 0.602705 0.009594 0.009503
0 0.925850 0.804094 0.008498 0.012427
0 0.090461 0.760782 0.002741 0.009137
0 0.106086 0.708333 0.010965 0.006579
0 0.881853 0.858004 0.003838 0.005482
0 0.493147 0.512061 0.003838 0.005848
0 0.545916 0.609649 0.005208 0.005117
0 0.722588 0.686221 0.009320 0.009868
0 0.089912 0.707785 0.002193 0.006213
0 0.729578 0.597039 0.007401 0.006944
0 0.684073 0.605994 0.004112 0.005117
0 0.724232 0.425073 0.005482 0.009503
0 0.723410 0.652595 0.011513 0.025219
0 0.654468 0.433845 0.004660 0.008041
0 0.288925 0.757675 0.009320 0.016082
0 0.719161 0.734832 0.003015 0.004751
0 0.036047 0.862025 0.004112 0.006213
0 0.060581 0.756579 0.008772 0.008772
0 0.381442 0.442617 0.009046 0.013158
0 0.851425 0.813231 0.003838 0.005117
0 0.523438 0.365863 0.003564 0.005117
0 0.805373 0.802997 0.003289 0.004386
0 0.790707 0.441703 0.001371 0.009868
0 0.747122 0.902412 0.005757 0.008772
0 0.344161 0.760417 0.003564 0.006213
0 0.858004 0.810124 0.004386 0.004751
0 0.129249 0.727339 0.012336 0.013158
0 0.127193 0.854898 0.005482 0.007310
0 0.663925 0.629934 0.004934 0.006944
0 0.823602 0.914291 0.003015 0.004751
0 0.317023 0.503472 0.012336 0.025950
0 0.126782 0.891447 0.007950 0.008772
0 0.116913 0.720212 0.013980 0.018640
0 0.773986 0.667215 0.004112 0.004751
0 0.070450 0.765716 0.015899 0.022661
0 0.501096 0.778143 0.014803 0.018275
0 0.854578 0.720029 0.011239 0.018275
0 0.129934 0.714364 0.013158 0.012792