0 0.303591 0.625000 0.007950 0.013158
0 0.548931 0.136879 0.005208 0.009137
0 0.669545 0.131762 0.008498 0.012061
0 0.479715 0.254569 0.006031 0.009137
0 0.887198 0.130300 0.005757 0.009137
0 0.767818 0.042032 0.007127 0.010965
0 0.720806 0.133589 0.006305 0.009137
0 0.861705 0.245066 0.005208 0.008406
0 0.520833 0.252010 0.005482 0.010599
0 0.585252 0.127193 0.006579 0.008772
0 0.568668 0.539839 0.006305 0.010965
0 0.652001 0.611294 0.005208 0.009868
0 0.616913 0.105994 0.003015 0.009503
0 0.361020 0.163377 0.004934 0.008041
0 0.690104 0.383041 0.005208 0.008772
0 0.838268 0.185124 0.006579 0.010599
0 0.214912 0.139254 0.004934 0.008041
0 0.817023 0.255482 0.004660 0.008041
0 0.125822 0.012061 0.004934 0.007310
0 0.819490 0.127741 0.007401 0.010599
0 0.651179 0.528874 0.005757 0.008772
0 0.708745 0.532164 0.005757 0.010234
0 0.637061 0.558114 0.006031 0.009503
0 0.653372 0.837354 0.004660 0.008772
0 0.636102 0.298063 0.005208 0.008406
0 0.666667 0.266630 0.004934 0.008406
0 0.564693 0.259503 0.004934 0.008041
0 0.642270 0.590643 0.004934 0.005848
0 0.311266 0.031067 0.004660 0.007310
0 0.705181 0.301901 0.003564 0.008041
0 0.195038 0.139620 0.004660 0.008041
0 0.865680 0.274671 0.007675 0.011330
0 0.193531 0.451389 0.007127 0.009503
0 0.918311 0.460892 0.007675 0.013889
0 0.645148 0.039839 0.005757 0.008772
0 0.751234 0.363852 0.004112 0.009137
0 0.497533 0.217288 0.005482 0.009137
0 0.406524 0.533626 0.005482 0.009503
0 0.880345 0.070906 0.003015 0.008772
0 0.220121 0.109649 0.004934 0.008772
0 0.683799 0.383224 0.004660 0.006944
0 0.122944 0.548794 0.010143 0.017909
0 0.488076 0.225512 0.005208 0.006579
0 0.750137 0.121528 0.005208 0.004751
0 0.417763 0.534357 0.006031 0.009503
0 0.343750 0.229167 0.004386 0.007310
0 0.360197 0.122807 0.004386 0.005848
0 0.270285 0.371528 0.006031 0.007675
0 0.314008 0.256579 0.004112 0.009503
0 0.724232 0.298977 0.006031 0.008041
0 0.446272 0.283991 0.007675 0.015351
0 0.108279 0.029240 0.005482 0.009503
0 0.079359 0.589181 0.005208 0.004386
0 0.646793 0.346857 0.005757 0.006579
0 0.379112 0.559759 0.005482 0.008406
0 0.527823 0.244883 0.001371 0.005117
0 0.608141 0.062317 0.004112 0.007675
0 0.552906 0.150219 0.005482 0.008772
0 0.127330 0.020651 0.004660 0.006944
0 0.163103 0.124635 0.003838 0.006579
0 0.579221 0.125548 0.004934 0.006213
0 0.677357 0.588268 0.005482 0.003289
0 0.272478 0.173977 0.009320 0.018275
0 0.838816 0.050256 0.004386 0.007675
0 0.075658 0.425987 0.004934 0.006944
0 0.014529 0.228618 0.007675 0.010599
0 0.146930 0.139437 0.004934 0.006213
0 0.508498 0.857822 0.004934 0.008041
0 0.197917 0.130848 0.003289 0.004386
0 0.640625 0.294408 0.006031 0.009137
0 0.147204 0.014803 0.004386 0.008406
0 0.331689 0.055373 0.009320 0.009137
0 0.083882 0.146199 0.003838 0.005848
0 0.166667 0.238304 0.004934 0.004386
0 0.710938 0.299890 0.005208 0.006944
0 0.041255 0.064510 0.004112 0.005482
0 0.866776 0.432566 0.004386 0.007675
0 0.070312 0.526499 0.003564 0.006944
0 0.151864 0.256396 0.003838 0.007675
0 0.180236 0.113121 0.004660 0.006213
0 0.147478 0.127010 0.004386 0.005482
0 0.193394 0.027230 0.006305 0.007675
0 0.201891 0.145651 0.004112 0.005482
0 0.586075 0.385782 0.005482 0.009137
0 0.616776 0.725877 0.002741 0.008772
0 0.759046 0.079313 0.004386 0.006579
0 0.506031 0.506579 0.004934 0.010234
0 0.741228 0.257310 0.004934 0.007310
0 0.796053 0.510782 0.006579 0.012061
0 0.659265 0.282529 0.004934 0.007310
0 0.395559 0.176718 0.003289 0.006944
0 0.743010 0.124452 0.008498 0.007675
0 0.647204 0.711988 0.006579 0.010234
0 0.297423 0.160636 0.005482 0.006944
0 0.489857 0.229898 0.006031 0.007310
0 0.741091 0.461075 0.005757 0.006944
0 0.326206 0.196455 0.003838 0.006213
0 0.481086 0.288560 0.006031 0.005482
0 0.149397 0.759137 0.008224 0.008772
0 0.714227 0.294773 0.006305 0.008406
0 0.109101 0.121345 0.004934 0.004386
0 0.239995 0.230994 0.004112 0.005117
0 0.072094 0.157712 0.003838 0.006944
0 0.043860 0.101608 0.003838 0.006579
0 0.707100 0.188231 0.004112 0.006579
0 0.773712 0.038560 0.005757 0.006944
0 0.159402 0.035270 0.008498 0.006944
0 0.312637 0.257310 0.007950 0.010234
0 0.547971 0.586988 0.004934 0.002193
0 0.113898 0.015534 0.003564 0.005482
0 0.325521 0.822551 0.006853 0.004020
0 0.243147 0.821637 0.005482 0.002924
0 0.076617 0.245797 0.003015 0.004751
0 0.911458 0.574927 0.005482 0.007310
0 0.667763 0.127741 0.010417 0.010599
0 0.918311 0.206871 0.003289 0.005117
0 0.124863 0.298977 0.004112 0.005117
0 0.893640 0.303363 0.010417 0.010965
0 0.250548 0.249817 0.008224 0.015716
0 0.773438 0.929459 0.008498 0.009503
0 0.065104 0.527047 0.005208 0.007310
0 0.159677 0.252741 0.005757 0.008406
0 0.292215 0.161550 0.004386 0.005848
0 0.070998 0.257858 0.003838 0.005482
0 0.868010 0.246162 0.004660 0.007675
0 0.072094 0.436586 0.004386 0.006944
0 0.755757 0.709247 0.006031 0.007675
0 0.379934 0.608553 0.004386 0.007310
0 0.627878 0.084978 0.004660 0.006213
0 0.755757 0.798977 0.004934 0.007310
0 0.874863 0.473684 0.004112 0.005848
0 0.859238 0.290753 0.004660 0.008406
0 0.676809 0.061769 0.010417 0.013158
0 0.426535 0.852522 0.004386 0.004751
0 0.950521 0.547149 0.005757 0.008041
0 0.841146 0.103436 0.006853 0.008772
0 0.032209 0.542215 0.008498 0.012792
0 0.726562 0.659174 0.004112 0.005482
0 0.693394 0.799159 0.004660 0.007675
0 0.824561 0.805921 0.006031 0.008772
0 0.001508 0.474415 0.001371 0.006579
0 0.808662 0.883589 0.006031 0.007675
0 0.433114 0.048246 0.004386 0.009503
0 0.212034 0.028692 0.005208 0.006213
0 0.134731 0.180738 0.005208 0.007675
0 0.283854 0.031798 0.004112 0.006579
0 0.543586 0.020285 0.004386 0.006213
0 0.180784 0.137975 0.003564 0.006944
0 0.432840 0.119700 0.003838 0.002558
0 0.377056 0.242690 0.010691 0.008772
0 0.156798 0.040205 0.007675 0.008041
0 0.742050 0.254934 0.006579 0.015716
0 0.547423 0.273026 0.007127 0.007310
0 0.458882 0.606542 0.008772 0.012792
0 0.707237 0.907895 0.005482 0.005848
0 0.321135 0.458882 0.004660 0.008406
0 0.393640 0.525402 0.005482 0.007675
0 0.387884 0.164108 0.009320 0.014620
0 0.149671 0.321089 0.006579 0.007675
0 0.887610 0.353070 0.006031 0.002193
0 0.527412 0.105994 0.001096 0.006579
0 0.096491 0.032712 0.004386 0.008406
0 0.273712 0.696089 0.004660 0.006213
0 0.005345 0.112390 0.003564 0.007675
0 0.468476 0.047332 0.003289 0.004020
0 0.590049 0.829861 0.004112 0.008406
0 0.811541 0.559759 0.005757 0.009137
0 0.550439 0.087719 0.003838 0.006579
0 0.342928 0.113852 0.004386 0.005482