0 0.585526 0.361659 0.004386 0.009137
0 0.192434 0.615680 0.006031 0.009868
0 0.590049 0.367325 0.006305 0.010234
0 0.372944 0.007127 0.005208 0.006944
0 0.521245 0.131762 0.004660 0.009137
0 0.234375 0.680556 0.006579 0.010234
0 0.620066 0.639437 0.005482 0.009137
0 0.542763 0.035636 0.004934 0.008406
0 0.078262 0.608187 0.004112 0.007310
0 0.418997 0.253289 0.004112 0.007310
0 0.163514 0.375365 0.004112 0.007310
0 0.615817 0.727522 0.001919 0.009137
0 0.021245 0.572368 0.005757 0.008041
0 0.367599 0.007310 0.005482 0.007310
0 0.747396 0.210709 0.004660 0.008406
0 0.557977 0.042946 0.004112 0.008406
0 0.888980 0.696820 0.006579 0.009868
0 0.146107 0.241411 0.004934 0.007675
0 0.462034 0.010417 0.005757 0.009868
0 0.477796 0.014803 0.004934 0.009137
0 0.012336 0.257127 0.004934 0.008406
0 0.538651 0.133041 0.003838 0.008041
0 0.292900 0.329496 0.005208 0.008406
0 0.765488 0.224598 0.005208 0.009137
0 0.292900 0.368604 0.004660 0.006944
0 0.660088 0.141813 0.004934 0.006579
0 0.146107 0.494518 0.005482 0.007310
0 0.514666 0.122807 0.004660 0.005848
0 0.492462 0.153326 0.004112 0.006944
0 0.653509 0.147661 0.004386 0.008041
0 0.593750 0.736111 0.004386 0.006579
0 0.390077 0.383224 0.004386 0.007675
0 0.225329 0.596857 0.004386 0.008041
0 0.212034 0.180738 0.007950 0.012792
0 0.542352 0.673977 0.004112 0.007310
0 0.283443 0.221308 0.004386 0.007675
0 0.431743 0.482639 0.008224 0.009868
0 0.023300 0.579313 0.005482 0.007310
0 0.106634 0.204678 0.005482 0.008041
0 0.402686 0.280519 0.004386 0.007675
0 0.381305 0.383589 0.004386 0.008406
0 0.292626 0.099232 0.004112 0.007675
0 0.471080 0.085161 0.005208 0.008041
0 0.365543 0.081323 0.004660 0.008406
0 0.119929 0.256762 0.004112 0.006213
0 0.410225 0.570906 0.004660 0.008041
0 0.188459 0.627193 0.004660 0.008041
0 0.471354 0.007858 0.004660 0.007675
0 0.933114 0.090461 0.006031 0.008406
0 0.247259 0.296418 0.004386 0.007310
0 0.420367 0.309028 0.005208 0.009137
0 0.217379 0.184942 0.004934 0.007310
0 0.207785 0.580409 0.006031 0.008041
0 0.154742 0.503107 0.004660 0.006944
0 0.664885 0.381944 0.004660 0.007310
0 0.478070 0.099232 0.004386 0.008406
0 0.606360 0.186404 0.004386 0.007310
0 0.008498 0.666849 0.006031 0.008406
0 0.581140 0.143092 0.003838 0.006944
0 0.881031 0.251827 0.003838 0.006579
0 0.486294 0.149488 0.004386 0.007310
0 0.754934 0.041667 0.005482 0.008772
0 0.077851 0.432931 0.005482 0.006944
0 0.323191 0.167580 0.003838 0.006944
0 0.169134 0.631396 0.004386 0.006944
0 0.502330 0.328216 0.004112 0.006579
0 0.101562 0.198648 0.006305 0.006944
0 0.145285 0.229167 0.004934 0.008041
0 0.450795 0.799525 0.004112 0.006944
0 0.615817 0.318348 0.001919 0.006579
0 0.297971 0.402230 0.006031 0.008406
0 0.806880 0.625000 0.004112 0.007310
0 0.762610 0.215461 0.004934 0.007675
0 0.339364 0.642909 0.004386 0.007310
0 0.751096 0.716374 0.006579 0.008041
0 0.813048 0.259868 0.004934 0.008041
0 0.772204 0.260599 0.005482 0.008041
0 0.113076 0.256579 0.005208 0.008772
0 0.271519 0.645833 0.005208 0.008772
0 0.823465 0.029971 0.005482 0.008041
0 0.871985 0.097222 0.005482 0.008041
0 0.507127 0.131944 0.004386 0.007310
0 0.540981 0.264620 0.004112 0.007310
0 0.550713 0.272295 0.004934 0.007310
0 0.201069 0.580775 0.006853 0.008041
0 0.197231 0.341557 0.004112 0.006213
0 0.513432 0.254751 0.003838 0.006579
0 0.245066 0.291849 0.004934 0.006944
0 0.947231 0.121893 0.004660 0.004751
0 0.076069 0.218750 0.004112 0.006944
0 0.792215 0.522295 0.002741 0.014620
0 0.481086 0.150950 0.003838 0.005117
0 0.416804 0.261696 0.003015 0.005117
0 0.802632 0.028509 0.005482 0.006579
0 0.531661 0.573648 0.004112 0.006944
0 0.750137 0.283260 0.004660 0.007310
0 0.483553 0.313048 0.004934 0.006944
0 0.258361 0.089547 0.004112 0.006579
0 0.189419 0.086075 0.004386 0.007675
0 0.020559 0.264803 0.004934 0.007675
0 0.745477 0.721126 0.005208 0.008041
0 0.334978 0.238304 0.003838 0.004386
0 0.376919 0.650768 0.004386 0.007675
0 0.535636 0.322186 0.003289 0.006944
0 0.159814 0.371711 0.003838 0.006579
0 0.172834 0.370614 0.004660 0.008041
0 0.703947 0.639985 0.002193 0.013158
0 0.847725 0.187135 0.005208 0.008772
0 0.843476 0.177632 0.004934 0.008041
0 0.001096 0.007858 0.001096 0.007675
0 0.801398 0.122259 0.004660 0.005482
0 0.759046 0.214547 0.004934 0.008041
0 0.358279 0.209978 0.003289 0.006213
0 0.465049 0.425987 0.003564 0.006213
0 0.612802 0.727705 0.002467 0.011696
0 0.415981 0.305190 0.004112 0.007310
0 0.286732 0.099415 0.003838 0.008041
0 0.403098 0.613852 0.003564 0.006944
0 0.547423 0.263706 0.004934 0.006944
0 0.565927 0.036915 0.003564 0.005117
0 0.638295 0.538377 0.004660 0.006579
0 0.796875 0.112208 0.005482 0.007310
0 0.667763 0.215278 0.004386 0.008041
0 0.711349 0.480263 0.004386 0.006579
0 0.377467 0.009868 0.004386 0.009503
0 0.386787 0.381396 0.003838 0.005482
0 0.753427 0.212171 0.005208 0.008406
0 0.444627 0.898575 0.006031 0.012792
0 0.537829 0.018823 0.003838 0.006213
0 0.514117 0.130665 0.004660 0.008406
0 0.046464 0.216923 0.004112 0.006944
0 0.472725 0.018458 0.005208 0.008406
0 0.329359 0.238487 0.004660 0.004751
0 0.001782 0.274671 0.001919 0.007675
0 0.362802 0.120614 0.004112 0.003655
0 0.545641 0.677083 0.004660 0.007675
0 0.154194 0.389072 0.005208 0.007675
0 0.443805 0.364766 0.003838 0.006579
0 0.057566 0.106542 0.005482 0.009137
0 0.691064 0.105629 0.004386 0.005848
0 0.470532 0.334247 0.004112 0.006944
0 0.247670 0.433662 0.003564 0.005482
0 0.168311 0.386696 0.004934 0.007310
0 0.048520 0.243787 0.004934 0.005848
0 0.109649 0.262975 0.007675 0.010599
0 0.093887 0.161001 0.004660 0.005482
0 0.083607 0.598684 0.003289 0.004386
0 0.102933 0.012610 0.005208 0.006213
0 0.177495 0.519006 0.001919 0.006579
0 0.442571 0.067069 0.004112 0.009137
0 0.066612 0.523026 0.003838 0.005117
0 0.764940 0.072003 0.004660 0.007310
0 0.347725 0.696637 0.003564 0.005848
0 0.152412 0.219664 0.004386 0.006579
0 0.174479 0.610015 0.001919 0.005848
0 0.140625 0.494883 0.004934 0.006579
0 0.505345 0.010417 0.004112 0.006944
0 0.805647 0.113304 0.006579 0.006579
0 0.256168 0.094298 0.003015 0.005117
0 0.688185 0.512792 0.004112 0.007310
0 0.363624 0.218933 0.004112 0.007310
0 0.444353 0.211988 0.004386 0.008041
0 0.549890 0.322917 0.003838 0.004751
0 0.660499 0.229349 0.004112 0.005482
0 0.783169 0.091009 0.006031 0.007310
0 0.528509 0.614949 0.002193 0.005482
0 0.392955 0.183845 0.004112 0.007310
0 0.479715 0.020285 0.005482 0.008406
0 0.657895 0.146747 0.004386 0.006944
0 0.697780 0.643640 0.006853 0.013889
0 0.042626 0.236111 0.004660 0.002193
0 0.157895 0.578582 0.006031 0.008041
0 0.331963 0.846308 0.009320 0.012792
0 0.470669 0.073830 0.003289 0.005117
0 0.274534 0.641996 0.003564 0.006213
0 0.399808 0.591374 0.003564 0.004386
0 0.319901 0.165753 0.004386 0.007675
0 0.275905 0.041301 0.004112 0.006579
0 0.299890 0.408808 0.005482 0.007675
0 0.542078 0.131396 0.003564 0.006213
0 0.221902 0.637427 0.004112 0.005848
0 0.687089 0.141082 0.004112 0.006579
0 0.315104 0.048611 0.004660 0.006579
0 0.454084 0.095577 0.004112 0.007675
0 0.828125 0.470577 0.006031 0.002558
0 0.961760 0.853070 0.003015 0.004386
0 0.466420 0.004934 0.005208 0.004751
0 0.910910 0.222039 0.004386 0.006944
0 0.787144 0.306104 0.004112 0.006944
0 0.301672 0.310307 0.004112 0.005848
0 0.205592 0.192617 0.003838 0.005848
0 0.046875 0.327485 0.004386 0.007310
0 0.894600 0.208151 0.005208 0.006213
0 0.675576 0.472222 0.003564 0.004386
0 0.714227 0.474415 0.005757 0.006579
0 0.091009 0.316338 0.003289 0.006944
0 0.707922 0.917946 0.004660 0.007675
0 0.415981 0.310307 0.003015 0.005117
0 0.693668 0.080592 0.005208 0.007675
0 0.222862 0.022478 0.004934 0.009137
0 0.412966 0.574379 0.003564 0.005482
0 0.712719 0.529057 0.004386 0.006944
0 0.459430 0.716557 0.003838 0.004751
0 0.905702 0.271199 0.004386 0.008041
0 0.134046 0.592471 0.003838 0.005117
0 0.615132 0.052449 0.001096 0.007675
0 0.705181 0.238121 0.003564 0.004020
0 0.101425 0.167580 0.003838 0.006944
0 0.847999 0.036915 0.005757 0.009503
0 0.663240 0.224050 0.003564 0.005117
0 0.610060 0.317982 0.005757 0.008041
0 0.792626 0.119335 0.003015 0.002558
0 0.865954 0.269737 0.003289 0.005117
0 0.296190 0.095760 0.003564 0.005848
0 0.399534 0.607822 0.004112 0.006579
0 0.308114 0.690058 0.004386 0.005117
0 0.470395 0.032164 0.003838 0.006579
0 0.385554 0.474415 0.005208 0.006579
0 0.197094 0.618421 0.005482 0.007310
0 0.012610 0.406250 0.004386 0.007675
0 0.606908 0.038743 0.003838 0.005117
0 0.074150 0.175804 0.003564 0.005848
0 0.189419 0.339181 0.003289 0.005848
0 0.920093 0.640534 0.005208 0.006213
0 0.424890 0.129934 0.003838 0.005482
0 0.448876 0.170322 0.004112 0.006579
0 0.617873 0.210161 0.003838 0.008772
0 0.174616 0.375183 0.001645 0.007675
0 0.619655 0.332785 0.003564 0.004751
0 0.041255 0.843019 0.004112 0.006213
0 0.456689 0.709795 0.003838 0.007310
0 0.530839 0.249817 0.004660 0.012792
0 0.177632 0.363304 0.002193 0.009503
0 0.177083 0.614766 0.001645 0.005848
0 0.188185 0.343019 0.003564 0.004751
0 0.198054 0.168129 0.005208 0.008041
0 0.328810 0.098319 0.003564 0.006579
0 0.770559 0.077303 0.004934 0.006944
0 0.740817 0.193165 0.005208 0.007675
0 0.418723 0.265899 0.003015 0.004020
0 0.287007 0.376462 0.003838 0.005848
0 0.941749 0.927449 0.012884 0.016447
0 0.911321 0.097222 0.005208 0.008772
0 0.520011 0.355811 0.003289 0.004751
0 0.317297 0.113670 0.005208 0.006579
0 0.416667 0.107639 0.004386 0.007675
0 0.352385 0.449927 0.001371 0.020468
0 0.488213 0.151864 0.003289 0.006944
0 0.347451 0.659722 0.004112 0.006579
0 0.771930 0.083699 0.004386 0.006579
0 0.720258 0.137792 0.005757 0.009503
0 0.111294 0.260417 0.009320 0.014985
0 0.679962 0.477156 0.004112 0.006213
0 0.337993 0.236111 0.003289 0.002193
0 0.579359 0.913012 0.006305 0.005848
0 0.466283 0.199013 0.004386 0.008406
0 0.777138 0.084795 0.004386 0.007310
0 0.775356 0.298063 0.005757 0.008406
0 0.464227 0.028143 0.003564 0.005848
0 0.332511 0.059576 0.004386 0.007310
0 0.565241 0.051352 0.003838 0.006213
0 0.351974 0.188779 0.001096 0.010599
0 0.791667 0.122624 0.002193 0.005482
0 0.610609 0.156981 0.003564 0.006213
0 0.519874 0.523392 0.009594 0.013889
0 0.599918 0.187500 0.003015 0.007310
0 0.781661 0.477156 0.006305 0.007675
0 0.230537 0.060307 0.003838 0.006579
0 0.280016 0.035270 0.003015 0.005482
0 0.655016 0.159357 0.004112 0.005848
0 0.099781 0.084795 0.004386 0.007310
0 0.474095 0.074561 0.003015 0.004386
0 0.662007 0.385965 0.003838 0.006579
0 0.140762 0.125914 0.004660 0.008406
0 0.775356 0.214364 0.005208 0.006944
0 0.264254 0.040753 0.001096 0.006944
0 0.916804 0.098867 0.005208 0.007675
0 0.486431 0.010599 0.004112 0.005848
0 0.891859 0.212719 0.004112 0.008041
0 0.469024 0.422149 0.004934 0.005117
0 0.783169 0.305190 0.004386 0.008041
0 0.453262 0.616411 0.003564 0.004751
0 0.685855 0.109832 0.003838 0.006213
0 0.718476 0.262975 0.003838 0.006213
0 0.236294 0.022113 0.003289 0.004751
0 0.074698 0.211988 0.004112 0.005848
0 0.271382 0.637061 0.003838 0.004386
0 0.553728 0.497076 0.002741 0.004386
0 0.064830 0.219481 0.004660 0.006213
0 0.688459 0.111111 0.005757 0.007310
0 0.112527 0.178728 0.004660 0.005848
0 0.546738 0.378107 0.003564 0.004751
0 0.288925 0.324744 0.004934 0.007675
0 0.309073 0.239766 0.006853 0.005848
0 0.176124 0.487573 0.000822 0.019737
0 0.924753 0.266996 0.004112 0.006213
0 0.867736 0.191886 0.005757 0.007310
0 0.483690 0.287463 0.004660 0.007675
0 0.388158 0.123538 0.003289 0.005848
0 0.116776 0.588450 0.006579 0.003655
0 0.585252 0.603618 0.003289 0.005482
0 0.463816 0.252010 0.006579 0.013523
0 0.529605 0.470760 0.003289 0.002924
0 0.140899 0.496345 0.006579 0.010234