0 0.938871 0.500183 0.008772 0.012792
0 0.674479 0.842654 0.008498 0.014254
0 0.690241 0.254569 0.007675 0.012792
0 0.307977 0.286184 0.009594 0.016082
0 0.451891 0.361842 0.011787 0.010965
0 0.309759 0.712537 0.008772 0.010599
0 0.587582 0.247442 0.007950 0.010234
0 0.512473 0.266447 0.006853 0.011696
0 0.822780 0.364401 0.006853 0.010234
0 0.861979 0.505482 0.011239 0.017544
0 0.504112 0.256396 0.006579 0.010599
0 0.119929 0.526133 0.012884 0.017909
0 0.343887 0.009503 0.008498 0.009503
0 0.687089 0.378655 0.008498 0.011696
0 0.232593 0.358187 0.008498 0.007310
0 0.572917 0.614583 0.007675 0.009868
0 0.668448 0.656981 0.006853 0.014254
0 0.503427 0.324013 0.006853 0.012061
0 0.228893 0.559211 0.009868 0.014620
0 0.830181 0.417580 0.009594 0.014985
0 0.576480 0.707054 0.009868 0.005482
0 0.297834 0.196272 0.011239 0.014620
0 0.748081 0.840278 0.008224 0.013158
0 0.935033 0.915387 0.008772 0.012061
0 0.639803 0.735563 0.006579 0.010599
0 0.609786 0.365863 0.006305 0.010234
0 0.427083 0.519554 0.010417 0.011330
0 0.887336 0.718933 0.007127 0.010965
0 0.752056 0.412646 0.010143 0.010965
0 0.509868 0.208699 0.006579 0.010965
0 0.539611 0.509868 0.010691 0.015351
0 0.104989 0.368969 0.010965 0.014254
0 0.469709 0.632493 0.009046 0.014985
0 0.214227 0.569627 0.010143 0.013523
0 0.891584 0.731725 0.007401 0.010965
0 0.604578 0.246345 0.008498 0.012427
0 0.836349 0.451937 0.009320 0.013523
0 0.806058 0.927814 0.007950 0.015716
0 0.755894 0.846491 0.008498 0.013158
0 0.459978 0.331140 0.008772 0.012427
0 0.056058 0.413377 0.013432 0.015351
0 0.369106 0.027595 0.007950 0.012061
0 0.505757 0.601060 0.008224 0.012792
0 0.720943 0.525219 0.008224 0.010965
0 0.169682 0.843202 0.007127 0.008772
0 0.848273 0.449561 0.011787 0.014620
0 0.161732 0.848501 0.006579 0.007675
0 0.755482 0.357639 0.008224 0.006944
0 0.675164 0.696455 0.010417 0.010599
0 0.582237 0.247442 0.005482 0.010234
0 0.392270 0.019371 0.008772 0.013889
0 0.573054 0.595943 0.007401 0.011330
0 0.715735 0.395651 0.006579 0.010599
0 0.304276 0.254386 0.009320 0.011696
0 0.623904 0.612939 0.007675 0.009503
0 0.572643 0.239218 0.008224 0.005482
0 0.398026 0.057566 0.007675 0.011330
0 0.268092 0.670322 0.004934 0.025585
0 0.677632 0.385051 0.008772 0.009137
0 0.435170 0.894371 0.006853 0.009503
0 0.227659 0.576754 0.010143 0.015351
0 0.486020 0.277412 0.008772 0.013889
0 0.423246 0.557018 0.008772 0.013158
0 0.551261 0.525037 0.009320 0.014254
0 0.763980 0.922149 0.011513 0.013889
0 0.434759 0.696272 0.007127 0.010965
0 0.836760 0.546784 0.010143 0.016082
0 0.357867 0.461257 0.005757 0.009503
0 0.709841 0.842836 0.007950 0.018275
0 0.618421 0.208882 0.004386 0.014985
0 0.427632 0.706140 0.010965 0.004386
0 0.811266 0.909174 0.007950 0.009137
0 0.803043 0.486659 0.005208 0.007675
0 0.903646 0.721857 0.012336 0.016082
0 0.094984 0.367873 0.007401 0.016447
0 0.445312 0.187317 0.006853 0.011330
0 0.832648 0.533991 0.009046 0.010965
0 0.510691 0.198282 0.007127 0.009137
0 0.555510 0.603984 0.007950 0.011330
0 0.523163 0.195724 0.006305 0.011330
0 0.604304 0.221674 0.007401 0.012061
0 0.792215 0.301718 0.002741 0.009137
0 0.512747 0.248904 0.006305 0.010234
0 0.697643 0.836623 0.008224 0.011696
0 0.311129 0.830592 0.009320 0.012061
0 0.163103 0.841009 0.005482 0.008041
0 0.733416 0.875183 0.011239 0.020833
0 0.330866 0.813779 0.009320 0.009868
0 0.311404 0.243787 0.008772 0.009503
0 0.873218 0.147661 0.005757 0.009503
0 0.852796 0.475146 0.007675 0.007310
0 0.200521 0.557018 0.005757 0.010234
0 0.440789 0.832968 0.002193 0.013158
0 0.795916 0.504569 0.005208 0.006944
0 0.814830 0.241594 0.004660 0.007310
0 0.314145 0.252193 0.009320 0.010965
0 0.878975 0.140168 0.001919 0.009137
0 0.215323 0.828399 0.013980 0.009868
0 0.506853 0.609101 0.007675 0.008406
0 0.603618 0.199379 0.008224 0.013523
0 0.884731 0.147295 0.004660 0.008041
0 0.297971 0.708151 0.003838 0.006213
0 0.731086 0.517178 0.007127 0.010234
0 0.312637 0.706871 0.006853 0.005117
0 0.745203 0.421966 0.008498 0.012792
0 0.429413 0.903874 0.007401 0.012427
0 0.617462 0.616959 0.003564 0.013889
0 0.847177 0.600146 0.008498 0.014620
0 0.568668 0.697551 0.009594 0.008406
0 0.238761 0.362208 0.006031 0.007310
0 0.882675 0.131396 0.004934 0.007675
0 0.538651 0.542032 0.008772 0.010234
0 0.839638 0.685673 0.005482 0.010965
0 0.758909 0.848867 0.006853 0.012061
0 0.686678 0.412829 0.007675 0.009868
0 0.241228 0.356542 0.008772 0.005482
0 0.431880 0.548977 0.010143 0.011696
0 0.403235 0.314693 0.004934 0.008041
0 0.863487 0.136330 0.004386 0.007310
0 0.428317 0.227705 0.006305 0.009503
0 0.055099 0.575475 0.010965 0.010599
0 0.771656 0.833882 0.010417 0.012792
0 0.442982 0.706140 0.004386 0.004386
0 0.593065 0.240314 0.006305 0.006213
0 0.680099 0.245431 0.008772 0.011330
0 0.611157 0.226243 0.005757 0.010965
0 0.772889 0.918311 0.007401 0.009137
0 0.935444 0.510599 0.005757 0.008041
0 0.009731 0.519006 0.007950 0.016813
0 0.462171 0.472222 0.007127 0.004386
0 0.663925 0.270651 0.006031 0.010599
0 0.675850 0.830044 0.007401 0.010234
0 0.054139 0.436586 0.017818 0.025219
0 0.523575 0.267361 0.005482 0.009868
0 0.277001 0.738121 0.007950 0.012792
0 0.910499 0.285270 0.006305 0.007675
0 0.444079 0.157529 0.004934 0.008772
0 0.377330 0.052449 0.008498 0.013523
0 0.684485 0.846126 0.012061 0.016082
0 0.736568 0.863487 0.010417 0.012061
0 0.054413 0.589912 0.010691 0.005117
0 0.067708 0.421418 0.011513 0.011696
0 0.182703 0.497442 0.006853 0.007310
0 0.389666 0.191155 0.005757 0.008041
0 0.695587 0.253838 0.004660 0.009137
0 0.862939 0.378107 0.004386 0.006213
0 0.818805 0.341923 0.006579 0.010599
0 0.441886 0.697003 0.003289 0.009503
0 0.898986 0.260234 0.005757 0.008041
0 0.421601 0.695358 0.010965 0.012792
0 0.886650 0.134868 0.004112 0.007310
0 0.098958 0.514803 0.004934 0.007675
0 0.405428 0.027778 0.003289 0.007310
0 0.878838 0.678728 0.001645 0.008772
0 0.725877 0.337171 0.008224 0.012061
0 0.459841 0.775402 0.007401 0.012061
0 0.636239 0.366228 0.008224 0.010234
0 0.569216 0.514985 0.007950 0.013889
0 0.739583 0.380482 0.006579 0.010965
0 0.814145 0.321820 0.008224 0.009137
0 0.441886 0.543311 0.003289 0.010599
0 0.221628 0.813414 0.007401 0.008406
0 0.518914 0.398575 0.007675 0.011330
0 0.316612 0.915387 0.008224 0.010599
0 0.099644 0.381944 0.011787 0.016813
0 0.566201 0.614218 0.006305 0.009868
0 0.817297 0.443531 0.010143 0.014254
0 0.687226 0.847588 0.007127 0.014620
0 0.085252 0.720760 0.004934 0.012427
0 0.803317 0.309211 0.007401 0.010965
0 0.432977 0.221857 0.004112 0.006579
0 0.951069 0.813596 0.010691 0.008772
0 0.685855 0.825292 0.010417 0.006579
0 0.319079 0.689876 0.009320 0.009868
0 0.248081 0.835526 0.006579 0.008772
0 0.322368 0.358918 0.007127 0.008041
0 0.882127 0.747624 0.004934 0.010599
0 0.074287 0.537281 0.012061 0.016082
0 0.568394 0.709978 0.009046 0.008406
0 0.371848 0.479898 0.004112 0.005848
0 0.083882 0.388523 0.007127 0.012427
0 0.507812 0.263889 0.004112 0.008041
0 0.291667 0.632675 0.009320 0.013889
0 0.320175 0.825110 0.008224 0.006213
0 0.809348 0.905885 0.013432 0.016447
0 0.950384 0.762427 0.006031 0.007310
0 0.958470 0.824013 0.008498 0.005482
0 0.842654 0.459978 0.008772 0.009137
0 0.598136 0.214364 0.008772 0.010599
0 0.505757 0.437500 0.009320 0.018275
0 0.940652 0.813048 0.010143 0.011330
0 0.732730 0.328947 0.006579 0.009503
0 0.890762 0.592105 0.006305 0.007310
0 0.678865 0.269737 0.006305 0.010234
0 0.402001 0.025402 0.005757 0.008406
0 0.497533 0.300073 0.008224 0.011696
0 0.602796 0.237573 0.006579 0.003655
0 0.862802 0.659174 0.006853 0.006944
0 0.314967 0.318165 0.009320 0.014254
0 0.566749 0.358918 0.005757 0.008041
0 0.521793 0.527595 0.008498 0.009868
0 0.165844 0.922149 0.007675 0.008041
0 0.486568 0.658991 0.009868 0.008772
0 0.611431 0.523757 0.004660 0.008041
0 0.338130 0.813596 0.007950 0.010234
0 0.168860 0.477522 0.008224 0.009868
0 0.758361 0.495614 0.004112 0.005848
0 0.696683 0.830592 0.010143 0.012061
0 0.636239 0.744883 0.006579 0.009503
0 0.644052 0.742507 0.007401 0.012792
0 0.851288 0.156798 0.005208 0.007310
0 0.259457 0.626279 0.005757 0.009137
0 0.759868 0.300073 0.004386 0.005848
0 0.232456 0.385234 0.009320 0.014620
0 0.660499 0.813231 0.009594 0.010965
0 0.427220 0.698648 0.010143 0.006213
0 0.873492 0.268458 0.006853 0.007675
0 0.309211 0.908443 0.008772 0.013523
0 0.884594 0.123721 0.004386 0.006213
0 0.527412 0.516630 0.001096 0.012792
0 0.831140 0.217836 0.006031 0.008041
0 0.738487 0.388341 0.005482 0.006944
0 0.476288 0.569262 0.006853 0.009137
0 0.880071 0.125548 0.003015 0.005482
0 0.527001 0.197003 0.000822 0.010234
0 0.527275 0.514072 0.000822 0.009868
0 0.891173 0.713816 0.004934 0.005117
0 0.955318 0.291667 0.004934 0.007310
0 0.866639 0.130665 0.004112 0.005482
0 0.291530 0.777412 0.005208 0.007310
0 0.821820 0.223136 0.004934 0.006944
0 0.937637 0.536001 0.006853 0.007675
0 0.690515 0.265168 0.008772 0.010599
0 0.496848 0.167398 0.004660 0.006579
0 0.186678 0.612390 0.008224 0.011330
0 0.529605 0.503107 0.003289 0.009868
0 0.060170 0.443348 0.010691 0.016082
0 0.611294 0.308845 0.005482 0.008041
0 0.320312 0.666484 0.005208 0.009137
0 0.411047 0.565789 0.004112 0.007310
0 0.317297 0.567982 0.004660 0.006579
0 0.818942 0.237025 0.004112 0.003289
0 0.692297 0.371893 0.010143 0.012061
0 0.554550 0.473136 0.005482 0.005482
0 0.581552 0.236842 0.009594 0.002924
0 0.716420 0.407346 0.008498 0.011330
0 0.330044 0.222953 0.005482 0.010234
0 0.530702 0.524488 0.004386 0.016082
0 0.653646 0.444079 0.004660 0.005848
0 0.491228 0.284722 0.004934 0.008772
0 0.836212 0.567069 0.006853 0.008406
0 0.751645 0.916667 0.012061 0.016082
0 0.935718 0.903326 0.006305 0.009137
0 0.960938 0.691886 0.007950 0.019737
0 0.752741 0.853070 0.007675 0.011696
0 0.506305 0.433114 0.006579 0.009503
0 0.624589 0.621711 0.007950 0.008041
0 0.795916 0.637427 0.006305 0.009503
0 0.301124 0.274123 0.008498 0.009503
0 0.229167 0.649671 0.008772 0.011330
0 0.962171 0.275585 0.004934 0.007310
0 0.429413 0.217471 0.005208 0.007310
0 0.833196 0.854898 0.005208 0.009503
0 0.397341 0.162281 0.005757 0.008772
0 0.317982 0.703947 0.010417 0.002193
0 0.212034 0.414108 0.006853 0.010234
0 0.461486 0.256579 0.005208 0.008041
0 0.493969 0.726791 0.009868 0.011330
0 0.546738 0.495980 0.008498 0.007310
0 0.296875 0.708151 0.007675 0.006213
0 0.219984 0.826754 0.004112 0.007310
0 0.568257 0.704130 0.009320 0.002558
0 0.522341 0.615314 0.007950 0.010599
0 0.560307 0.364583 0.009868 0.013523
0 0.201343 0.718019 0.007401 0.012792
0 0.739995 0.300804 0.004660 0.005848
0 0.907484 0.129751 0.005757 0.012427
0 0.357456 0.010417 0.006579 0.010599
0 0.895285 0.268275 0.006579 0.008772
0 0.216968 0.489401 0.011787 0.014620
0 0.482593 0.288743 0.007401 0.012427
0 0.881579 0.598867 0.004386 0.005482
0 0.370066 0.153143 0.006579 0.011696
0 0.400219 0.156981 0.007675 0.009137
0 0.217791 0.405154 0.010691 0.012792
0 0.887884 0.267909 0.007127 0.008041
0 0.601837 0.879020 0.009046 0.013889
0 0.233964 0.673794 0.006305 0.010599
0 0.317845 0.698465 0.011239 0.006579
0 0.212445 0.831140 0.007127 0.009503
0 0.915981 0.497807 0.003564 0.005848
0 0.427357 0.547697 0.005482 0.008406
0 0.934759 0.309211 0.012061 0.008041
0 0.874452 0.373355 0.004934 0.006213
0 0.686541 0.850512 0.005757 0.007310
0 0.695312 0.826206 0.009594 0.007675
0 0.399397 0.315058 0.003289 0.005848
0 0.522204 0.513889 0.008224 0.010965
0 0.827714 0.435855 0.012336 0.016447
0 0.420916 0.828765 0.007950 0.009868
0 0.374315 0.237573 0.008498 0.003655
0 0.235746 0.645102 0.007675 0.008041
0 0.527412 0.067982 0.001096 0.008041
0 0.915022 0.576206 0.010417 0.012061
0 0.070038 0.590643 0.008498 0.005848
0 0.441886 0.705409 0.003289 0.003655
0 0.801672 0.529423 0.004112 0.006213
0 0.835526 0.204496 0.005482 0.006213
0 0.510005 0.438962 0.011787 0.016813
0 0.854578 0.529971 0.010691 0.016813
0 0.785636 0.726060 0.007127 0.010599
0 0.804688 0.640168 0.009594 0.010599
0 0.555373 0.408626 0.003838 0.005848
0 0.615132 0.224781 0.001096 0.012427
0 0.389254 0.288194 0.012061 0.014985
0 0.369106 0.150219 0.004112 0.005848
0 0.311266 0.230263 0.005208 0.005117
0 0.258772 0.622990 0.007675 0.014985
0 0.826206 0.331506 0.010965 0.016082
0 0.610334 0.796601 0.006853 0.014985
0 0.608004 0.257127 0.003289 0.004751
0 0.162555 0.478436 0.004934 0.007310
0 0.530839 0.353070 0.004660 0.002193
0 0.812226 0.462537 0.006579 0.010599
0 0.699973 0.250183 0.003564 0.014985
0 0.545641 0.501462 0.014529 0.017544
0 0.761924 0.463450 0.004660 0.006579
0 0.702851 0.837902 0.001096 0.011330
0 0.331826 0.235380 0.006853 0.001462
0 0.542763 0.502741 0.009320 0.013523
0 0.933936 0.927997 0.013158 0.013889
0 0.917078 0.285453 0.006305 0.008041
0 0.231908 0.390716 0.004934 0.009503
0 0.530702 0.347770 0.004386 0.006213
0 0.959978 0.890716 0.009320 0.014620
0 0.492736 0.171053 0.003564 0.005117
0 0.875685 0.144920 0.001919 0.018640
0 0.817845 0.355263 0.006853 0.004386
0 0.512198 0.440789 0.006305 0.008041
0 0.617736 0.620980 0.003564 0.007310
0 0.890077 0.699013 0.010417 0.005482
0 0.391036 0.311404 0.005208 0.009503
0 0.344298 0.688414 0.009320 0.007675
0 0.798109 0.238304 0.005208 0.004386
0 0.837719 0.211988 0.003838 0.005848
0 0.200795 0.477887 0.005757 0.005482
0 0.307840 0.225512 0.004386 0.005117
0 0.855263 0.150402 0.004934 0.005482
0 0.880482 0.273757 0.003289 0.008772
0 0.397889 0.495066 0.006853 0.010599
0 0.906661 0.722953 0.007401 0.014620
0 0.691064 0.259503 0.010965 0.023392
0 0.320038 0.206140 0.005208 0.004386
0 0.852111 0.166118 0.006305 0.009137
0 0.158991 0.836988 0.004386 0.011696
0 0.328536 0.029971 0.005208 0.005848
0 0.710663 0.847588 0.009046 0.007310
0 0.168037 0.601060 0.010417 0.008406
0 0.755071 0.290022 0.004112 0.006944
0 0.345943 0.021199 0.003838 0.009503
0 0.178591 0.555738 0.003015 0.008406
0 0.943531 0.917398 0.008772 0.016082
0 0.667352 0.244883 0.013980 0.010965
0 0.484512 0.704678 0.007950 0.002924
0 0.084293 0.721308 0.006853 0.017909
0 0.391447 0.001645 0.006031 0.001827
0 0.836349 0.336440 0.009868 0.015716
0 0.319079 0.280885 0.012061 0.018640
0 0.476974 0.566338 0.008224 0.017178
0 0.373904 0.014072 0.006579 0.009137
0 0.334978 0.447368 0.008772 0.010965
0 0.509183 0.598867 0.006853 0.013523
0 0.817160 0.328399 0.004934 0.006944
0 0.382401 0.003472 0.004386 0.003289
0 0.743558 0.394554 0.007401 0.009137
0 0.067571 0.581506 0.011787 0.006579
0 0.300713 0.865314 0.007127 0.006944
0 0.375822 0.474415 0.008224 0.006579
0 0.918037 0.284539 0.003838 0.005482
0 0.469709 0.254751 0.004660 0.007310
0 0.827577 0.207420 0.004386 0.006213
0 0.807018 0.902412 0.007675 0.008772
0 0.264666 0.657164 0.001371 0.006579
0 0.943257 0.912646 0.006579 0.008041
0 0.301261 0.708882 0.003289 0.006944
0 0.203947 0.890534 0.004386 0.005482
0 0.424616 0.576572 0.005482 0.009137
0 0.446272 0.828034 0.007675 0.009137
0 0.684622 0.253289 0.005757 0.008772
0 0.766310 0.900950 0.009594 0.011696
0 0.344298 0.045139 0.004934 0.004751
0 0.163103 0.652595 0.010965 0.012061
0 0.675987 0.826206 0.009320 0.007675
0 0.462445 0.345395 0.009320 0.010965
0 0.172560 0.778692 0.005757 0.013523
0 0.853481 0.930190 0.007401 0.008041
0 0.835938 0.226608 0.004660 0.005848
0 0.601425 0.523575 0.009320 0.013523
0 0.654879 0.772844 0.008224 0.013523
0 0.817708 0.343933 0.009868 0.013158
0 0.166118 0.492873 0.010965 0.018640
0 0.241091 0.807018 0.004112 0.005117
0 0.624315 0.618056 0.010143 0.016813
0 0.105537 0.374086 0.012610 0.022295
0 0.146793 0.597770 0.004660 0.008406
0 0.405702 0.903509 0.004934 0.005117
0 0.387061 0.621893 0.004386 0.008406
0 0.388980 0.489766 0.004386 0.005117
0 0.469984 0.790205 0.007401 0.010234
0 0.828536 0.565972 0.005757 0.006944
0 0.523300 0.271747 0.005482 0.019371
0 0.956140 0.315972 0.007127 0.008406
0 0.514254 0.521747 0.004386 0.006944
0 0.485334 0.661367 0.014529 0.014985
0 0.701480 0.830592 0.000548 0.010599
0 0.943668 0.763706 0.005757 0.006944
0 0.683936 0.388158 0.007127 0.010234
0 0.334019 0.376096 0.003564 0.005848
0 0.910225 0.487208 0.006305 0.007310
0 0.405702 0.320724 0.003838 0.009137
0 0.142133 0.633772 0.008498 0.011696
0 0.347451 0.451389 0.004660 0.008772
0 0.390488 0.284722 0.005208 0.005117
0 0.482867 0.390168 0.007401 0.009868