0 0.501234 0.916849 0.011239 0.020102
0 0.692571 0.858918 0.006853 0.013889
0 0.138158 0.906981 0.009320 0.015716
0 0.224232 0.849598 0.006031 0.010599
0 0.451891 0.900950 0.007950 0.012427
0 0.553454 0.499269 0.010417 0.015351
0 0.081003 0.609466 0.009594 0.013523
0 0.828536 0.833699 0.009594 0.014620
0 0.539062 0.857091 0.007950 0.011696
0 0.146930 0.623538 0.008224 0.010234
0 0.296053 0.571637 0.008224 0.014620
0 0.426809 0.521930 0.007675 0.012427
0 0.375274 0.800073 0.009320 0.013889
0 0.227659 0.570724 0.010143 0.011330
0 0.325384 0.074013 0.009868 0.011330
0 0.716831 0.924159 0.007127 0.013523
0 0.109923 0.152961 0.010417 0.015716
0 0.379386 0.713450 0.008772 0.009503
0 0.377878 0.492507 0.011787 0.015716
0 0.585252 0.857456 0.006579 0.013889
0 0.864309 0.768640 0.009868 0.013158
0 0.586897 0.789839 0.010965 0.016082
0 0.079770 0.627193 0.006579 0.010965
0 0.217791 0.850512 0.005208 0.008772
0 0.451480 0.497807 0.006031 0.015351
0 0.935307 0.045504 0.008224 0.023026
0 0.190652 0.453947 0.010691 0.014620
0 0.412692 0.722405 0.005757 0.008406
0 0.922560 0.771016 0.016173 0.025219
0 0.331689 0.733735 0.007675 0.012061
0 0.343887 0.682383 0.013432 0.013889
0 0.459978 0.733004 0.010965 0.012792
0 0.134594 0.419591 0.016447 0.020468
0 0.319901 0.565607 0.010417 0.017178
0 0.531935 0.849598 0.005208 0.009868
0 0.791667 0.872990 0.002193 0.013523
0 0.207648 0.854167 0.007401 0.010965
0 0.683936 0.678728 0.007675 0.011696
0 0.129249 0.605994 0.010143 0.013889
0 0.079359 0.383224 0.006853 0.009137
0 0.634320 0.290753 0.010965 0.019371
0 0.461075 0.888889 0.012610 0.017544
0 0.712719 0.929642 0.010965 0.012061
0 0.441886 0.510234 0.003289 0.013889
0 0.882127 0.732091 0.004934 0.019006
0 0.398026 0.792032 0.013158 0.025585
0 0.170504 0.889254 0.008224 0.010965
0 0.737664 0.758406 0.009868 0.015351
0 0.915159 0.436404 0.006853 0.009503
0 0.002741 0.843933 0.002741 0.010234
0 0.164611 0.777961 0.012884 0.021564
0 0.759868 0.482091 0.004934 0.008041
0 0.295230 0.259137 0.009320 0.010234
0 0.246025 0.713450 0.007401 0.008772
0 0.934348 0.730263 0.014529 0.015351
0 0.242188 0.722588 0.008498 0.010234
0 0.312089 0.841923 0.006305 0.008406
0 0.121436 0.130848 0.008772 0.012427
0 0.446957 0.492690 0.004660 0.009503
0 0.123355 0.571272 0.012610 0.016813
0 0.205729 0.512610 0.009594 0.014985
0 0.465049 0.684028 0.013432 0.020102
0 0.353755 0.356725 0.003015 0.005848
0 0.772478 0.172149 0.006031 0.007310
0 0.096080 0.449927 0.008498 0.009503
0 0.214501 0.318531 0.010143 0.009868
0 0.655565 0.260417 0.009594 0.012792
0 0.777823 0.675073 0.009594 0.016082
0 0.782484 0.286915 0.004660 0.007310
0 0.179825 0.112756 0.004386 0.008406
0 0.601974 0.827485 0.009320 0.008772
0 0.259183 0.695906 0.007401 0.011696
0 0.148163 0.408077 0.011787 0.017178
0 0.449698 0.496893 0.010691 0.017909
0 0.102111 0.436586 0.006853 0.011330
0 0.834156 0.824013 0.006579 0.005482
0 0.848410 0.834064 0.009868 0.015351
0 0.756579 0.484649 0.006579 0.011696
0 0.669819 0.588450 0.005757 0.003655
0 0.121848 0.249452 0.005208 0.008406
0 0.565241 0.438779 0.010417 0.016447
0 0.440104 0.275037 0.001371 0.018640
0 0.038103 0.839912 0.006579 0.008772
0 0.908991 0.759320 0.015351 0.026681
0 0.953947 0.725694 0.011513 0.014985
0 0.165159 0.078582 0.007401 0.013158
0 0.091420 0.122624 0.003564 0.005482
0 0.029057 0.166484 0.010965 0.018640
0 0.609786 0.832237 0.005757 0.009503
0 0.415022 0.635782 0.010417 0.016447
0 0.731771 0.455409 0.017270 0.019737
0 0.069627 0.507493 0.003838 0.007675
0 0.303317 0.709064 0.005757 0.007310
0 0.107730 0.441886 0.006031 0.008772
0 0.885828 0.870249 0.008498 0.023392
0 0.233416 0.902961 0.009046 0.009868
0 0.311952 0.848319 0.008772 0.019006
0 0.511787 0.791849 0.003838 0.006944
0 0.472862 0.083151 0.009868 0.009868
0 0.608279 0.833699 0.009320 0.013158
0 0.402138 0.610197 0.007127 0.010599
0 0.670779 0.823830 0.010417 0.005117
0 0.323465 0.554825 0.008224 0.010965
0 0.218613 0.811952 0.014529 0.012792
0 0.060992 0.642727 0.007950 0.012061
0 0.445724 0.711440 0.007127 0.009868
0 0.265762 0.343933 0.002467 0.013889
0 0.178180 0.811952 0.002741 0.013523
0 0.423246 0.424708 0.008772 0.012427
0 0.810581 0.915022 0.007675 0.009868
0 0.252467 0.730446 0.004934 0.007675
0 0.372396 0.913377 0.006853 0.008041
0 0.695724 0.712719 0.007127 0.010234
0 0.151453 0.150402 0.010691 0.011330
0 0.478755 0.480994 0.008498 0.012427
0 0.662966 0.660088 0.009046 0.010234
0 0.458470 0.891447 0.006305 0.013158
0 0.467379 0.600329 0.004934 0.009137
0 0.462856 0.590643 0.004660 0.005848
0 0.441201 0.396930 0.002467 0.021199
0 0.866091 0.018275 0.006853 0.011696
0 0.275219 0.364949 0.009320 0.014254
0 0.265214 0.562500 0.001919 0.010965
0 0.195038 0.915753 0.005757 0.008406
0 0.228618 0.930190 0.007127 0.006579
0 0.178180 0.225694 0.002741 0.016447
0 0.708745 0.589912 0.006853 0.005117
0 0.470258 0.906798 0.010691 0.018275
0 0.880071 0.531798 0.003015 0.008772
0 0.461212 0.432383 0.005208 0.009503
0 0.629660 0.091374 0.005482 0.008041
0 0.255482 0.778874 0.012610 0.011696
0 0.373355 0.594846 0.006031 0.006944
0 0.338268 0.590826 0.004934 0.005482
0 0.159539 0.849963 0.008772 0.014985
0 0.354852 0.652230 0.004112 0.007675
0 0.001096 0.189693 0.001096 0.016082
0 0.783169 0.296418 0.004934 0.010234
0 0.761787 0.671601 0.012061 0.012792
0 0.616228 0.493787 0.002193 0.010965
0 0.188596 0.719115 0.007127 0.010599
0 0.866228 0.476608 0.008224 0.008772
0 0.402138 0.877193 0.006579 0.006579
0 0.616091 0.010599 0.001919 0.010234
0 0.617736 0.874817 0.003564 0.013523
0 0.054962 0.269737 0.007950 0.017544
0 0.670779 0.880482 0.013158 0.021199
0 0.378152 0.727339 0.006305 0.005848
0 0.179688 0.439876 0.004112 0.020102
0 0.354167 0.924159 0.003289 0.008406
0 0.684896 0.219481 0.006853 0.010599
0 0.505482 0.755848 0.004934 0.008041
0 0.528372 0.386148 0.001919 0.009137
0 0.312363 0.851608 0.006305 0.010234
0 0.802220 0.673977 0.008498 0.010234
0 0.873492 0.590826 0.006305 0.006213
0 0.353070 0.682566 0.002193 0.011330
0 0.224232 0.318713 0.004386 0.008041
0 0.677769 0.277230 0.004660 0.006213
0 0.469984 0.615132 0.005208 0.008772
0 0.246985 0.727887 0.004934 0.006213
0 0.635280 0.618421 0.009046 0.016082
0 0.327577 0.192069 0.007127 0.011330
0 0.252878 0.715461 0.007401 0.010599
0 0.505894 0.666849 0.006305 0.008406
0 0.354715 0.480994 0.003838 0.008772
0 0.823328 0.835709 0.005208 0.010599
0 0.796190 0.281433 0.005757 0.008041
0 0.335252 0.716740 0.004386 0.007310
0 0.676398 0.604349 0.009594 0.019371
0 0.595258 0.846126 0.009594 0.018275
0 0.001782 0.206506 0.001919 0.010234
0 0.486431 0.814693 0.007950 0.008041
0 0.432292 0.526133 0.009868 0.016447
0 0.164337 0.322917 0.010143 0.015716
0 0.265899 0.413194 0.002741 0.023026
0 0.169408 0.542946 0.011513 0.016447
0 0.113487 0.751279 0.014254 0.025950
0 0.910636 0.751462 0.009868 0.013158
0 0.719024 0.069262 0.006031 0.019371
0 0.587308 0.711075 0.008498 0.007675
0 0.597451 0.726974 0.009594 0.017544
0 0.011102 0.694810 0.011239 0.011696
0 0.102111 0.654788 0.009046 0.008406
0 0.197505 0.221857 0.008498 0.013889
0 0.683662 0.143092 0.011513 0.009868
0 0.090872 0.559211 0.003015 0.018275
0 0.003289 0.478801 0.003289 0.010965
0 0.254660 0.451572 0.008772 0.017178
0 0.365406 0.855811 0.004934 0.006213
0 0.912829 0.417580 0.005482 0.009137
0 0.231360 0.324927 0.004934 0.008772
0 0.222588 0.463085 0.008224 0.009503
0 0.260417 0.742507 0.004934 0.008406
0 0.567845 0.310490 0.004660 0.007675
0 0.348547 0.731177 0.003564 0.005482
0 0.056880 0.646564 0.018366 0.019737
0 0.477111 0.667580 0.007401 0.009137
0 0.121436 0.574744 0.007675 0.012061
0 0.318805 0.877193 0.005482 0.008041
0 0.026453 0.931469 0.007950 0.007675
0 0.003701 0.207237 0.003564 0.010965
0 0.752467 0.451206 0.003838 0.006213
0 0.648849 0.606360 0.008224 0.015351
0 0.361568 0.471674 0.006579 0.004020
0 0.468065 0.749269 0.005757 0.008772
0 0.322505 0.756579 0.006853 0.008772
0 0.061952 0.124086 0.006031 0.006944
0 0.739720 0.725877 0.009046 0.019737
0 0.661732 0.294408 0.009320 0.009137
0 0.520285 0.306469 0.007675 0.014985
0 0.522067 0.447368 0.008498 0.011696
0 0.912281 0.143092 0.010965 0.013523
0 0.770970 0.814876 0.011787 0.007675
0 0.187089 0.513706 0.010691 0.014254
0 0.311541 0.828034 0.006305 0.005482
0 0.115817 0.486294 0.005757 0.011330
0 0.699287 0.872259 0.004934 0.017178
0 0.911870 0.189145 0.005208 0.006944
0 0.060855 0.506396 0.004934 0.007675
0 0.524260 0.448099 0.003564 0.012427
0 0.473547 0.541484 0.012336 0.012061
0 0.873355 0.532895 0.007127 0.011696
0 0.815652 0.667763 0.013432 0.011696
0 0.091146 0.251827 0.003564 0.010965
0 0.882538 0.923977 0.005208 0.019737
0 0.929276 0.502010 0.004386 0.007675
0 0.439556 0.491045 0.000822 0.008406
0 0.107593 0.302814 0.006305 0.016447
0 0.533443 0.872259 0.005482 0.006944
0 0.916941 0.192434 0.006031 0.008406
0 0.819079 0.590461 0.005482 0.005482
0 0.315927 0.227887 0.006305 0.012061
0 0.646519 0.750365 0.005757 0.011696
0 0.339227 0.330775 0.007401 0.013158
0 0.459156 0.603618 0.008772 0.014254
0 0.683799 0.704496 0.005208 0.002558
0 0.568942 0.694262 0.007401 0.013523
0 0.590735 0.462719 0.007675 0.010234
0 0.754386 0.487756 0.004386 0.007675
0 0.306743 0.772844 0.010965 0.018640
0 0.103344 0.302083 0.013706 0.016447
0 0.582922 0.481908 0.006853 0.012061
0 0.136787 0.712537 0.005482 0.008406
0 0.761239 0.931287 0.006579 0.008772
0 0.564419 0.841374 0.008772 0.016813
0 0.321135 0.383224 0.009594 0.016447
0 0.265351 0.496893 0.002193 0.008406
0 0.554825 0.555556 0.009320 0.014620
0 0.106771 0.580775 0.018914 0.008041
0 0.220943 0.004386 0.014254 0.004386
0 0.805784 0.813048 0.011239 0.011330
0 0.214364 0.293677 0.004386 0.005482
0 0.308799 0.924525 0.004660 0.006944
0 0.369929 0.595577 0.005208 0.008406
0 0.006716 0.002193 0.006853 0.002193
0 0.078399 0.627010 0.010965 0.013523
0 0.113761 0.271564 0.012610 0.018275
0 0.222862 0.459430 0.009868 0.016813
0 0.406661 0.889254 0.007401 0.011696
0 0.307703 0.536550 0.011239 0.015351
0 0.744929 0.446272 0.007401 0.006579
0 0.355263 0.917946 0.004386 0.010599
0 0.433936 0.355811 0.008772 0.004751
0 0.661595 0.297149 0.010691 0.016082
0 0.433251 0.153326 0.010691 0.018640
0 0.258087 0.896747 0.009594 0.015716
0 0.317160 0.786732 0.007127 0.005482
0 0.352385 0.478801 0.001371 0.007310
0 0.221217 0.227522 0.011513 0.011330
0 0.298109 0.417398 0.010691 0.012427
0 0.666667 0.878107 0.010965 0.017909
0 0.854441 0.682749 0.016447 0.021930
0 0.288240 0.693165 0.011787 0.017178
0 0.462993 0.589181 0.008772 0.004386
0 0.462993 0.620980 0.010965 0.008772
0 0.406250 0.362025 0.010965 0.011330
0 0.222039 0.882310 0.014254 0.014620
0 0.265351 0.911915 0.002193 0.013889
0 0.383909 0.703399 0.010143 0.001827
0 0.187089 0.634503 0.008498 0.012427
0 0.263706 0.788925 0.000548 0.013523
0 0.080181 0.525950 0.009594 0.010234
0 0.297971 0.330775 0.006031 0.013158
0 0.287692 0.762061 0.006305 0.008041
0 0.689008 0.208882 0.005757 0.008406
0 0.544682 0.571089 0.008772 0.012792
0 0.901727 0.741594 0.019463 0.011696
0 0.226425 0.920687 0.006579 0.008772
0 0.733141 0.863487 0.012336 0.015716
0 0.384594 0.136513 0.004934 0.011330
0 0.790981 0.856725 0.001371 0.013889
0 0.258635 0.706140 0.008498 0.004386
0 0.269189 0.749452 0.003838 0.007675
0 0.784814 0.265168 0.008224 0.009868
0 0.526864 0.567069 0.000548 0.008406
0 0.101425 0.532895 0.013706 0.016082
0 0.649945 0.759686 0.006579 0.006944
0 0.361294 0.587719 0.004386 0.002924
0 0.328947 0.862390 0.004934 0.005482
0 0.783991 0.892544 0.008224 0.008772
0 0.173931 0.224781 0.002467 0.013889
0 0.577577 0.745431 0.004934 0.008406
0 0.277823 0.386330 0.009046 0.009503
0 0.142544 0.167946 0.009320 0.012792
0 0.730811 0.146564 0.007127 0.006579
0 0.659265 0.536915 0.016996 0.021199
0 0.120888 0.782164 0.007675 0.008772
0 0.348410 0.715643 0.003838 0.006579
0 0.610334 0.814145 0.006305 0.009137
0 0.898849 0.421784 0.007127 0.009503
0 0.268640 0.895833 0.005482 0.012427
0 0.002741 0.738852 0.002741 0.012792
0 0.181606 0.512792 0.005208 0.010234
0 0.006990 0.082968 0.006853 0.025585
0 0.762747 0.492142 0.009594 0.016447
0 0.677357 0.280885 0.008224 0.014254
0 0.899260 0.429642 0.006305 0.014985
0 0.439556 0.279971 0.000822 0.030702
0 0.655428 0.477156 0.013158 0.009137
0 0.878289 0.591923 0.001096 0.006944
0 0.645696 0.616959 0.006853 0.012427
0 0.029742 0.161915 0.010691 0.010234
0 0.684348 0.216192 0.003564 0.004751
0 0.035773 0.106725 0.006853 0.006579
0 0.178865 0.124269 0.003564 0.007310
0 0.238213 0.472222 0.007127 0.004386
0 0.511650 0.889437 0.004112 0.006944
0 0.527275 0.064876 0.000822 0.019371
0 0.930647 0.412829 0.003289 0.004751
0 0.196957 0.595943 0.009594 0.011330
0 0.237116 0.565424 0.014254 0.024123
0 0.879386 0.474415 0.002193 0.006579
0 0.770285 0.422332 0.013706 0.014985
0 0.901042 0.518823 0.006031 0.008406
0 0.480811 0.816155 0.008224 0.004386
0 0.662144 0.603436 0.009594 0.007310
0 0.439693 0.686038 0.001096 0.014620
0 0.146107 0.492325 0.009868 0.011696
0 0.719161 0.698465 0.008498 0.005848
0 0.436952 0.339181 0.003289 0.013889
0 0.527001 0.931104 0.000822 0.009137
0 0.907209 0.157346 0.011787 0.014985
0 0.172560 0.138158 0.005757 0.019737
0 0.323876 0.760417 0.009594 0.016447
0 0.702851 0.173063 0.001096 0.007675
0 0.013706 0.170687 0.013706 0.025585
0 0.052495 0.743969 0.012884 0.022295
0 0.136787 0.112573 0.007127 0.008772
0 0.930510 0.821637 0.015077 0.002924
0 0.135691 0.511696 0.014254 0.011696
0 0.696546 0.677632 0.004934 0.008041
0 0.909951 0.423246 0.005757 0.007310
0 0.429688 0.083882 0.005757 0.010599
0 0.654057 0.636696 0.011513 0.014620
0 0.026042 0.579496 0.009320 0.010599
0 0.177632 0.822917 0.002193 0.004020
0 0.265488 0.011513 0.002467 0.011330
0 0.954770 0.225512 0.006031 0.008041
0 0.138706 0.356725 0.010965 0.005848
0 0.053728 0.649854 0.010965 0.012427
0 0.162555 0.079130 0.012610 0.015716
0 0.152138 0.479532 0.010965 0.011696
0 0.617873 0.755665 0.003838 0.015716
0 0.543448 0.485563 0.008498 0.017909