0 0.688322 0.628289 0.008772 0.014620
0 0.853207 0.544042 0.008498 0.012792
0 0.125685 0.720395 0.009594 0.010965
0 0.828673 0.592836 0.006031 0.008041
0 0.641996 0.595943 0.007675 0.011330
0 0.666941 0.561952 0.008772 0.014254
0 0.397889 0.650402 0.007401 0.012061
0 0.516447 0.680556 0.006579 0.009503
0 0.536047 0.432749 0.006853 0.008772
0 0.286458 0.744518 0.006579 0.012427
0 0.337719 0.288925 0.004934 0.008406
0 0.826069 0.599781 0.006305 0.008041
0 0.363350 0.860197 0.004112 0.007675
0 0.254797 0.713633 0.006305 0.009137
0 0.289062 0.806104 0.006305 0.009137
0 0.915296 0.682383 0.007127 0.013889
0 0.745477 0.705227 0.008498 0.003289
0 0.963405 0.346491 0.003015 0.008772
0 0.148712 0.510599 0.004660 0.007310
0 0.549753 0.298977 0.005757 0.008041
0 0.827029 0.333333 0.007127 0.015351
0 0.904331 0.807200 0.006579 0.008406
0 0.042763 0.707420 0.005482 0.005482
0 0.038103 0.910088 0.006579 0.011696
0 0.272752 0.483553 0.004386 0.005848
0 0.437500 0.332968 0.002193 0.012427
0 0.863624 0.528874 0.005757 0.007310
0 0.737527 0.177449 0.007401 0.013523
0 0.758498 0.703947 0.007675 0.002193
0 0.419682 0.628472 0.007127 0.009868
0 0.189693 0.444993 0.014254 0.019371
0 0.959978 0.228253 0.009868 0.011330
0 0.062774 0.738121 0.008224 0.007675
0 0.422834 0.432018 0.005208 0.008041
0 0.105126 0.691338 0.009046 0.014985
0 0.718065 0.369883 0.005757 0.010234
0 0.875137 0.533443 0.003564 0.010599
0 0.923657 0.735015 0.007950 0.012427
0 0.188185 0.393092 0.007950 0.009868
0 0.758635 0.699196 0.007950 0.004386
0 0.596491 0.588999 0.010417 0.004020
0 0.875137 0.199379 0.003564 0.018640
0 0.280565 0.863121 0.007401 0.014254
0 0.879797 0.652778 0.002467 0.006579
0 0.544271 0.217836 0.005208 0.005848
0 0.687637 0.492325 0.006853 0.010234
0 0.433114 0.615497 0.006579 0.008041
0 0.105811 0.453399 0.013706 0.015716
0 0.878701 0.551901 0.001371 0.012427
0 0.745203 0.697368 0.009594 0.008772
0 0.568257 0.407895 0.007675 0.010965
0 0.405702 0.398209 0.004386 0.011330
0 0.939967 0.629569 0.008224 0.015716
0 0.751508 0.225329 0.006853 0.017178
0 0.171053 0.457237 0.008772 0.015351
0 0.748355 0.694444 0.016447 0.013889
0 0.921464 0.236659 0.006853 0.002558
0 0.426535 0.427449 0.007127 0.007675
0 0.325521 0.328399 0.007401 0.010599
0 0.354304 0.703399 0.003564 0.001827
0 0.150219 0.447368 0.007127 0.008772
0 0.487527 0.333333 0.007950 0.013158
0 0.084293 0.470029 0.006853 0.002193
0 0.439693 0.298611 0.001096 0.008772
0 0.874863 0.712902 0.004660 0.011330
0 0.684622 0.786732 0.011239 0.017178
0 0.351974 0.616959 0.001096 0.015351
0 0.570450 0.204313 0.004386 0.011696
0 0.878427 0.534539 0.001371 0.014254
0 0.786184 0.108187 0.006031 0.017544
0 0.765762 0.248173 0.003015 0.004386
0 0.851425 0.424342 0.006031 0.010965
0 0.093613 0.469298 0.005757 0.001462
0 0.678591 0.279788 0.007401 0.016447
0 0.174205 0.456140 0.002467 0.012427
0 0.838268 0.180007 0.003289 0.006944
0 0.845258 0.680190 0.007401 0.008041
0 0.766310 0.626827 0.005757 0.010234
0 0.620751 0.800439 0.006853 0.008041
0 0.783991 0.776681 0.009868 0.012427
0 0.505482 0.567069 0.004934 0.006944
0 0.750548 0.262610 0.004934 0.014254
0 0.446546 0.371711 0.004934 0.008772
0 0.440652 0.614035 0.001919 0.010965
0 0.282621 0.432018 0.004934 0.009503
0 0.918723 0.112939 0.008498 0.008041
0 0.570998 0.677449 0.005482 0.009137