0 0.289474 0.463268 0.015351 0.014803
0 0.032164 0.689145 0.016082 0.013706
0 0.220029 0.508909 0.014620 0.013432
0 0.630665 0.134183 0.009868 0.010143
0 0.732456 0.243695 0.011696 0.010965
0 0.813414 0.036458 0.010599 0.011513
0 0.247076 0.457922 0.010965 0.009046
0 0.150402 0.367188 0.014254 0.010691
0 0.671418 0.045367 0.013158 0.011787
0 0.731360 0.548931 0.010234 0.009594
0 0.827303 0.020833 0.008406 0.013158
0 0.343567 0.196135 0.013158 0.013432
0 0.843019 0.099644 0.014985 0.011787
0 0.317617 0.170367 0.012427 0.010143
0 0.513523 0.281661 0.010965 0.010143
0 0.337171 0.187774 0.012061 0.009868
0 0.030336 0.389940 0.012427 0.009594
0 0.139254 0.398986 0.014620 0.011787
0 0.437865 0.146930 0.016082 0.010965
0 0.105811 0.379660 0.014254 0.012610
0 0.869152 0.688459 0.013889 0.011239
0 0.766813 0.359101 0.008772 0.008224
0 0.827668 0.428043 0.008406 0.009046
0 0.732639 0.299616 0.012792 0.011513
0 0.052266 0.487527 0.018275 0.016173
0 0.476425 0.358004 0.008406 0.007127
0 0.362573 0.458882 0.011696 0.013158
0 0.372259 0.253838 0.013523 0.012061
0 0.440972 0.456689 0.012061 0.010965
0 0.383041 0.228070 0.011696 0.011513
0 0.366228 0.272615 0.011696 0.009594
0 0.454496 0.192434 0.012061 0.012061
0 0.512427 0.247396 0.012427 0.010691
0 0.005665 0.774945 0.005482 0.011513
0 0.302632 0.556606 0.016813 0.016173
0 0.133224 0.720258 0.008406 0.008498
0 0.189510 0.502878 0.015716 0.012884
0 0.829861 0.104441 0.011330 0.014254
0 0.151499 0.579496 0.017178 0.014254
0 0.443348 0.185307 0.014620 0.008772
0 0.134320 0.573054 0.017178 0.013980
0 0.792946 0.391584 0.012792 0.009594
0 0.660453 0.321409 0.010965 0.009594
0 0.721126 0.366091 0.009503 0.009046
0 0.527595 0.362527 0.010599 0.010143
0 0.682018 0.360883 0.008041 0.007401
0 0.464181 0.415707 0.006579 0.011239
0 0.090278 0.718887 0.007310 0.010143
0 0.733370 0.676672 0.012061 0.010691
0 0.225329 0.488898 0.014985 0.010143
0 0.186404 0.392270 0.016082 0.014254
0 0.144189 0.336897 0.012061 0.009320
0 0.486842 0.575110 0.013158 0.012061
0 0.165205 0.334704 0.019737 0.012061
0 0.925804 0.723547 0.013889 0.011787
0 0.332785 0.291804 0.012061 0.009594
0 0.011696 0.389803 0.011696 0.008772
0 0.261330 0.193120 0.008041 0.007401
0 0.485746 0.296875 0.015351 0.010417
0 0.829678 0.601700 0.010965 0.008224
0 0.505665 0.233004 0.010599 0.008772
0 0.342105 0.307566 0.011696 0.010965
0 0.535088 0.235060 0.010965 0.010691
0 0.843385 0.717242 0.016447 0.012336
0 0.070906 0.622944 0.020468 0.009046
0 0.127741 0.561815 0.010599 0.013432
0 0.410636 0.718613 0.008406 0.011787
0 0.130665 0.365269 0.012061 0.011787
0 0.533991 0.252604 0.010965 0.009046
0 0.539474 0.364720 0.008772 0.008498
0 0.512061 0.226151 0.012427 0.011513
0 0.412646 0.450384 0.011696 0.007675
0 0.279605 0.558799 0.016082 0.009594
0 0.406798 0.235197 0.010965 0.010965
0 0.387975 0.182703 0.011330 0.007401
0 0.703947 0.302769 0.002193 0.008498
0 0.059211 0.575795 0.017544 0.015625
0 0.803180 0.579770 0.012061 0.011513
0 0.749086 0.116776 0.009137 0.012610
0 0.064145 0.461760 0.014254 0.010691
0 0.837537 0.434348 0.010599 0.007401
0 0.111111 0.308525 0.011696 0.010143
0 0.312317 0.235197 0.014254 0.012061
0 0.328034 0.321820 0.012061 0.010417
0 0.347039 0.250959 0.007675 0.014529
0 0.766630 0.591420 0.011330 0.010143
0 0.709064 0.298383 0.007310 0.007401
0 0.512061 0.268092 0.010234 0.004934
0 0.037281 0.476562 0.020468 0.013432
0 0.155154 0.397752 0.012061 0.009320
0 0.138706 0.539474 0.015716 0.013158
0 0.474415 0.888569 0.006579 0.011239
0 0.863852 0.426809 0.008406 0.007127
0 0.331140 0.334430 0.012427 0.013158
0 0.881579 0.489720 0.010234 0.008498
0 0.007310 0.531935 0.007310 0.005757
0 0.821637 0.736294 0.002924 0.008772
0 0.565424 0.308799 0.013158 0.011239
0 0.335526 0.534402 0.008772 0.006305
0 0.408991 0.208745 0.014620 0.011787
0 0.330409 0.354030 0.012427 0.003015
0 0.594846 0.425302 0.009137 0.009594
0 0.050804 0.561266 0.022661 0.016721
0 0.017361 0.693257 0.014985 0.013706
0 0.426718 0.152549 0.014985 0.017270
0 0.926170 0.584704 0.011696 0.010965
0 0.254934 0.553591 0.015716 0.010691
0 0.897661 0.764529 0.012427 0.012061
0 0.352887 0.010417 0.001827 0.010417
0 0.814876 0.464638 0.006944 0.009868
0 0.076937 0.273163 0.006944 0.007401
0 0.336806 0.320450 0.009868 0.008224
0 0.513706 0.237116 0.010599 0.008772
0 0.112025 0.365817 0.009137 0.007401
0 0.032164 0.498766 0.017544 0.015625
0 0.393458 0.534677 0.011330 0.008498
0 0.916301 0.811678 0.010965 0.007127
0 0.301901 0.510005 0.015351 0.017818
0 0.057566 0.605674 0.022295 0.016721
0 0.721126 0.168174 0.015351 0.011787
0 0.407712 0.547834 0.012792 0.009046
0 0.144189 0.548109 0.012061 0.011787
0 0.751645 0.462445 0.009137 0.008772
0 0.718933 0.487939 0.011696 0.009320
0 0.459613 0.367050 0.009868 0.011513
0 0.698648 0.302220 0.005482 0.007950
0 0.523026 0.570587 0.011696 0.011239
0 0.210709 0.815652 0.007675 0.006305
0 0.134503 0.339227 0.015351 0.011787
0 0.149488 0.475055 0.013889 0.012061
0 0.358004 0.531113 0.006944 0.004660
0 0.765168 0.307155 0.012792 0.007950
0 0.311221 0.276179 0.012792 0.010691
0 0.688048 0.147478 0.009868 0.008224
0 0.132493 0.409814 0.012061 0.011513
0 0.536367 0.427632 0.010599 0.008772
0 0.158077 0.552769 0.009137 0.008498
0 0.460161 0.396519 0.011696 0.009594
0 0.872807 0.422834 0.008041 0.007950
0 0.474963 0.302495 0.006944 0.012336
0 0.707602 0.500959 0.005848 0.012336
0 0.704496 0.957511 0.002558 0.007675
0 0.313596 0.429276 0.015351 0.010417
0 0.617507 0.135691 0.012061 0.011513
0 0.294956 0.366776 0.014620 0.010965
0 0.254203 0.908443 0.016447 0.020833
0 0.748538 0.392270 0.009503 0.008772
0 0.092105 0.509868 0.027047 0.013158
0 0.913925 0.331963 0.016447 0.011513
0 0.019189 0.391721 0.009868 0.009320
0 0.594115 0.508087 0.009137 0.011787
0 0.931104 0.311129 0.009137 0.007675
0 0.548794 0.445724 0.015716 0.007127
0 0.557749 0.523712 0.008772 0.004660
0 0.620614 0.361294 0.006579 0.005482
0 0.719481 0.354030 0.008406 0.003015
0 0.716557 0.591968 0.009137 0.009594
0 0.345212 0.543311 0.008406 0.008772
0 0.777778 0.490543 0.011696 0.010691
0 0.200110 0.268092 0.017909 0.004934
0 0.911550 0.299479 0.009503 0.010143
0 0.043311 0.537555 0.010599 0.009868
0 0.154240 0.348136 0.010965 0.005482
0 0.601791 0.512061 0.010599 0.008772
0 0.526499 0.240817 0.016447 0.009594
0 0.353070 0.649808 0.002193 0.007950
0 0.336623 0.266447 0.012427 0.003289
0 0.018823 0.319216 0.009137 0.007950
0 0.332054 0.555099 0.014254 0.013158
0 0.820175 0.038651 0.001462 0.006579
0 0.589912 0.388843 0.005117 0.010143
0 0.039108 0.337171 0.009503 0.009320
0 0.814510 0.867325 0.007675 0.005482
0 0.280702 0.462308 0.008772 0.009594
0 0.835344 0.428043 0.009137 0.007401
0 0.543494 0.235746 0.010965 0.010417
0 0.035270 0.956140 0.029605 0.017544
0 0.498173 0.327166 0.011696 0.015625
0 0.825475 0.362527 0.005482 0.008498
0 0.425256 0.181332 0.011330 0.005757
0 0.513706 0.363076 0.010599 0.010143
0 0.338268 0.539200 0.006944 0.008772
0 0.139985 0.346080 0.012427 0.009594
0 0.397661 0.924068 0.015351 0.015899
0 0.512610 0.321272 0.010599 0.008772
0 0.243421 0.146793 0.009503 0.009046
0 0.321820 0.283991 0.015716 0.014254
0 0.362573 0.508498 0.011696 0.013158
0 0.874086 0.519463 0.011330 0.010417
0 0.078034 0.484101 0.015716 0.010417
0 0.719298 0.168860 0.010965 0.008224
0 0.861842 0.895970 0.008041 0.006853
0 0.691155 0.431880 0.010965 0.006305
0 0.474415 0.396930 0.006579 0.012061
0 0.464730 0.301398 0.006213 0.006853
0 0.822368 0.324973 0.003655 0.006853
0 0.894006 0.322368 0.011696 0.006579
0 0.425621 0.450932 0.010599 0.010417
0 0.797515 0.441338 0.008772 0.002741
0 0.806104 0.006442 0.008406 0.006305
0 0.863487 0.417900 0.009137 0.009046
0 0.471674 0.452851 0.004020 0.014254
0 0.814510 0.323739 0.006944 0.007675
0 0.006762 0.364995 0.006944 0.008498
0 0.552814 0.534814 0.006944 0.007127
0 0.189145 0.413514 0.016447 0.013432
0 0.607273 0.508224 0.012792 0.011513
0 0.306652 0.472999 0.013158 0.012884
0 0.551535 0.366913 0.013889 0.008498
0 0.894189 0.517270 0.009868 0.008772
0 0.411001 0.630208 0.008406 0.006579
0 0.447917 0.896107 0.014254 0.015351
0 0.279240 0.309211 0.014620 0.011513
0 0.349232 0.081963 0.003289 0.010965
0 0.217654 0.268092 0.018640 0.004934
0 0.100512 0.704496 0.004386 0.002741
0 0.090643 0.520285 0.019737 0.011513
0 0.167215 0.836349 0.009868 0.005482
0 0.543494 0.316064 0.014620 0.015351
0 0.237025 0.336349 0.003289 0.014803
0 0.132675 0.481223 0.013889 0.011787
0 0.352339 0.287555 0.001462 0.009320
0 0.463816 0.646793 0.007310 0.015077
0 0.810307 0.493147 0.011696 0.008772
0 0.410270 0.854441 0.005482 0.005482
0 0.470760 0.416393 0.002924 0.011513
0 0.041301 0.236979 0.003655 0.004112
0 0.359649 0.411321 0.008772 0.010143
0 0.434393 0.742325 0.007675 0.007675
0 0.437135 0.851288 0.005117 0.004112
0 0.229349 0.303317 0.009137 0.011787
0 0.423246 0.502330 0.015351 0.013980
0 0.599050 0.441886 0.008772 0.003289
0 0.833882 0.668997 0.009868 0.007950
0 0.315241 0.228207 0.010599 0.009594
0 0.351791 0.273438 0.001096 0.009046
0 0.792580 0.446272 0.010599 0.007675
0 0.878107 0.354167 0.008406 0.003289
0 0.361659 0.626508 0.008406 0.007950
0 0.123721 0.481360 0.006944 0.011513
0 0.334064 0.254934 0.010234 0.007675
0 0.529057 0.266859 0.009137 0.003564
0 0.305190 0.245614 0.008772 0.009868
0 0.352339 0.774945 0.001462 0.010965
0 0.541301 0.559622 0.012427 0.008498
0 0.495980 0.721628 0.004386 0.003564
0 0.016082 0.324973 0.009503 0.007950
0 0.637610 0.554139 0.014985 0.011239
0 0.362573 0.530154 0.007310 0.003838
0 0.461988 0.405291 0.009503 0.010143
0 0.119883 0.365132 0.002924 0.008772
0 0.891265 0.355811 0.006944 0.004934
0 0.828765 0.533032 0.008406 0.006305
0 0.619518 0.486979 0.011696 0.008498
0 0.716009 0.541255 0.010965 0.009594
0 0.081323 0.651316 0.009137 0.007675
0 0.235380 0.782895 0.001462 0.013158
0 0.081323 0.574150 0.013523 0.011787
0 0.170139 0.388706 0.016447 0.010965
0 0.398575 0.168311 0.009137 0.008772
0 0.831140 0.361979 0.012427 0.009046
0 0.586257 0.585938 0.001462 0.010143
0 0.222588 0.275493 0.010965 0.004934
0 0.502376 0.228481 0.009137 0.009046
0 0.826206 0.093613 0.007675 0.005757
0 0.324196 0.844846 0.005117 0.004934
0 0.542763 0.320998 0.010234 0.007127
0 0.472222 0.444079 0.004386 0.005482
0 0.539656 0.498629 0.013523 0.012610
0 0.248355 0.412966 0.005482 0.004112
0 0.540753 0.373218 0.012061 0.010143
0 0.813231 0.321409 0.008772 0.008498
0 0.348136 0.406798 0.005482 0.013706
0 0.579678 0.382264 0.010234 0.012336
0 0.462171 0.564693 0.010599 0.008772
0 0.419591 0.458470 0.013158 0.011787
0 0.001462 0.622807 0.001462 0.008772
0 0.450475 0.565104 0.011330 0.009046
0 0.371528 0.371025 0.006213 0.006305
0 0.757858 0.587719 0.011330 0.011513
0 0.267544 0.385554 0.018275 0.012336
0 0.680738 0.678317 0.009137 0.006305
0 0.362025 0.446820 0.011330 0.008224
0 0.381944 0.253975 0.008772 0.008498
0 0.777595 0.741502 0.017909 0.008224
0 0.319444 0.230537 0.007310 0.007127
0 0.129386 0.555236 0.012427 0.010691
0 0.107822 0.570861 0.013889 0.007401
0 0.418129 0.264803 0.010234 0.001645
0 0.075292 0.606223 0.016082 0.014529
0 0.325658 0.236294 0.012427 0.007127
0 0.430921 0.852659 0.005848 0.008498
0 0.706140 0.941886 0.004386 0.010417
0 0.752924 0.651453 0.015351 0.011239
0 0.298428 0.425987 0.016447 0.010965
0 0.415936 0.626919 0.013158 0.006579
0 0.820358 0.291393 0.001827 0.007127
0 0.376462 0.452577 0.010965 0.009320
0 0.723136 0.286321 0.014254 0.011787
0 0.637792 0.406113 0.005848 0.005757
0 0.629020 0.887747 0.007310 0.006305
0 0.403692 0.418997 0.017178 0.009594
0 0.548977 0.298794 0.007310 0.004386
0 0.800987 0.501234 0.010599 0.007950
0 0.422332 0.708196 0.011330 0.006305
0 0.372990 0.359786 0.009137 0.007950
0 0.269189 0.462171 0.011330 0.009868
0 0.704678 0.052906 0.002924 0.015351
0 0.358918 0.204221 0.008041 0.006579
0 0.500183 0.719435 0.004751 0.004112
0 0.085892 0.605126 0.013889 0.012884
0 0.669042 0.352385 0.007675 0.001371
0 0.798246 0.596080 0.016082 0.016721
0 0.571455 0.794956 0.020102 0.005482
0 0.111294 0.371436 0.010599 0.019737
0 0.731360 0.533854 0.006579 0.007401
0 0.146564 0.345532 0.026316 0.010691
0 0.415022 0.155976 0.010599 0.008224
0 0.336075 0.234923 0.007675 0.006579
0 0.887427 0.484375 0.012427 0.008224
0 0.229349 0.897478 0.008406 0.020285
0 0.744700 0.450384 0.008406 0.008224
0 0.729167 0.954084 0.008041 0.006853
0 0.371528 0.847314 0.005482 0.005482
0 0.571089 0.881031 0.020833 0.003838
0 0.473501 0.325384 0.005482 0.012061
0 0.691886 0.441886 0.010234 0.003289
0 0.237390 0.738761 0.003289 0.008224
0 0.302997 0.415433 0.014620 0.010691
0 0.358918 0.247670 0.008041 0.008498
0 0.787829 0.597725 0.008406 0.005208
0 0.118421 0.531387 0.001462 0.005208
0 0.838268 0.091968 0.014985 0.004112
0 0.235380 0.393229 0.001462 0.009046
0 0.163925 0.430236 0.006944 0.007401
0 0.109466 0.581414 0.014254 0.012061
0 0.898940 0.716009 0.014985 0.014254
0 0.222222 0.692708 0.008772 0.006031
0 0.884868 0.355263 0.012427 0.004386
0 0.362756 0.218065 0.008406 0.006305
0 0.079130 0.653783 0.014254 0.012061
0 0.283443 0.573739 0.012792 0.010965
0 0.426718 0.772615 0.004020 0.004112
0 0.004386 0.657072 0.004386 0.008772
0 0.493056 0.346765 0.010234 0.008224
0 0.416849 0.259594 0.012061 0.007127
0 0.016082 0.391036 0.016082 0.011787
0 0.098684 0.307292 0.012427 0.007675
0 0.589364 0.531113 0.004751 0.004660
0 0.826206 0.663651 0.007675 0.009868
0 0.638523 0.447231 0.011696 0.008498
0 0.569993 0.883224 0.024488 0.006031
0 0.926352 0.782209 0.018640 0.010143
0 0.341192 0.917352 0.018640 0.016721
0 0.557383 0.499863 0.012427 0.011239
0 0.029788 0.517955 0.012792 0.008498
0 0.625914 0.813871 0.009137 0.007127
0 0.437865 0.752604 0.004386 0.004112
0 0.142178 0.391996 0.012427 0.007675
0 0.525402 0.373904 0.007675 0.009868
0 0.167763 0.725877 0.009503 0.008224
0 0.115314 0.448602 0.003289 0.005757
0 0.640168 0.554962 0.009868 0.008498
0 0.602156 0.446957 0.008406 0.005208
0 0.250914 0.553043 0.008406 0.008498
0 0.279971 0.630757 0.006579 0.006031
0 0.907164 0.823465 0.016082 0.015351
0 0.589364 0.564830 0.004751 0.009594
0 0.509686 0.560855 0.015716 0.013706
0 0.427814 0.793174 0.005482 0.003564
0 0.802266 0.868147 0.011696 0.008772
0 0.318348 0.176672 0.010965 0.001371
0 0.237390 0.340049 0.003289 0.009046
0 0.434028 0.467791 0.010599 0.010691
0 0.026681 0.489995 0.007310 0.005757
0 0.805190 0.709841 0.006579 0.007401
0 0.326389 0.405839 0.008772 0.009046
0 0.464364 0.299068 0.006213 0.014803
0 0.694627 0.155154 0.009868 0.008772
0 0.456140 0.209841 0.009503 0.004660
0 0.266265 0.539474 0.012792 0.008772
0 0.410636 0.549205 0.010599 0.007401
0 0.568348 0.440241 0.008041 0.001645
0 0.777961 0.736020 0.009137 0.004934
0 0.193348 0.516173 0.010965 0.008224
0 0.463999 0.650905 0.007675 0.009594
0 0.553545 0.314556 0.010599 0.006853
0 0.347588 0.409265 0.005848 0.006031
0 0.762610 0.628015 0.008406 0.011513
0 0.164474 0.879249 0.014620 0.001919
0 0.546601 0.539062 0.010599 0.006853
0 0.407529 0.154605 0.005848 0.007675
0 0.130665 0.672697 0.009868 0.007127
0 0.311952 0.239995 0.013523 0.008498
0 0.156250 0.522889 0.014254 0.006853
0 0.330958 0.543860 0.008406 0.008224
0 0.326937 0.916667 0.013523 0.010965
0 0.150768 0.320587 0.014985 0.013980
0 0.470760 0.444216 0.002924 0.005757
0 0.685673 0.003427 0.016813 0.003564
0 0.213816 0.279742 0.010234 0.007950
0 0.152778 0.352385 0.013889 0.001371
0 0.111111 0.531250 0.011696 0.004934
0 0.002741 0.271245 0.002558 0.005757
0 0.650950 0.413925 0.010965 0.010417
0 0.925439 0.622122 0.003655 0.003015
0 0.509686 0.762610 0.004020 0.004386
0 0.471308 0.333333 0.003289 0.006031
0 0.058662 0.721080 0.008406 0.005208
0 0.743421 0.068531 0.008041 0.006579
0 0.227522 0.306880 0.008406 0.007950
0 0.336440 0.260417 0.012792 0.004934
0 0.670322 0.797423 0.006579 0.006579
0 0.254934 0.165981 0.005482 0.006305
0 0.343202 0.311678 0.013889 0.016996
0 0.541118 0.878838 0.012061 0.001645