0 0.775905 0.254203 0.006305 0.009868
0 0.766036 0.714730 0.005208 0.009137
0 0.673383 0.367142 0.004112 0.007675
0 0.316886 0.592105 0.004934 0.007310
0 0.832100 0.065424 0.007401 0.012427
0 0.555784 0.802083 0.005757 0.009868
0 0.144737 0.013889 0.006579 0.011696
0 0.771107 0.846857 0.004934 0.008772
0 0.669819 0.367142 0.004112 0.008406
0 0.190378 0.294225 0.006305 0.009503
0 0.002604 0.712171 0.002467 0.010599
0 0.728207 0.635599 0.005757 0.008772
0 0.641584 0.622624 0.005208 0.009137
0 0.207374 0.023209 0.005757 0.009137
0 0.868010 0.711623 0.005208 0.007310
0 0.572231 0.215643 0.004112 0.007310
0 0.962582 0.421418 0.004660 0.009503
0 0.036732 0.015899 0.006031 0.009868
0 0.724644 0.647661 0.005208 0.008772
0 0.446820 0.677814 0.003838 0.006944
0 0.802083 0.255665 0.004934 0.006944
0 0.890625 0.142178 0.007127 0.010965
0 0.912144 0.135599 0.005757 0.010965
0 0.958745 0.414108 0.006305 0.009503
0 0.629112 0.157346 0.003838 0.006213
0 0.806743 0.831506 0.007127 0.008772
0 0.473410 0.641447 0.004934 0.007310
0 0.007950 0.714730 0.004934 0.007675
0 0.453536 0.021199 0.003564 0.008041
0 0.741091 0.862573 0.005208 0.008041
0 0.694764 0.261513 0.003564 0.007675
0 0.339090 0.697734 0.006031 0.008041
0 0.760143 0.364583 0.006031 0.012792
0 0.792763 0.707420 0.003289 0.005482
0 0.584293 0.784357 0.005757 0.009503
0 0.664611 0.068896 0.004660 0.007675
0 0.781524 0.836440 0.004934 0.009137
0 0.353070 0.737208 0.002193 0.008041
0 0.346765 0.748355 0.006579 0.009137
0 0.327029 0.850329 0.006031 0.008406
0 0.866228 0.184211 0.005482 0.008772
0 0.912007 0.204496 0.005482 0.008406
0 0.314282 0.356542 0.003564 0.005482
0 0.459978 0.330227 0.005482 0.009137
0 0.563459 0.803180 0.006305 0.010599
0 0.207374 0.032895 0.005757 0.008772
0 0.332648 0.706140 0.005208 0.004386
0 0.894737 0.148940 0.004934 0.007675
0 0.750274 0.058480 0.006031 0.010965
0 0.337308 0.744700 0.004660 0.009868
0 0.924205 0.149671 0.005757 0.007675
0 0.616913 0.596126 0.003015 0.007310
0 0.615132 0.610928 0.001096 0.007675
0 0.162555 0.008772 0.006579 0.008772
0 0.226974 0.658626 0.004386 0.008041
0 0.328125 0.154240 0.004386 0.005848
0 0.312774 0.150950 0.003838 0.006579
0 0.147341 0.005117 0.006305 0.005117
0 0.769600 0.518640 0.009594 0.016813
0 0.658169 0.133589 0.003289 0.005482
0 0.577029 0.035270 0.004934 0.007675
0 0.820038 0.237756 0.005757 0.004020
0 0.233827 0.662098 0.004934 0.007675
0 0.014391 0.680007 0.005757 0.008406
0 0.399808 0.558480 0.004112 0.006579
0 0.885691 0.282529 0.004386 0.008041
0 0.576069 0.211257 0.003564 0.006579
0 0.399534 0.052632 0.004660 0.007310
0 0.573054 0.028326 0.004660 0.006944
0 0.893366 0.279057 0.005482 0.008406
0 0.857593 0.238121 0.005208 0.004020
0 0.181880 0.292398 0.006305 0.008772
0 0.119929 0.591374 0.005208 0.006579
0 0.908991 0.664839 0.004386 0.006579
0 0.731497 0.463633 0.004660 0.006213
0 0.211897 0.025219 0.004386 0.008041
0 0.058525 0.683662 0.007401 0.012061
0 0.752330 0.289656 0.004112 0.006944
0 0.831140 0.660270 0.006031 0.009137
0 0.027412 0.344481 0.004386 0.006213
0 0.340598 0.510782 0.005208 0.008406
0 0.355948 0.142727 0.004112 0.006213
0 0.944901 0.401499 0.004934 0.006944
0 0.840461 0.171235 0.004934 0.008406
0 0.189556 0.394920 0.004112 0.006213
0 0.015214 0.357639 0.003564 0.005482
0 0.398300 0.529423 0.004386 0.006944
0 0.589775 0.728253 0.005208 0.009137
0 0.949013 0.358004 0.004934 0.006944
0 0.333059 0.790753 0.006031 0.009137
0 0.651590 0.649488 0.004386 0.008041
0 0.737253 0.580592 0.005757 0.008406
0 0.351425 0.731908 0.000548 0.007675
0 0.333470 0.145651 0.003564 0.006213
0 0.874178 0.193713 0.004386 0.007310
0 0.169819 0.194079 0.005757 0.005848
0 0.582237 0.775768 0.006031 0.008406
0 0.354852 0.298246 0.004112 0.006579
0 0.203399 0.345029 0.003838 0.005848
0 0.342379 0.716923 0.003289 0.005482
0 0.596902 0.929642 0.004660 0.008406
0 0.010417 0.392361 0.003838 0.006213
0 0.338130 0.722222 0.009594 0.009503
0 0.033306 0.043311 0.006853 0.011330
0 0.288651 0.101243 0.003838 0.006579
0 0.226014 0.265899 0.005208 0.006213
0 0.808525 0.845212 0.004112 0.006213
0 0.359238 0.254569 0.004112 0.006944
0 0.703947 0.354715 0.002193 0.004020
0 0.055373 0.255300 0.004934 0.006944
0 0.125685 0.202485 0.005757 0.008772
0 0.612116 0.610563 0.003838 0.009137
0 0.063734 0.683845 0.004660 0.007310
0 0.918723 0.164839 0.005757 0.008041
0 0.300850 0.310124 0.004112 0.006213
0 0.927769 0.169591 0.005208 0.006579
0 0.342516 0.289656 0.005208 0.006213
0 0.156387 0.568531 0.005208 0.008406
0 0.048109 0.207054 0.005208 0.006944
0 0.156798 0.137975 0.006031 0.008406
0 0.425850 0.251827 0.003564 0.005117
0 0.623081 0.604898 0.005482 0.008772
0 0.952029 0.257858 0.004386 0.007675
0 0.449150 0.680373 0.004112 0.006213
0 0.106634 0.096857 0.008772 0.010965
0 0.772204 0.723867 0.004386 0.006944
0 0.450795 0.037281 0.003564 0.005117
0 0.949287 0.398026 0.005482 0.006579
0 0.915433 0.716923 0.004660 0.006213
0 0.454907 0.801901 0.008498 0.010234
0 0.352522 0.496893 0.001645 0.006213
0 0.742736 0.301901 0.005208 0.007310
0 0.731223 0.726791 0.003564 0.007675
0 0.704907 0.579861 0.003015 0.008406
0 0.207237 0.346308 0.004386 0.005482
0 0.001096 0.021199 0.001096 0.008772
0 0.362253 0.429642 0.003564 0.004751
0 0.875685 0.363304 0.003015 0.012427
0 0.761924 0.067982 0.005208 0.008772
0 0.677083 0.363670 0.004386 0.005117
0 0.887747 0.771199 0.006853 0.011696
0 0.278098 0.494518 0.004112 0.005117
0 0.814419 0.454861 0.004934 0.007675
0 0.321820 0.505665 0.006579 0.010599
0 0.014117 0.025768 0.005208 0.007675
0 0.735471 0.856542 0.004934 0.007675
0 0.757538 0.196089 0.005208 0.006944
0 0.866365 0.137244 0.005757 0.008406
0 0.925713 0.002193 0.005482 0.002193
0 0.328536 0.197917 0.003564 0.005482
0 0.958196 0.189510 0.005208 0.008406
0 0.328536 0.814510 0.004660 0.008406
0 0.494792 0.017544 0.004386 0.005848
0 0.930921 0.157346 0.006579 0.007675
0 0.317571 0.270833 0.003564 0.005848
0 0.800164 0.298977 0.004934 0.006579
0 0.612527 0.533991 0.003015 0.009503
0 0.652961 0.654971 0.004934 0.006579
0 0.480126 0.916301 0.007950 0.007310
0 0.176398 0.518458 0.000822 0.006944
0 0.211075 0.775950 0.004934 0.008772
0 0.443668 0.820175 0.005208 0.001462
0 0.925850 0.120431 0.007401 0.003289
0 0.369243 0.539474 0.002741 0.005848
0 0.003838 0.709795 0.003838 0.008041
0 0.390077 0.377376 0.004386 0.006944
0 0.159677 0.128107 0.006853 0.007675
0 0.450932 0.538560 0.003838 0.005482
0 0.440241 0.355263 0.001645 0.004386
0 0.307566 0.305373 0.003838 0.005482
0 0.093750 0.252193 0.004934 0.006579
0 0.768092 0.514254 0.004934 0.007310
0 0.841283 0.243604 0.005482 0.007675
0 0.926261 0.527047 0.004386 0.007310
0 0.041941 0.680007 0.010965 0.012792
0 0.173383 0.821455 0.004112 0.002558
0 0.722999 0.440058 0.004660 0.005117
0 0.874315 0.368421 0.004660 0.011696
0 0.814419 0.230080 0.006579 0.007675
0 0.226425 0.720395 0.004934 0.008772
0 0.430510 0.929459 0.005757 0.005848
0 0.522615 0.143275 0.005757 0.018275
0 0.848136 0.907895 0.004934 0.008041
0 0.536595 0.131944 0.004660 0.006579
0 0.007538 0.688231 0.007401 0.009503
0 0.032484 0.010051 0.005757 0.009137
0 0.757401 0.126645 0.002741 0.004751
0 0.410088 0.105811 0.003838 0.005482
0 0.216694 0.751645 0.004660 0.007675
0 0.800713 0.444810 0.003838 0.005848
0 0.162966 0.640534 0.006305 0.008406
0 0.348410 0.259320 0.002741 0.004751
0 0.003152 0.716740 0.003015 0.009503
0 0.901316 0.716557 0.004386 0.005482
0 0.015762 0.224781 0.004660 0.005848
0 0.681058 0.047880 0.003564 0.005848
0 0.749041 0.099963 0.004660 0.006213
0 0.569490 0.781981 0.007950 0.009137
0 0.335800 0.745980 0.009320 0.013158
0 0.669134 0.789474 0.003838 0.007310
0 0.253289 0.848319 0.009320 0.008772
0 0.230537 0.720212 0.005482 0.008406
0 0.668037 0.023026 0.003838 0.008041
0 0.034677 0.258955 0.005208 0.007675
0 0.362664 0.253107 0.003289 0.004020
0 0.377741 0.289108 0.003838 0.006579
0 0.865543 0.268458 0.005208 0.006944
0 0.015077 0.126279 0.007127 0.009137
0 0.579359 0.703765 0.004660 0.001827
0 0.075521 0.886879 0.005208 0.006944
0 0.510554 0.905885 0.004112 0.006944
0 0.067708 0.242690 0.006579 0.007310
0 0.814419 0.346857 0.004934 0.007310
0 0.303180 0.024488 0.003838 0.006579
0 0.376919 0.144920 0.004934 0.006213
0 0.043037 0.505848 0.003289 0.004386
0 0.451206 0.030519 0.004386 0.004751
0 0.339364 0.308297 0.003289 0.006213
0 0.569764 0.757675 0.011787 0.019006
0 0.342791 0.050439 0.003564 0.005848
0 0.479989 0.910636 0.010965 0.017909