0 0.491913 0.718202 0.004660 0.008041
0 0.461212 0.796418 0.004660 0.008772
0 0.722314 0.599781 0.004386 0.008041
0 0.529194 0.599050 0.003015 0.007310
0 0.442023 0.473501 0.003564 0.005482
0 0.148849 0.172880 0.006031 0.008772
0 0.801535 0.601608 0.004934 0.008041
0 0.322094 0.189876 0.004934 0.008406
0 0.551809 0.709978 0.004386 0.008406
0 0.888843 0.570541 0.006305 0.009503
0 0.054962 0.431469 0.005208 0.007675
0 0.374178 0.749086 0.005482 0.008406
0 0.808525 0.603070 0.004660 0.007310
0 0.487253 0.715095 0.003564 0.006944
0 0.675850 0.363670 0.003564 0.006579
0 0.682429 0.713268 0.003564 0.006944
0 0.664200 0.768275 0.004386 0.008041
0 0.577440 0.548794 0.004660 0.008406
0 0.176535 0.054642 0.001096 0.012792
0 0.392270 0.499269 0.004386 0.006579
0 0.571135 0.724598 0.004112 0.006213
0 0.678180 0.712902 0.006031 0.009137
0 0.382812 0.228436 0.006305 0.008772
0 0.151590 0.154423 0.006579 0.008406
0 0.797971 0.597770 0.004934 0.010599
0 0.193942 0.164108 0.005757 0.007310
0 0.791118 0.456140 0.001645 0.010234
0 0.465735 0.440972 0.004934 0.008406
0 0.190241 0.172697 0.006031 0.009137
0 0.381716 0.728618 0.004112 0.005482
0 0.616091 0.681104 0.001919 0.007675
0 0.510417 0.594481 0.003838 0.006213
0 0.258498 0.813779 0.004386 0.006944
0 0.254660 0.803545 0.003838 0.007675
0 0.331552 0.717288 0.004660 0.006944
0 0.066338 0.570906 0.003838 0.006579
0 0.656661 0.456323 0.003564 0.006944
0 0.369792 0.294225 0.004934 0.007310
0 0.155428 0.168677 0.006579 0.008406
0 0.540433 0.733187 0.003564 0.006579
0 0.849781 0.690424 0.004386 0.007310
0 0.436404 0.633406 0.003838 0.008041
0 0.865269 0.260782 0.005208 0.007675
0 0.399123 0.591374 0.003289 0.005848
0 0.814282 0.605994 0.004660 0.007310
0 0.853755 0.693348 0.005208 0.008041
0 0.648438 0.384686 0.004112 0.005482
0 0.063185 0.562500 0.005757 0.008041
0 0.675439 0.603436 0.003838 0.007310
0 0.779605 0.659539 0.003838 0.006213
0 0.462171 0.597770 0.003289 0.006213
0 0.916941 0.329861 0.004386 0.006944
0 0.368695 0.797697 0.003838 0.005482
0 0.775219 0.653692 0.006031 0.013523
0 0.616776 0.711257 0.002741 0.005117
0 0.424890 0.609466 0.004386 0.006213
0 0.241639 0.663377 0.004112 0.007310
0 0.140488 0.179825 0.005208 0.007310
0 0.413514 0.652047 0.004112 0.007310
0 0.810581 0.498173 0.004934 0.008041
0 0.736294 0.783077 0.004386 0.008406
0 0.090461 0.555190 0.002741 0.007310
0 0.755894 0.503289 0.005208 0.006579
0 0.818531 0.607273 0.004934 0.006944
0 0.250137 0.376645 0.004112 0.006213
0 0.466420 0.794773 0.004660 0.006944
0 0.890899 0.564145 0.004934 0.006944
0 0.443531 0.247990 0.004934 0.006944
0 0.156798 0.652595 0.004386 0.006944
0 0.047834 0.423977 0.005208 0.006579
0 0.727659 0.764254 0.004112 0.006579
0 0.903235 0.478436 0.004934 0.008041
0 0.247259 0.164291 0.005482 0.008406
0 0.759868 0.855629 0.003838 0.007310
0 0.539748 0.824013 0.003838 0.005482
0 0.896245 0.572186 0.005757 0.008406
0 0.141310 0.170870 0.004660 0.006213
0 0.623492 0.239218 0.004112 0.005482
0 0.830592 0.515351 0.004386 0.006579
0 0.814145 0.489218 0.004934 0.006944
0 0.535910 0.519737 0.003838 0.007310
0 0.158032 0.155336 0.005208 0.006579
0 0.202303 0.188596 0.004934 0.006579
0 0.513706 0.512244 0.003838 0.006213
0 0.829496 0.916301 0.004386 0.007310
0 0.487664 0.659722 0.004386 0.007310
0 0.558114 0.369518 0.003289 0.005848
0 0.738761 0.778874 0.004934 0.007310
0 0.492462 0.686404 0.004112 0.005848
0 0.389391 0.224415 0.004112 0.007310
0 0.469161 0.794956 0.003564 0.007310
0 0.657621 0.761696 0.004386 0.008772
0 0.498218 0.487939 0.003564 0.006579
0 0.431058 0.725329 0.003564 0.006944
0 0.522341 0.479532 0.003015 0.004386
0 0.529605 0.472770 0.003289 0.004751
0 0.436266 0.522478 0.004112 0.006944
0 0.309211 0.895102 0.004386 0.008041
0 0.076206 0.219298 0.006031 0.010234
0 0.379249 0.185490 0.004660 0.007675
0 0.445312 0.473684 0.004112 0.005848
0 0.543174 0.821820 0.004660 0.003289
0 0.456552 0.225329 0.005208 0.007675
0 0.720532 0.745614 0.003564 0.006579
0 0.542489 0.838450 0.003289 0.004386
0 0.509046 0.611294 0.005482 0.008406
0 0.723821 0.765899 0.005757 0.014254
0 0.488350 0.286732 0.005208 0.007675
0 0.675850 0.705409 0.004660 0.003655
0 0.680784 0.687135 0.003564 0.005117
0 0.486020 0.668677 0.003289 0.005482
0 0.414474 0.313962 0.004386 0.007310
0 0.303728 0.290205 0.004934 0.006579
0 0.445038 0.219846 0.004660 0.007675
0 0.361294 0.294773 0.004386 0.006944
0 0.718887 0.604898 0.003564 0.004386
0 0.436404 0.316886 0.003838 0.008041
0 0.602659 0.710161 0.003015 0.005117
0 0.485334 0.263158 0.004660 0.006579
0 0.707922 0.540022 0.004660 0.006944
0 0.801398 0.479715 0.004660 0.006944
0 0.940515 0.611659 0.004934 0.007675
0 0.821546 0.494883 0.006031 0.006579
0 0.246711 0.198282 0.004934 0.007675
0 0.653372 0.387244 0.003015 0.004020
0 0.332648 0.850694 0.005757 0.008406
0 0.882950 0.387244 0.004934 0.006213
0 0.396107 0.824013 0.004386 0.004751
0 0.916255 0.523026 0.004660 0.006579
0 0.575247 0.345943 0.004660 0.005482
0 0.570724 0.541484 0.003838 0.006944
0 0.339912 0.523209 0.003838 0.006213
0 0.854167 0.331689 0.004386 0.006213
0 0.152961 0.666849 0.004386 0.006213
0 0.633361 0.539291 0.004112 0.009137
0 0.073328 0.561221 0.004660 0.007675
0 0.835115 0.518092 0.004112 0.005482
0 0.703536 0.546235 0.001919 0.005482
0 0.783991 0.658260 0.004934 0.006579
0 0.307703 0.002193 0.005757 0.002193
0 0.331826 0.848319 0.003015 0.004386
0 0.807840 0.483735 0.003289 0.004020
0 0.545641 0.560124 0.004112 0.006944
0 0.374452 0.788743 0.005482 0.008041
0 0.197094 0.608370 0.003838 0.004751
0 0.502467 0.492873 0.004386 0.006213
0 0.523300 0.362208 0.003289 0.005117
0 0.904057 0.662281 0.003838 0.005848
0 0.529057 0.508772 0.002741 0.005848
0 0.906935 0.485015 0.004660 0.006579
0 0.868147 0.394189 0.004934 0.008406
0 0.366502 0.288925 0.003838 0.006213
0 0.406935 0.281433 0.004112 0.008041
0 0.703947 0.543860 0.002193 0.010234
0 0.796190 0.453582 0.004660 0.007310
0 0.671327 0.631579 0.004386 0.007310
0 0.591557 0.459795 0.004386 0.007310
0 0.550439 0.684759 0.004386 0.006944
0 0.303317 0.305007 0.007401 0.007675
0 0.879386 0.732091 0.002193 0.013889
0 0.585252 0.446272 0.004386 0.005848
0 0.230263 0.286550 0.007675 0.007310
0 0.840323 0.520102 0.004660 0.006579
0 0.809896 0.490497 0.004112 0.004386
0 0.817571 0.498355 0.005208 0.007675
0 0.534677 0.471491 0.007950 0.003655
0 0.824424 0.890899 0.005208 0.009137
0 0.233004 0.933114 0.005482 0.005117
0 0.485609 0.285453 0.005757 0.009503
0 0.590323 0.751827 0.003564 0.005848
0 0.821683 0.615132 0.006853 0.008041
0 0.354852 0.197003 0.004112 0.009503
0 0.840049 0.706323 0.004660 0.004751
0 0.217791 0.693896 0.004112 0.008406
0 0.843065 0.512244 0.004660 0.006944
0 0.558114 0.593750 0.002741 0.004751
0 0.364583 0.526681 0.003289 0.005848
0 0.369655 0.744152 0.004660 0.007310
0 0.551398 0.586988 0.005208 0.002193
0 0.826617 0.672149 0.006305 0.010965
0 0.354578 0.478436 0.003564 0.006579
0 0.364172 0.644920 0.003564 0.006213
0 0.328125 0.851974 0.003289 0.005117
0 0.908032 0.387610 0.004112 0.006213
0 0.729852 0.602156 0.004112 0.006944
0 0.032895 0.916667 0.004934 0.008041
0 0.903646 0.201023 0.005757 0.008041
0 0.393640 0.546966 0.004386 0.006944
0 0.774945 0.650950 0.004934 0.007310
0 0.515488 0.760965 0.003564 0.005848
0 0.611568 0.383955 0.003289 0.004751
0 0.551809 0.562135 0.003838 0.006579
0 0.641036 0.595395 0.003564 0.005848
0 0.388569 0.393275 0.004112 0.006579
0 0.462171 0.876645 0.005482 0.009137
0 0.253152 0.183845 0.004112 0.007310
0 0.338130 0.527230 0.003015 0.004020
0 0.502878 0.486111 0.003564 0.004386
0 0.394189 0.225694 0.004386 0.006944
0 0.880482 0.591374 0.003289 0.006579
0 0.606086 0.469846 0.004386 0.001827
0 0.656250 0.588268 0.003838 0.003289
0 0.359375 0.504386 0.003838 0.005848
0 0.355126 0.643823 0.004112 0.006213
0 0.902961 0.679825 0.003838 0.005848
0 0.524945 0.830227 0.002741 0.006944
0 0.618969 0.206140 0.004934 0.008041
0 0.488213 0.672332 0.002741 0.004020
0 0.382264 0.325110 0.004112 0.006944
0 0.844161 0.427632 0.005208 0.010234
0 0.240954 0.675256 0.004934 0.006944
0 0.178728 0.661732 0.003289 0.006213
0 0.173246 0.286001 0.004386 0.007675
0 0.824698 0.677632 0.005757 0.006579
0 0.506853 0.595029 0.003838 0.006579
0 0.229441 0.292763 0.004934 0.007310
0 0.522889 0.462537 0.005757 0.007675
0 0.733004 0.489218 0.003838 0.006944
0 0.510143 0.357091 0.004386 0.005117
0 0.548520 0.561221 0.002741 0.006213
0 0.560718 0.376827 0.003564 0.005117
0 0.943942 0.471674 0.005208 0.004020
0 0.205592 0.642909 0.004386 0.007310
0 0.400768 0.325841 0.003838 0.008406
0 0.226151 0.471491 0.006031 0.003655
0 0.526864 0.829678 0.000548 0.008041
0 0.849370 0.850512 0.004112 0.007310
0 0.404742 0.493787 0.004112 0.006579
0 0.094435 0.741045 0.003564 0.006213
0 0.321135 0.328765 0.005757 0.009137
0 0.215872 0.608370 0.004660 0.004751
0 0.524397 0.542215 0.003289 0.005482
0 0.476425 0.388706 0.003838 0.006213
0 0.430510 0.704130 0.004112 0.002558
0 0.411870 0.431835 0.008498 0.006944
0 0.241091 0.813962 0.004660 0.008772
0 0.359238 0.479167 0.003015 0.005117
0 0.520011 0.470029 0.003838 0.002193
0 0.508224 0.285270 0.006031 0.009137
0 0.163514 0.166667 0.005757 0.008041
0 0.228344 0.744883 0.004934 0.004386
0 0.576891 0.644371 0.004112 0.005848
0 0.842928 0.742690 0.004934 0.007310
0 0.178180 0.656981 0.002741 0.005482
0 0.362527 0.092288 0.011239 0.015716
0 0.374863 0.791484 0.011239 0.013523
0 0.406661 0.256396 0.004660 0.008406
0 0.227659 0.933114 0.005208 0.005117
0 0.875274 0.268458 0.003838 0.012061
0 0.944627 0.603984 0.004934 0.005482
0 0.501234 0.414474 0.005208 0.008772
0 0.147889 0.807566 0.007950 0.010599
0 0.485746 0.365314 0.004386 0.006213
0 0.571957 0.589181 0.004112 0.004386
0 0.431880 0.625914 0.003564 0.006213
0 0.830455 0.605263 0.005208 0.005848
0 0.816749 0.897478 0.003564 0.005482
0 0.400768 0.222588 0.006031 0.007310
0 0.726288 0.765716 0.009046 0.014620
0 0.662281 0.766447 0.007127 0.011696