0 0.923657 0.860380 0.010691 0.014620
0 0.053591 0.731177 0.012336 0.018640
0 0.930373 0.652047 0.010965 0.019006
0 0.129249 0.607091 0.011787 0.013889
0 0.267955 0.824561 0.004660 0.005848
0 0.577303 0.813048 0.007675 0.009868
0 0.001645 0.741411 0.001645 0.010599
0 0.464912 0.285819 0.012061 0.015351
0 0.094846 0.393640 0.007127 0.013158
0 0.361157 0.644737 0.005757 0.010234
0 0.019189 0.657346 0.015899 0.017909
0 0.042900 0.483370 0.011787 0.012061
0 0.958470 0.659357 0.009594 0.018275
0 0.776864 0.752558 0.006579 0.010234
0 0.683114 0.925439 0.007675 0.012427
0 0.687637 0.354532 0.005208 0.003655
0 0.002604 0.919408 0.002467 0.020833
0 0.773300 0.799525 0.006579 0.010599
0 0.093750 0.832602 0.006031 0.013889
0 0.532209 0.330227 0.005757 0.008406
0 0.135691 0.823282 0.012610 0.004751
0 0.529742 0.831689 0.003564 0.012061
0 0.188871 0.415753 0.009868 0.011330
0 0.022204 0.712719 0.008224 0.010965
0 0.145833 0.302814 0.009320 0.014254
0 0.819079 0.558845 0.006579 0.008041
0 0.646107 0.327485 0.004934 0.006579
0 0.002878 0.731177 0.003015 0.014254
0 0.102248 0.574927 0.007675 0.010965
0 0.009320 0.677814 0.009320 0.017178
0 0.905428 0.627193 0.007127 0.011696
0 0.341694 0.369152 0.006305 0.008772
0 0.007264 0.821820 0.007401 0.003289
0 0.092654 0.724050 0.004934 0.014620
0 0.113761 0.705958 0.014254 0.004020
0 0.528509 0.335344 0.002193 0.008406
0 0.275356 0.201754 0.012336 0.025585
0 0.016859 0.826937 0.011787 0.008406
0 0.200521 0.597222 0.009046 0.012427
0 0.265351 0.498538 0.002193 0.015351
0 0.002878 0.297332 0.003015 0.017909
0 0.336212 0.609649 0.009046 0.016082
0 0.004386 0.339364 0.004386 0.010599
0 0.316338 0.735928 0.008772 0.008406
0 0.349781 0.623173 0.002193 0.012427
0 0.029742 0.562683 0.010691 0.014985
0 0.851288 0.331323 0.005757 0.011330
0 0.727385 0.861659 0.007401 0.009868
0 0.524397 0.763706 0.003838 0.005482
0 0.081140 0.498904 0.011513 0.015351
0 0.417489 0.532346 0.003838 0.006213
0 0.442023 0.247807 0.003564 0.009503
0 0.181058 0.409722 0.005757 0.021199
0 0.148986 0.633955 0.010691 0.017909
0 0.571272 0.401681 0.004934 0.007310
0 0.138432 0.409357 0.015899 0.016813
0 0.919956 0.374269 0.010417 0.014620
0 0.508635 0.639437 0.005208 0.005482
0 0.886924 0.243787 0.003564 0.004386
0 0.245066 0.319262 0.019189 0.033991
0 0.368832 0.726425 0.005757 0.014985
0 0.615132 0.260782 0.001096 0.012792
0 0.022752 0.832054 0.008224 0.009868
0 0.689693 0.779971 0.008224 0.015351
0 0.298794 0.409539 0.005482 0.006944
0 0.229441 0.224598 0.013706 0.018640
0 0.082648 0.527595 0.009046 0.010599
0 0.527412 0.755117 0.001096 0.006579
0 0.227248 0.323830 0.007675 0.024123
0 0.004386 0.543494 0.004386 0.018275
0 0.707648 0.857822 0.005757 0.015351
0 0.521793 0.765899 0.004660 0.005482
0 0.045230 0.387061 0.015351 0.028509
0 0.085252 0.918129 0.003838 0.019006
0 0.090598 0.633955 0.003015 0.016447
0 0.067023 0.529240 0.012336 0.013158
0 0.305784 0.221126 0.022204 0.025585
0 0.955592 0.737573 0.018640 0.035819
0 0.310718 0.424708 0.007401 0.010965
0 0.330729 0.797880 0.007401 0.013158
0 0.227933 0.616776 0.010691 0.016447
0 0.009457 0.607822 0.009594 0.016813
0 0.841694 0.929825 0.010143 0.010965
0 0.267133 0.921784 0.004112 0.013889
0 0.485334 0.255117 0.005757 0.008041
0 0.277549 0.198648 0.011239 0.017909
0 0.319764 0.470760 0.005208 0.002924
0 0.369106 0.363852 0.005757 0.012061
0 0.073328 0.845577 0.011787 0.014985
0 0.648163 0.711075 0.005208 0.009137
0 0.729441 0.732822 0.005482 0.006579
0 0.705729 0.859649 0.004112 0.012427
0 0.458059 0.245614 0.005482 0.008041
0 0.914062 0.642361 0.009594 0.019371
0 0.204770 0.487756 0.010417 0.013523
0 0.228070 0.239035 0.011513 0.005117
0 0.194216 0.497624 0.010143 0.015716
0 0.176946 0.903874 0.001371 0.008041
0 0.707785 0.323465 0.006031 0.013158
0 0.952303 0.658077 0.020285 0.018640
0 0.004249 0.538925 0.004112 0.009868
0 0.873766 0.160636 0.003564 0.006944
0 0.666804 0.684576 0.012884 0.018275
0 0.695998 0.719846 0.011513 0.017909
0 0.171738 0.430738 0.007401 0.025219
0 0.890214 0.243604 0.003015 0.004020
0 0.957785 0.725694 0.013158 0.021564
0 0.833607 0.127193 0.003289 0.004386
0 0.863350 0.204313 0.004112 0.006579
0 0.874863 0.808845 0.004660 0.015351
0 0.436266 0.659722 0.004112 0.009503
0 0.686952 0.353618 0.006031 0.002558
0 0.657621 0.695175 0.016996 0.013158
0 0.659265 0.189876 0.004386 0.009137
0 0.893366 0.398392 0.008224 0.017544
0 0.186815 0.240497 0.011239 0.006579
0 0.477522 0.257493 0.002741 0.005482
0 0.805236 0.631031 0.008498 0.011330
0 0.186952 0.228618 0.011513 0.010599
0 0.666941 0.326389 0.004386 0.006579
0 0.598821 0.619152 0.004660 0.009503
0 0.864857 0.438779 0.004934 0.006944
0 0.136924 0.603253 0.007401 0.017178
0 0.496436 0.158077 0.003838 0.006213
0 0.000685 0.741228 0.000822 0.023392
0 0.113487 0.301352 0.014254 0.028874
0 0.947780 0.579861 0.013980 0.009137
0 0.723410 0.245431 0.006031 0.010599
0 0.002741 0.689327 0.002741 0.012427
0 0.152549 0.668860 0.008498 0.010965
0 0.138569 0.419408 0.016173 0.030336
0 0.241228 0.238304 0.015351 0.004386
0 0.892133 0.908077 0.007401 0.009137
0 0.525356 0.599415 0.001919 0.014620
0 0.704359 0.843385 0.002467 0.012061
0 0.286732 0.470212 0.008772 0.002558
0 0.173931 0.228070 0.003015 0.011696
0 0.431195 0.260234 0.008772 0.010234
0 0.242325 0.226425 0.013158 0.014985
0 0.879523 0.811586 0.002467 0.009868
0 0.215049 0.456689 0.006305 0.006944
0 0.699561 0.716740 0.003838 0.010965
0 0.430099 0.809028 0.005482 0.006944
0 0.486020 0.328399 0.004934 0.006213
0 0.851425 0.811769 0.012610 0.013889
0 0.671053 0.682018 0.010965 0.014620
0 0.152275 0.545322 0.011787 0.014620
0 0.190515 0.588633 0.006579 0.004020
0 0.703947 0.405336 0.002193 0.009503
0 0.032895 0.828034 0.013706 0.009137
0 0.084430 0.625365 0.006579 0.015351
0 0.708745 0.653509 0.006853 0.010234
0 0.150768 0.607273 0.006031 0.006944