0 0.340826 0.510143 0.014985 0.015351
0 0.293129 0.275630 0.013889 0.012336
0 0.127010 0.077851 0.009868 0.012610
0 0.300804 0.378564 0.012427 0.010417
0 0.779057 0.274534 0.009868 0.007950
0 0.337902 0.151042 0.008406 0.009868
0 0.383772 0.158991 0.015351 0.012610
0 0.338633 0.228344 0.009137 0.011513
0 0.409357 0.294545 0.007310 0.007950
0 0.409539 0.165570 0.012792 0.015899
0 0.357456 0.505071 0.006579 0.011787
0 0.385234 0.398986 0.016082 0.013980
0 0.781067 0.252056 0.013158 0.011787
0 0.491959 0.830866 0.013889 0.009868
0 0.327668 0.083607 0.011330 0.007675
0 0.032895 0.133361 0.008772 0.010143
0 0.211440 0.794408 0.014254 0.004934
0 0.560673 0.040981 0.016813 0.016721
0 0.188779 0.151453 0.009868 0.009046
0 0.615314 0.014117 0.012061 0.009046
0 0.522661 0.249041 0.011696 0.010691
0 0.100694 0.551261 0.011330 0.008224
0 0.270651 0.293174 0.014985 0.009594
0 0.289839 0.161732 0.010234 0.008224
0 0.218202 0.273986 0.009503 0.010691
0 0.463816 0.065515 0.008041 0.008224
0 0.375914 0.684759 0.009868 0.008224
0 0.357639 0.538377 0.006944 0.008224
0 0.385782 0.167489 0.011330 0.007675
0 0.056652 0.832922 0.011696 0.008498
0 0.159539 0.812637 0.009137 0.007950
0 0.470760 0.019600 0.002924 0.006305
0 0.491045 0.503564 0.012792 0.008224
0 0.133772 0.427357 0.016813 0.010417
0 0.598136 0.101974 0.008406 0.013158
0 0.347953 0.504797 0.005848 0.011239
0 0.481542 0.502330 0.012792 0.007401
0 0.329130 0.617873 0.013523 0.003838
0 0.535270 0.246436 0.012061 0.008772
0 0.157529 0.028646 0.008041 0.007401
0 0.586440 0.018640 0.001827 0.008224
0 0.404057 0.218476 0.014254 0.013158
0 0.646382 0.272478 0.006944 0.008772
0 0.534539 0.422834 0.015716 0.014529
0 0.755117 0.142818 0.011696 0.009320
0 0.596491 0.252604 0.011696 0.012884
0 0.607822 0.602659 0.009503 0.010691
0 0.618421 0.285088 0.008772 0.005482
0 0.533260 0.409402 0.020468 0.013980
0 0.411732 0.398712 0.009137 0.009594
0 0.593019 0.522067 0.008406 0.005757
0 0.287646 0.542489 0.007310 0.005482
0 0.100329 0.475466 0.009137 0.006305
0 0.522113 0.407484 0.012061 0.015077
0 0.601060 0.099644 0.009868 0.009594
0 0.281981 0.253015 0.008406 0.008772
0 0.194262 0.766859 0.017909 0.016173
0 0.888341 0.376096 0.012792 0.010417
0 0.540387 0.266447 0.012061 0.003289
0 0.265899 0.910225 0.012061 0.011239
0 0.721308 0.814282 0.009137 0.005208
0 0.432566 0.079221 0.009868 0.009320
0 0.209978 0.787007 0.013523 0.004934
0 0.550804 0.250685 0.007310 0.010143
0 0.679276 0.357867 0.009137 0.006853
0 0.499452 0.553728 0.008406 0.007127
0 0.420870 0.837171 0.015716 0.015899
0 0.668494 0.404605 0.010234 0.006031
0 0.901499 0.360060 0.012061 0.009046
0 0.198282 0.769600 0.012792 0.011239
0 0.060490 0.184348 0.007675 0.006853
0 0.196455 0.741639 0.009868 0.009046
0 0.396930 0.058662 0.007310 0.006579
0 0.933845 0.912281 0.003655 0.009868
0 0.675804 0.579359 0.016813 0.014529
0 0.228070 0.589090 0.007310 0.006579
0 0.588450 0.847588 0.003655 0.013706
0 0.297880 0.276864 0.009503 0.008772
0 0.591374 0.003152 0.006579 0.003015
0 0.622990 0.921190 0.007675 0.008498
0 0.306652 0.616091 0.007310 0.001919
0 0.859649 0.617873 0.007310 0.003838
0 0.242873 0.208607 0.009137 0.007127
0 0.597039 0.015214 0.007675 0.006305
0 0.215095 0.795504 0.008406 0.006031
0 0.841740 0.358004 0.008772 0.007127
0 0.037646 0.833882 0.013889 0.015351
0 0.044225 0.814008 0.011696 0.009594
0 0.867325 0.447643 0.012427 0.006579
0 0.329130 0.138158 0.005482 0.005482
0 0.474598 0.250548 0.006944 0.006031
0 0.826754 0.704496 0.005848 0.002741
0 0.456506 0.067160 0.006579 0.007675
0 0.260234 0.598821 0.008041 0.006853
0 0.113670 0.633635 0.006579 0.009046
0 0.515351 0.403098 0.014620 0.012884
0 0.201937 0.767544 0.005482 0.004934
0 0.703216 0.720806 0.001462 0.006305
0 0.779057 0.355811 0.009137 0.004934
0 0.637610 0.223547 0.006213 0.005757
0 0.230811 0.287555 0.005482 0.009868
0 0.545687 0.327577 0.010965 0.008224
0 0.125731 0.206003 0.008772 0.005208
0 0.347222 0.670230 0.006579 0.008772
0 0.900768 0.363350 0.009868 0.008498
0 0.514254 0.607456 0.004386 0.004934
0 0.140716 0.516584 0.014620 0.007950
0 0.864583 0.445175 0.017178 0.006579
0 0.496711 0.527823 0.006579 0.001371
0 0.703947 0.712308 0.002193 0.009046
0 0.453034 0.067845 0.013523 0.010691
0 0.499269 0.508498 0.012427 0.010417
0 0.603984 0.602933 0.015716 0.012336
0 0.035453 0.829221 0.016813 0.007675
0 0.489583 0.527961 0.007675 0.001645
0 0.621893 0.240132 0.012061 0.010417
0 0.820358 0.849507 0.001827 0.005482
0 0.384868 0.803317 0.011696 0.009594
0 0.080227 0.550027 0.009137 0.005757
0 0.688231 0.680510 0.008041 0.006853
0 0.408077 0.475877 0.011330 0.010417
0 0.388523 0.166255 0.005848 0.005757
0 0.764620 0.465461 0.016082 0.014254
0 0.415753 0.462308 0.012792 0.015625
0 0.353801 0.358004 0.002924 0.007127
0 0.601060 0.554276 0.007675 0.004934
0 0.654788 0.206277 0.009137 0.006853
0 0.781067 0.890488 0.005848 0.005757
0 0.384137 0.748904 0.012427 0.010417
0 0.250731 0.757675 0.016813 0.016996
0 0.646747 0.002056 0.012792 0.001919
0 0.932566 0.909265 0.005482 0.006031
0 0.540570 0.918311 0.008041 0.004386
0 0.502010 0.836486 0.009137 0.010143
0 0.570541 0.692023 0.010234 0.009594
0 0.035270 0.101425 0.007675 0.009868
0 0.260234 0.688871 0.010965 0.010417
0 0.090461 0.327577 0.010599 0.008772
0 0.389072 0.056195 0.009868 0.015351
0 0.805190 0.094161 0.003655 0.004112
0 0.341557 0.608004 0.007675 0.008224
0 0.582054 0.382264 0.005482 0.013980
0 0.322186 0.618969 0.006944 0.004934
0 0.339730 0.619106 0.014985 0.005208
0 0.230629 0.291530 0.006579 0.016721
0 0.083516 0.150493 0.012061 0.010417
0 0.119152 0.078536 0.002193 0.010143
0 0.334795 0.617188 0.005848 0.003015
0 0.265716 0.796464 0.016813 0.006853
0 0.530154 0.363350 0.010599 0.009046
0 0.776499 0.357319 0.010599 0.006305
0 0.002193 0.374041 0.002193 0.007950
0 0.754386 0.465461 0.011696 0.010417
0 0.288925 0.254112 0.012061 0.012061
0 0.905336 0.920367 0.009503 0.007401
0 0.215826 0.288240 0.015716 0.011787
0 0.631213 0.207100 0.008772 0.006853
0 0.087902 0.328810 0.014985 0.011787
0 0.688962 0.386924 0.005848 0.004112
0 0.934759 0.913925 0.001827 0.013158
0 0.582237 0.022752 0.005117 0.015899
0 0.378655 0.285225 0.005117 0.004660
0 0.285636 0.543448 0.012792 0.008498
0 0.394189 0.056332 0.009868 0.010691
0 0.102156 0.552357 0.017909 0.012610
0 0.209430 0.808662 0.003655 0.004386
0 0.622624 0.954633 0.006213 0.006305
0 0.348319 0.615817 0.005117 0.001919
0 0.880117 0.904742 0.008772 0.009594
0 0.310673 0.282484 0.006579 0.005757
0 0.641996 0.556606 0.007675 0.006305
0 0.843385 0.348684 0.008406 0.003838
0 0.691520 0.586760 0.013158 0.012884
0 0.658260 0.662829 0.006579 0.006579
0 0.592105 0.308799 0.007310 0.012336
0 0.281250 0.161047 0.009137 0.007950
0 0.391265 0.878975 0.009137 0.001919
0 0.587902 0.578536 0.003289 0.010143
0 0.198282 0.801535 0.008406 0.012061
0 0.250000 0.178591 0.009503 0.003015
0 0.447734 0.671738 0.010965 0.009046
0 0.393092 0.076343 0.006944 0.006853
0 0.307383 0.269737 0.007310 0.005482
0 0.212171 0.717516 0.012061 0.011239
0 0.670322 0.288514 0.007310 0.007401
0 0.581689 0.771930 0.005482 0.012061
0 0.451023 0.703399 0.007310 0.001645
0 0.586440 0.523026 0.001827 0.006031
0 0.114949 0.778509 0.004020 0.006579
0 0.424708 0.832785 0.012427 0.007675