0 0.044591 0.454907 0.011696 0.009594
0 0.569627 0.728207 0.014254 0.011787
0 0.579496 0.731497 0.010599 0.011787
0 0.101608 0.718613 0.011696 0.010691
0 0.052449 0.536458 0.011330 0.008772
0 0.810490 0.627604 0.014254 0.009594
0 0.087354 0.718750 0.012427 0.008772
0 0.890168 0.156387 0.013523 0.010691
0 0.598867 0.181469 0.008406 0.006031
0 0.334795 0.836212 0.013889 0.012336
0 0.754934 0.550302 0.012061 0.010143
0 0.401681 0.667352 0.013158 0.011239
0 0.738487 0.191475 0.011330 0.009046
0 0.371711 0.475329 0.011696 0.009320
0 0.344846 0.839775 0.011330 0.011787
0 0.094481 0.725740 0.011330 0.009594
0 0.544042 0.588268 0.015716 0.012061
0 0.849598 0.125000 0.012792 0.010417
0 0.345212 0.719161 0.009137 0.010143
0 0.345395 0.897478 0.010234 0.014254
0 0.087537 0.621573 0.013523 0.007401
0 0.421966 0.586075 0.012792 0.010417
0 0.800256 0.640762 0.012061 0.009594
0 0.330227 0.895696 0.014985 0.011787
0 0.438779 0.389940 0.013523 0.010691
0 0.076389 0.447780 0.009503 0.006305
0 0.536184 0.596765 0.013889 0.011513
0 0.496345 0.132401 0.011696 0.009868
0 0.332054 0.721628 0.012792 0.009594
0 0.868787 0.721628 0.008041 0.007950
0 0.098867 0.372259 0.009868 0.007675
0 0.331871 0.844572 0.013889 0.010965
0 0.569993 0.669956 0.013523 0.012061
0 0.796418 0.575247 0.011696 0.010143
0 0.570175 0.583882 0.006579 0.009868
0 0.803180 0.267955 0.012061 0.004660
0 0.255482 0.287281 0.008041 0.009320
0 0.356725 0.578536 0.005848 0.009046
0 0.592836 0.372259 0.008041 0.007127
0 0.845029 0.161458 0.010234 0.008224
0 0.260417 0.639391 0.009137 0.008498
0 0.336075 0.755482 0.014254 0.011513
0 0.200841 0.467516 0.009868 0.007950
0 0.782164 0.136924 0.011696 0.010143
0 0.589912 0.570312 0.005117 0.011787
0 0.105811 0.723410 0.011330 0.009320
0 0.547515 0.604441 0.016082 0.013706
0 0.693713 0.287144 0.010965 0.009046
0 0.249817 0.192982 0.009137 0.008224
0 0.472953 0.238076 0.005117 0.007950
0 0.404605 0.682566 0.011696 0.009868
0 0.252376 0.636787 0.009868 0.007675
0 0.265716 0.381579 0.010234 0.009320
0 0.783808 0.565378 0.013523 0.009594
0 0.112939 0.724918 0.008041 0.010143
0 0.794773 0.608827 0.014254 0.010417
0 0.270102 0.640488 0.010965 0.009046
0 0.550987 0.248492 0.008406 0.007401
0 0.881213 0.278372 0.009503 0.008498
0 0.087902 0.450110 0.009137 0.005482
0 0.214730 0.432703 0.012061 0.009594
0 0.686586 0.134731 0.012061 0.009594
0 0.112756 0.359238 0.007675 0.007950
0 0.359101 0.474918 0.008406 0.009594
0 0.620614 0.253838 0.008772 0.007127
0 0.857091 0.720532 0.008041 0.007950
0 0.504203 0.139254 0.011330 0.009868
0 0.033808 0.259594 0.012061 0.007127
0 0.132858 0.293723 0.006944 0.007401
0 0.792215 0.139391 0.012061 0.010143
0 0.679642 0.229304 0.009868 0.007950
0 0.558662 0.500548 0.011330 0.010417
0 0.858918 0.698191 0.012427 0.007127
0 0.689327 0.125959 0.010234 0.007950
0 0.576572 0.738076 0.013523 0.010143
0 0.605629 0.201617 0.008772 0.009046
0 0.185673 0.180921 0.008772 0.005482
0 0.446820 0.412007 0.012792 0.008772
0 0.314145 0.375822 0.009137 0.007127
0 0.305007 0.310581 0.009137 0.008224
0 0.112025 0.311815 0.009137 0.007950
0 0.323282 0.760143 0.016447 0.011513
0 0.888889 0.278235 0.008041 0.008224
0 0.760417 0.303728 0.011330 0.009320
0 0.247990 0.309348 0.010599 0.008498
0 0.626645 0.556606 0.014254 0.010691
0 0.219664 0.516859 0.010965 0.007401
0 0.753655 0.428454 0.008041 0.009320
0 0.126096 0.369518 0.008772 0.007127
0 0.855446 0.518229 0.009137 0.007950
0 0.744700 0.288377 0.010599 0.008772
0 0.665570 0.501096 0.011696 0.010417
0 0.018275 0.256579 0.012427 0.008772
0 0.771564 0.210252 0.010965 0.008224
0 0.273209 0.274945 0.007675 0.006579
0 0.422697 0.401590 0.014985 0.010965
0 0.605080 0.511239 0.013523 0.010417
0 0.670322 0.492462 0.013158 0.008498
0 0.891630 0.553043 0.008406 0.006853
0 0.352339 0.898575 0.001462 0.014803
0 0.556469 0.671327 0.014985 0.010965
0 0.670139 0.223273 0.009137 0.007950
0 0.590643 0.483141 0.005848 0.010143
0 0.140899 0.293448 0.009868 0.006853
0 0.286732 0.496985 0.009868 0.007675
0 0.054094 0.426398 0.011696 0.008498
0 0.242690 0.297286 0.008772 0.008498
0 0.836623 0.291118 0.010965 0.008224
0 0.618421 0.082511 0.011696 0.010417
0 0.255665 0.183799 0.011330 0.007950
0 0.558480 0.249315 0.008772 0.007950
0 0.600877 0.500548 0.015351 0.010417
0 0.588633 0.247807 0.004020 0.007127
0 0.296053 0.736568 0.013158 0.009868
0 0.931287 0.185855 0.007310 0.010417
0 0.364949 0.468339 0.012792 0.010691
0 0.861294 0.712308 0.010599 0.008498
0 0.082785 0.372944 0.010599 0.007950
0 0.390351 0.668723 0.010234 0.009046
0 0.257675 0.226837 0.008041 0.007950
0 0.500365 0.550164 0.008772 0.007127
0 0.499086 0.291393 0.009137 0.006579
0 0.879020 0.136376 0.012427 0.009046
0 0.602339 0.362939 0.008772 0.006579
0 0.925987 0.315241 0.011330 0.008772
0 0.795139 0.253152 0.014985 0.010143
0 0.306104 0.729715 0.011330 0.009868
0 0.773757 0.143914 0.010965 0.009868
0 0.625183 0.564145 0.014254 0.009868
0 0.545504 0.491913 0.012792 0.010143
0 0.376096 0.361842 0.008041 0.007127
0 0.364949 0.580181 0.011330 0.007950
0 0.709613 0.466831 0.007675 0.008772
0 0.089912 0.367050 0.010965 0.008224
0 0.138158 0.409951 0.010965 0.006853
0 0.311221 0.368832 0.008406 0.006853
0 0.628655 0.249041 0.010965 0.008498
0 0.112939 0.408169 0.008041 0.007675
0 0.377193 0.591420 0.011696 0.009594
0 0.603801 0.370203 0.008772 0.006853
0 0.491411 0.548246 0.009137 0.007675
0 0.565789 0.102659 0.010965 0.009046
0 0.193531 0.185992 0.010599 0.007950
0 0.478801 0.279331 0.008772 0.006579
0 0.370797 0.714090 0.010599 0.009868
0 0.256213 0.427632 0.010965 0.007675
0 0.529605 0.406113 0.008041 0.006853
0 0.439145 0.404605 0.012792 0.008772
0 0.800987 0.619518 0.012792 0.005482
0 0.148392 0.404194 0.010965 0.007950
0 0.877193 0.475329 0.010965 0.007127
0 0.074013 0.403920 0.010599 0.007401
0 0.883955 0.487390 0.009868 0.007675
0 0.744335 0.531387 0.012792 0.005208
0 0.847222 0.513843 0.010234 0.008498
0 0.453582 0.369655 0.008772 0.006853
0 0.242690 0.179413 0.008772 0.004112
0 0.014985 0.298657 0.011696 0.007401
0 0.791118 0.627878 0.011330 0.007950
0 0.714181 0.143092 0.009503 0.007675
0 0.527412 0.092105 0.010965 0.004386
0 0.592288 0.733141 0.007675 0.012336
0 0.860197 0.505208 0.009868 0.008772
0 0.848319 0.205592 0.010234 0.008772
0 0.741594 0.234649 0.010965 0.009320
0 0.453582 0.375822 0.008041 0.006031
0 0.735015 0.532346 0.011696 0.006031
0 0.789291 0.473136 0.013523 0.008224
0 0.728070 0.191338 0.008772 0.007127
0 0.706689 0.137884 0.004751 0.007127
0 0.798611 0.148575 0.010965 0.007127
0 0.003838 0.270285 0.004020 0.007127
0 0.775585 0.371711 0.009503 0.007127
0 0.352339 0.741639 0.001462 0.010691
0 0.230629 0.196820 0.006579 0.007127
0 0.135965 0.239857 0.013158 0.009868
0 0.427632 0.385417 0.013158 0.011513
0 0.319993 0.362664 0.009868 0.006579
0 0.045322 0.228344 0.006579 0.008224
0 0.166118 0.405016 0.009868 0.007950
0 0.449196 0.344572 0.008772 0.008224
0 0.384137 0.675987 0.011696 0.009320
0 0.621893 0.281387 0.009868 0.007401
0 0.800621 0.331277 0.011330 0.008498
0 0.197368 0.433799 0.012427 0.007950
0 0.448099 0.336897 0.008772 0.007127
0 0.098319 0.425713 0.009503 0.007127
0 0.883772 0.235609 0.009503 0.009046
0 0.620797 0.222725 0.008406 0.006853
0 0.572368 0.678865 0.015351 0.010691
0 0.263889 0.607593 0.013158 0.012884
0 0.589912 0.658306 0.005117 0.011787
0 0.697368 0.569353 0.008772 0.009868
0 0.853801 0.532346 0.007310 0.006031
0 0.861111 0.455455 0.009503 0.006853
0 0.746345 0.171601 0.010965 0.007675
0 0.841923 0.259594 0.012061 0.007127
0 0.604532 0.172286 0.008041 0.006305
0 0.662098 0.343065 0.009868 0.007950
0 0.608918 0.278098 0.010234 0.007401
0 0.352339 0.839364 0.001462 0.013158
0 0.323465 0.254386 0.008041 0.007127
0 0.796053 0.568394 0.012427 0.009046
0 0.347039 0.645696 0.006944 0.010143
0 0.105811 0.424068 0.010599 0.008224
0 0.656798 0.347451 0.010965 0.006305
0 0.205775 0.383635 0.009503 0.008498
0 0.630117 0.286870 0.010234 0.007950
0 0.118421 0.359512 0.001462 0.008498
0 0.930921 0.333470 0.009503 0.007401
0 0.048611 0.542489 0.011696 0.008772
0 0.860746 0.533991 0.008041 0.006579
0 0.692434 0.544545 0.012061 0.009046
0 0.463268 0.228893 0.008406 0.006579
0 0.073099 0.396107 0.010965 0.007127
0 0.125914 0.478893 0.008406 0.006579
0 0.376462 0.630757 0.015351 0.010965
0 0.297515 0.298794 0.008041 0.007127
0 0.866228 0.247259 0.012427 0.008224
0 0.740863 0.206140 0.008041 0.007675
0 0.776499 0.466831 0.012061 0.008224
0 0.168129 0.344984 0.010965 0.006853
0 0.365863 0.588542 0.011696 0.009320
0 0.430190 0.410773 0.012427 0.010143
0 0.491228 0.288103 0.008041 0.006579
0 0.871711 0.256579 0.008041 0.006579
0 0.764072 0.215872 0.008406 0.005757
0 0.025768 0.260417 0.006213 0.005482
0 0.586988 0.574698 0.002193 0.009594
0 0.020285 0.224781 0.014254 0.009320
0 0.398757 0.677220 0.010234 0.009594
0 0.410636 0.398986 0.011330 0.009046
0 0.647661 0.232593 0.009503 0.007950
0 0.359466 0.873629 0.008406 0.007127
0 0.788194 0.211760 0.008406 0.007950
0 0.855263 0.460389 0.009503 0.007950
0 0.254386 0.271245 0.010965 0.007950
0 0.483553 0.226151 0.008041 0.006579
0 0.582054 0.367050 0.004751 0.006579
0 0.137427 0.373904 0.007310 0.006579
0 0.197917 0.388569 0.010599 0.009046
0 0.747624 0.422149 0.009868 0.007675
0 0.292398 0.514940 0.010965 0.010143
0 0.579861 0.493558 0.009868 0.009594
0 0.238304 0.415570 0.004386 0.007127
0 0.633589 0.108553 0.010599 0.008224
0 0.252010 0.343613 0.011330 0.007401
0 0.587719 0.731634 0.002924 0.012610
0 0.261696 0.630894 0.010234 0.007950
0 0.021382 0.280016 0.012061 0.007950
0 0.346308 0.740132 0.009137 0.013706
0 0.239949 0.530016 0.006213 0.003564
0 0.085892 0.728755 0.008772 0.008498
0 0.298794 0.502741 0.009137 0.008224
0 0.121345 0.470943 0.004386 0.007675
0 0.123538 0.209567 0.006579 0.007950
0 0.370249 0.313322 0.007310 0.005482
0 0.598501 0.492599 0.013523 0.009320
0 0.530885 0.517270 0.015716 0.011513
0 0.734832 0.271382 0.008406 0.007127
0 0.292032 0.356908 0.010234 0.006031
0 0.530519 0.418723 0.009137 0.006853
0 0.421053 0.596765 0.011696 0.009868
0 0.538743 0.123766 0.009503 0.008498
0 0.248538 0.184622 0.006579 0.005757
0 0.334430 0.331963 0.008041 0.006579
0 0.286915 0.653783 0.008772 0.008224
0 0.247990 0.426535 0.008406 0.008224
0 0.767361 0.531935 0.015716 0.005757
0 0.134868 0.490132 0.013158 0.013158
0 0.770833 0.130620 0.011696 0.007950
0 0.100512 0.378289 0.010234 0.006031
0 0.515351 0.081140 0.012427 0.010417
0 0.024123 0.355400 0.010965 0.004660
0 0.080227 0.330592 0.012792 0.012061
0 0.429276 0.275219 0.011330 0.007127
0 0.206323 0.347314 0.009868 0.007127
0 0.225877 0.180784 0.010234 0.005208
0 0.722039 0.191064 0.005482 0.004934
0 0.807383 0.169271 0.010965 0.010143
0 0.740680 0.179276 0.008406 0.003838
0 0.455409 0.327440 0.009503 0.007950
0 0.250183 0.631853 0.010599 0.006579
0 0.747807 0.248355 0.011696 0.009868
0 0.155519 0.958882 0.017178 0.010417
0 0.915753 0.179276 0.011330 0.003838
0 0.857639 0.481360 0.009868 0.008224
0 0.545504 0.502330 0.012061 0.009594
0 0.614218 0.306058 0.006944 0.006853
0 0.521747 0.362116 0.008406 0.006579
0 0.675439 0.136239 0.011696 0.008772
0 0.260417 0.314967 0.009137 0.007127
0 0.449561 0.354167 0.008772 0.003289
0 0.353984 0.446683 0.003289 0.007950
0 0.278874 0.455866 0.007310 0.007127
0 0.009686 0.292215 0.009868 0.006579
0 0.099598 0.622670 0.012792 0.005757
0 0.857822 0.448328 0.010234 0.007401
0 0.570175 0.334704 0.008772 0.006031
0 0.586075 0.486294 0.001096 0.007675
0 0.189876 0.212582 0.014254 0.015625
0 0.547515 0.122396 0.009503 0.009046
0 0.278692 0.387747 0.009137 0.007401
0 0.616594 0.205592 0.007310 0.006579
0 0.730994 0.184622 0.007310 0.005757
0 0.288560 0.320724 0.009137 0.006579
0 0.371711 0.459567 0.007310 0.007401
0 0.541484 0.523026 0.014254 0.006031
0 0.162463 0.410362 0.006944 0.007127
0 0.724050 0.294408 0.007310 0.006031
0 0.771016 0.165159 0.007675 0.008498
0 0.355811 0.338953 0.004751 0.007401
0 0.848867 0.271382 0.008406 0.005482
0 0.608918 0.337856 0.008772 0.007950
0 0.177814 0.186266 0.008406 0.005757
0 0.695541 0.473684 0.012427 0.010417
0 0.668311 0.336212 0.012061 0.009046
0 0.569810 0.085252 0.012427 0.004934
0 0.716557 0.236705 0.008406 0.006305
0 0.603070 0.090598 0.010965 0.003015
0 0.178180 0.226974 0.007675 0.006579
0 0.330044 0.403783 0.009503 0.007675
0 0.181652 0.327714 0.008041 0.006305
0 0.370066 0.305921 0.006944 0.005482
0 0.673977 0.398438 0.009503 0.007401
0 0.540570 0.106908 0.010234 0.008772
0 0.097588 0.617325 0.012427 0.003289
0 0.580044 0.332511 0.008041 0.007127
0 0.339912 0.748218 0.011696 0.008498
0 0.877741 0.128427 0.010599 0.009594
0 0.165570 0.338405 0.006579 0.006305
0 0.122259 0.364172 0.005482 0.006853
0 0.732091 0.178728 0.008772 0.003289
0 0.810307 0.641310 0.010234 0.009046
0 0.516082 0.344572 0.009503 0.006031
0 0.408260 0.391036 0.013889 0.007401
0 0.821820 0.344846 0.003289 0.006579
0 0.315789 0.386376 0.010234 0.006853
0 0.266996 0.634868 0.007675 0.006031
0 0.578399 0.486020 0.012061 0.008224
0 0.838816 0.241913 0.010965 0.008498
0 0.879569 0.538514 0.006213 0.005757
0 0.525219 0.297697 0.008041 0.006579
0 0.553545 0.490954 0.009868 0.008224
0 0.590643 0.145696 0.005848 0.008498
0 0.176901 0.191201 0.008772 0.005757
0 0.276316 0.189830 0.010234 0.006305
0 0.775768 0.474507 0.012792 0.008772
0 0.500183 0.334567 0.007675 0.006305
0 0.121893 0.750822 0.004751 0.007675
0 0.537281 0.404057 0.007310 0.007127
0 0.200292 0.182018 0.005848 0.006031
0 0.062500 0.410362 0.010965 0.008224
0 0.345395 0.339364 0.008041 0.007127
0 0.325475 0.384183 0.008406 0.006305
0 0.326389 0.390625 0.010234 0.006031
0 0.356542 0.587719 0.005482 0.008772
0 0.587719 0.497259 0.002924 0.019737
0 0.686586 0.304413 0.009137 0.006853
0 0.833699 0.235471 0.007310 0.007127
0 0.385599 0.374178 0.010234 0.008224
0 0.250000 0.648163 0.015351 0.006305
0 0.547515 0.339090 0.008041 0.006579
0 0.515716 0.359101 0.006579 0.006579
0 0.925073 0.411732 0.008041 0.006031
0 0.315607 0.248218 0.008406 0.005757
0 0.242873 0.259046 0.007675 0.006579
0 0.076389 0.341009 0.005848 0.006031
0 0.282895 0.357730 0.007310 0.006579
0 0.069079 0.448191 0.005848 0.005482
0 0.557749 0.102385 0.009503 0.010143
0 0.132858 0.472039 0.009137 0.007127
0 0.012975 0.307977 0.010599 0.011239
0 0.749269 0.778783 0.011696 0.010417
0 0.928728 0.279057 0.013158 0.010965
0 0.533443 0.295230 0.008406 0.006579
0 0.353801 0.257401 0.002924 0.005482
0 0.523392 0.142270 0.009503 0.007675
0 0.750183 0.477659 0.006944 0.006305
0 0.563048 0.277961 0.006944 0.005482
0 0.708882 0.564145 0.006944 0.009320
0 0.898757 0.548794 0.009503 0.006579
0 0.195541 0.268503 0.008772 0.005208
0 0.259686 0.435170 0.009137 0.006305
0 0.005117 0.298246 0.005117 0.008772
0 0.297149 0.504386 0.013889 0.012061
0 0.787281 0.466283 0.008041 0.006031
0 0.815058 0.250822 0.005848 0.008224
0 0.497807 0.274260 0.007310 0.005757
0 0.446455 0.376234 0.007675 0.006305
0 0.282895 0.442297 0.015351 0.003564
0 0.499452 0.254934 0.007675 0.005482
0 0.464181 0.334156 0.006579 0.006579
0 0.355811 0.825384 0.004751 0.009320
0 0.199196 0.448876 0.008772 0.005757
0 0.453399 0.224370 0.006944 0.005757
0 0.308845 0.246299 0.008772 0.007950
0 0.554094 0.286184 0.005848 0.004934
0 0.280519 0.205455 0.009868 0.007401
0 0.553363 0.266447 0.008041 0.003289
0 0.070541 0.339912 0.008041 0.005482
0 0.269189 0.313048 0.008406 0.007675
0 0.877376 0.411732 0.010599 0.006579
0 0.602339 0.141447 0.012427 0.011513
0 0.813596 0.309896 0.009503 0.007401
0 0.254934 0.305647 0.009868 0.007127
0 0.387427 0.374178 0.005848 0.007127
0 0.128655 0.347588 0.010965 0.005482
0 0.929276 0.424890 0.008406 0.004934
0 0.456871 0.408169 0.008772 0.006579
0 0.120431 0.333882 0.003289 0.006031
0 0.413012 0.816064 0.013158 0.008772
0 0.873538 0.483004 0.009503 0.007127
0 0.596857 0.337993 0.008772 0.007675
0 0.181469 0.195587 0.009137 0.006305
0 0.751645 0.532484 0.015716 0.006305
0 0.198830 0.217654 0.008772 0.007127
0 0.343019 0.250137 0.008406 0.005208
0 0.500731 0.303591 0.008772 0.006305
0 0.564327 0.502878 0.007310 0.007950
0 0.355994 0.265351 0.005117 0.002193
0 0.573648 0.259731 0.007675 0.006305
0 0.211806 0.210663 0.005482 0.005757
0 0.334795 0.384320 0.010234 0.006579
0 0.835709 0.410225 0.011330 0.007950
0 0.203947 0.336897 0.009503 0.007675
0 0.535270 0.114035 0.009868 0.007675
0 0.459064 0.339227 0.008041 0.006853
0 0.745980 0.163925 0.008772 0.007675
0 0.216192 0.643914 0.014985 0.008772
0 0.677449 0.274534 0.010599 0.007950
0 0.861477 0.479030 0.011696 0.006853
0 0.704496 0.535088 0.002558 0.007675
0 0.674159 0.290159 0.008406 0.006305
0 0.756396 0.168311 0.009868 0.010417
0 0.358735 0.310307 0.007675 0.009868
0 0.509320 0.839227 0.012061 0.009594
0 0.933297 0.416941 0.004751 0.007127
0 0.173428 0.337719 0.008406 0.005482
0 0.877741 0.254249 0.012061 0.009594
0 0.374269 0.583607 0.012427 0.008772
0 0.607639 0.257950 0.006213 0.007127
0 0.663194 0.723821 0.010599 0.007950
0 0.713999 0.286458 0.005482 0.005482
0 0.276499 0.309073 0.009137 0.005757
0 0.733553 0.306469 0.009503 0.007675
0 0.333882 0.729989 0.011330 0.009320
0 0.717654 0.501782 0.010599 0.007950
0 0.134503 0.493284 0.010234 0.007401
0 0.553545 0.280154 0.006213 0.004386
0 0.861842 0.707374 0.010234 0.005757
0 0.245066 0.426124 0.010599 0.009046
0 0.708516 0.359512 0.006944 0.007950
0 0.723136 0.842654 0.012061 0.009320
0 0.899488 0.577851 0.006579 0.005482
0 0.852887 0.708333 0.009137 0.006579
0 0.820906 0.217654 0.002193 0.008772
0 0.380117 0.666804 0.016082 0.011787
0 0.539656 0.528509 0.012792 0.002193
0 0.775950 0.165981 0.007310 0.007401
0 0.034905 0.475740 0.011330 0.006853
0 0.784722 0.755757 0.007310 0.005482
0 0.835161 0.417215 0.012427 0.009320
0 0.933662 0.509046 0.004020 0.006579
0 0.193896 0.179276 0.008406 0.003838
0 0.716192 0.191201 0.008406 0.006853
0 0.035636 0.354852 0.013523 0.004112
0 0.434759 0.311815 0.008406 0.006853
0 0.874817 0.532209 0.012061 0.004660
0 0.323830 0.770422 0.015351 0.011239
0 0.862025 0.532346 0.010599 0.006031
0 0.516996 0.291530 0.007675 0.006853
0 0.863852 0.440927 0.009868 0.002467
0 0.050073 0.441886 0.011696 0.003289
0 0.576572 0.365406 0.006944 0.006579
0 0.449196 0.364172 0.008041 0.006853
0 0.283808 0.213542 0.008406 0.006579
0 0.518458 0.353070 0.010599 0.002193
0 0.520833 0.717242 0.013158 0.010143
0 0.482639 0.912418 0.014985 0.016721
0 0.236842 0.872944 0.002924 0.006305
0 0.777961 0.760554 0.012061 0.007401
0 0.352887 0.646107 0.001827 0.009320
0 0.893640 0.498904 0.006579 0.006031
0 0.739218 0.243832 0.013523 0.010143
0 0.777412 0.178180 0.009503 0.002741
0 0.597405 0.188048 0.009868 0.007675
0 0.347222 0.227248 0.006579 0.006031
0 0.878838 0.132127 0.013523 0.015351
0 0.173246 0.333333 0.008772 0.004934
0 0.197186 0.444490 0.006213 0.004660
0 0.533991 0.414885 0.008772 0.005208
0 0.187683 0.216831 0.009137 0.006579
0 0.369152 0.459430 0.012427 0.009868
0 0.861111 0.391447 0.011696 0.007127
0 0.253838 0.235197 0.006944 0.005482
0 0.284539 0.505071 0.008406 0.007401
0 0.199379 0.190241 0.009137 0.007675
0 0.267361 0.579496 0.008406 0.008772
0 0.578582 0.492325 0.012427 0.015351
0 0.718385 0.147615 0.007675 0.005208
0 0.562865 0.294134 0.006579 0.005482
0 0.346491 0.233004 0.007310 0.004934
0 0.324561 0.622396 0.010234 0.008498
0 0.410819 0.591420 0.013158 0.010691
0 0.697917 0.869792 0.006944 0.007675
0 0.041118 0.374178 0.006944 0.004934
0 0.161915 0.323465 0.008041 0.004386
0 0.462719 0.222451 0.007310 0.005208
0 0.313596 0.334978 0.010234 0.006579
0 0.189145 0.328810 0.006944 0.005757
0 0.381396 0.572780 0.008406 0.006305
0 0.835161 0.414200 0.015351 0.014254
0 0.783626 0.372807 0.008041 0.007127
0 0.355994 0.232182 0.005117 0.006031
0 0.160270 0.415022 0.008406 0.006579
0 0.219846 0.312774 0.011330 0.010417
0 0.605629 0.352659 0.009503 0.001919
0 0.418860 0.391036 0.007310 0.009046
0 0.247807 0.434485 0.011696 0.007675
0 0.754203 0.478618 0.009137 0.007127
0 0.898757 0.564282 0.005848 0.005757
0 0.828765 0.624315 0.009868 0.010143
0 0.439693 0.227111 0.006579 0.005208
0 0.425621 0.186541 0.006213 0.005208
0 0.516630 0.267955 0.005482 0.004660
0 0.569444 0.090461 0.013158 0.002741
0 0.305007 0.318668 0.006213 0.004660
0 0.385599 0.312911 0.006579 0.006305
0 0.507127 0.401727 0.006944 0.005208
0 0.852339 0.488487 0.010234 0.007675
0 0.216557 0.385691 0.008406 0.008224
0 0.737756 0.184348 0.007675 0.006853
0 0.704130 0.149945 0.002558 0.004386
0 0.144006 0.362939 0.008772 0.004934
0 0.235928 0.196546 0.001827 0.007127
0 0.744883 0.259457 0.008772 0.005757
0 0.790936 0.465323 0.008772 0.007950
0 0.595395 0.512061 0.008772 0.006579
0 0.001279 0.309896 0.001096 0.006305
0 0.102522 0.313185 0.007675 0.006305
0 0.431104 0.311129 0.006213 0.006031
0 0.883589 0.497533 0.009137 0.006031
0 0.631762 0.226288 0.008406 0.006853
0 0.294956 0.316064 0.010234 0.007675
0 0.916301 0.390077 0.008041 0.007675
0 0.229532 0.236294 0.008772 0.013158
0 0.749635 0.240406 0.009503 0.008772
0 0.582785 0.656250 0.004020 0.008772
0 0.829130 0.295641 0.010599 0.010143
0 0.339912 0.898300 0.016082 0.013706
0 0.549525 0.498904 0.009137 0.007127
0 0.822186 0.250411 0.003289 0.007950
0 0.345212 0.825384 0.011330 0.009868
0 0.418677 0.598410 0.017909 0.014803
0 0.592288 0.507127 0.007675 0.007127
0 0.461440 0.893777 0.009868 0.008498
0 0.324744 0.538925 0.012792 0.010417
0 0.614583 0.254523 0.004020 0.004112
0 0.731542 0.294956 0.009137 0.006579
0 0.602522 0.093202 0.012792 0.005482
0 0.539656 0.494655 0.009868 0.008498
0 0.349598 0.257538 0.002558 0.006853
0 0.775950 0.600466 0.008772 0.004660
0 0.881031 0.149534 0.012061 0.009594
0 0.284722 0.460115 0.004386 0.004660
0 0.806104 0.315652 0.012792 0.009594
0 0.616959 0.287692 0.008041 0.005757
0 0.309393 0.327988 0.008406 0.005757
0 0.212902 0.420779 0.011330 0.007127
0 0.255848 0.324973 0.011696 0.009594
0 0.367873 0.197643 0.007675 0.006031
0 0.230446 0.233827 0.006944 0.006031
0 0.811952 0.348136 0.011330 0.004934
0 0.226608 0.938596 0.014620 0.014254
0 0.278692 0.657346 0.014254 0.008224
0 0.497076 0.413240 0.010234 0.007950
0 0.577485 0.744792 0.013889 0.009868
0 0.006579 0.257264 0.006579 0.007950
0 0.215826 0.534814 0.005482 0.003289
0 0.449561 0.224095 0.008041 0.006305
0 0.610197 0.355948 0.010599 0.005208
0 0.550256 0.395833 0.006944 0.006031
0 0.457420 0.219435 0.008406 0.005208
0 0.519554 0.368558 0.008406 0.004660
0 0.782895 0.145148 0.008041 0.007401
0 0.782346 0.610060 0.010599 0.007950
0 0.703765 0.327988 0.001827 0.005208
0 0.113487 0.852522 0.006944 0.013706
0 0.813231 0.606771 0.008772 0.007401
0 0.235928 0.234101 0.001827 0.006579
0 0.271930 0.294682 0.008041 0.005482
0 0.745797 0.267544 0.010599 0.004386
0 0.567434 0.390762 0.008406 0.007401
0 0.658443 0.494929 0.013523 0.012336
0 0.705227 0.216283 0.003289 0.008224
0 0.447186 0.560307 0.012061 0.010965
0 0.119883 0.594024 0.002924 0.012610
0 0.309942 0.236431 0.007310 0.005757
0 0.248904 0.643092 0.011696 0.008224
0 0.078034 0.479304 0.009137 0.006305
0 0.174525 0.236979 0.008406 0.006853
0 0.390168 0.231908 0.006944 0.006031
0 0.595577 0.277823 0.010599 0.010691
0 0.370614 0.399123 0.007310 0.006579
0 0.511696 0.347999 0.007310 0.004660
0 0.822368 0.549479 0.003655 0.006305
0 0.439145 0.559896 0.008406 0.006305
0 0.868238 0.698465 0.009137 0.006579
0 0.322551 0.891996 0.008406 0.007675
0 0.379203 0.467791 0.015716 0.011787
0 0.929825 0.269189 0.010965 0.006031
0 0.320175 0.246573 0.010234 0.006853
0 0.376279 0.665844 0.009137 0.009320
0 0.849415 0.502878 0.009503 0.007950
0 0.865314 0.436129 0.009868 0.004386
0 0.360380 0.878289 0.009503 0.001096
0 0.863121 0.255071 0.009868 0.006305
0 0.605994 0.348410 0.009503 0.004386
0 0.231177 0.812500 0.005482 0.009868
0 0.446820 0.233004 0.009137 0.012610
0 0.364766 0.834293 0.013889 0.015625
0 0.387427 0.686815 0.009503 0.011239
0 0.458699 0.355400 0.007310 0.004660
0 0.604532 0.498766 0.019737 0.013980
0 0.703947 0.568668 0.002193 0.008498
0 0.542946 0.266996 0.006213 0.003838
0 0.798246 0.169956 0.008041 0.005482
0 0.130300 0.411870 0.007675 0.007950
0 0.103801 0.880071 0.014620 0.003015
0 0.187865 0.230126 0.006579 0.007401
0 0.856360 0.211349 0.013158 0.009320
0 0.188962 0.709567 0.006579 0.004660
0 0.231908 0.415159 0.004020 0.007401
0 0.272113 0.282621 0.009868 0.006031
0 0.770833 0.152412 0.012427 0.009868
0 0.129934 0.412966 0.006213 0.004112
0 0.406433 0.669545 0.010234 0.010143
0 0.552083 0.273300 0.010599 0.008224
0 0.356542 0.649534 0.005482 0.005757
0 0.239035 0.413103 0.005117 0.014254
0 0.086075 0.343339 0.005482 0.004660
0 0.221308 0.314419 0.006213 0.006579
0 0.660088 0.344024 0.016082 0.010965
0 0.240314 0.195450 0.006213 0.007127
0 0.470577 0.698465 0.002558 0.006579
0 0.228618 0.447917 0.006944 0.006579
0 0.041667 0.468613 0.010965 0.005757
0 0.198282 0.348821 0.008406 0.004112
0 0.698282 0.324424 0.006213 0.013980
0 0.717836 0.298931 0.008772 0.006853
0 0.296053 0.508498 0.009503 0.005482
0 0.352339 0.500274 0.001462 0.007675
0 0.881944 0.491639 0.015351 0.013980
0 0.230446 0.792352 0.006213 0.003015
0 0.189876 0.177632 0.012792 0.002193
0 0.191155 0.206963 0.011696 0.005482
0 0.493969 0.338679 0.005482 0.004660
0 0.878655 0.235883 0.006579 0.008498
0 0.106908 0.321683 0.008406 0.005757
0 0.182018 0.759046 0.006579 0.004934
0 0.272113 0.289474 0.012061 0.016996
0 0.055190 0.340461 0.006579 0.004934
0 0.421784 0.284265 0.007310 0.010417
0 0.121162 0.362390 0.004020 0.007127
0 0.598684 0.277549 0.007310 0.007401
0 0.823830 0.702851 0.005117 0.001096
0 0.397295 0.569764 0.009503 0.007401
0 0.349963 0.717654 0.001827 0.006031
0 0.841923 0.264391 0.012061 0.001371
0 0.348684 0.245477 0.003655 0.005757
0 0.660453 0.495888 0.006579 0.009868
0 0.751096 0.428180 0.013889 0.013158
0 0.791118 0.162966 0.010599 0.005208
0 0.340643 0.725877 0.008041 0.006031
0 0.856542 0.462034 0.006944 0.005757
0 0.171235 0.324973 0.008406 0.005757
0 0.494335 0.851562 0.017178 0.014529
0 0.064327 0.453947 0.009503 0.008224
0 0.069810 0.719572 0.007310 0.006579
0 0.368238 0.233964 0.006944 0.005208
0 0.489401 0.235334 0.008772 0.006305
0 0.588450 0.370614 0.003655 0.004386
0 0.602156 0.079084 0.006213 0.005208
0 0.158443 0.703947 0.017909 0.002193
0 0.885234 0.539611 0.008772 0.007401
0 0.070724 0.379660 0.009137 0.006579
0 0.770102 0.173383 0.010234 0.004112
0 0.502376 0.403509 0.006213 0.005482
0 0.854167 0.117462 0.013158 0.008498
0 0.155154 0.325110 0.007675 0.004934
0 0.299525 0.430236 0.009137 0.006853
0 0.583333 0.572780 0.002924 0.013980