0 0.286047 0.125731 0.007401 0.008772
0 0.233416 0.483918 0.010691 0.016082
0 0.030702 0.421784 0.012610 0.015351
0 0.865680 0.228070 0.009868 0.011696
0 0.133361 0.829678 0.007401 0.010965
0 0.570450 0.574927 0.008224 0.010234
0 0.310170 0.029788 0.008498 0.012061
0 0.202714 0.510051 0.007401 0.011330
0 0.675987 0.915570 0.009868 0.015351
0 0.502604 0.616776 0.004660 0.006944
0 0.341146 0.481177 0.004660 0.005482
0 0.543723 0.692434 0.005208 0.008406
0 0.625685 0.789656 0.005757 0.009137
0 0.179825 0.259686 0.004386 0.012792
0 0.213542 0.480080 0.008224 0.012061
0 0.895696 0.199379 0.007950 0.019371
0 0.385965 0.850329 0.006031 0.009137
0 0.611568 0.428545 0.004934 0.009137
0 0.879386 0.334247 0.002193 0.012061
0 0.137198 0.660636 0.004112 0.006944
0 0.881990 0.894920 0.004660 0.010599
0 0.935581 0.459247 0.010417 0.015716
0 0.181743 0.373173 0.006031 0.009503
0 0.957374 0.088633 0.004660 0.011330
0 0.265214 0.041849 0.001919 0.017178
0 0.494380 0.154423 0.005208 0.008406
0 0.850466 0.370614 0.009046 0.019737
0 0.172012 0.340461 0.006853 0.014985
0 0.834293 0.148757 0.010691 0.027047
0 0.226288 0.734832 0.004112 0.006213
0 0.140625 0.662829 0.004934 0.006213
0 0.621711 0.764803 0.004934 0.009137
0 0.024945 0.495431 0.006031 0.006213
0 0.549616 0.569079 0.006579 0.008772
0 0.308251 0.353253 0.007950 0.002558
0 0.848684 0.373355 0.005482 0.013523
0 0.279331 0.629751 0.008224 0.009503
0 0.839775 0.328582 0.006853 0.019006
0 0.830455 0.386879 0.007950 0.012792
0 0.905565 0.306104 0.010691 0.018640
0 0.654742 0.736842 0.005208 0.007310
0 0.577577 0.196820 0.004934 0.006944
0 0.544408 0.256213 0.005482 0.009503
0 0.851562 0.365863 0.006305 0.010234
0 0.587171 0.192617 0.005482 0.008772
0 0.088816 0.803728 0.001096 0.012427
0 0.953262 0.560673 0.006305 0.012427
0 0.127056 0.132858 0.007401 0.011330
0 0.709567 0.267727 0.006305 0.010599
0 0.022341 0.743056 0.006853 0.009503
0 0.086623 0.803728 0.002193 0.013158
0 0.700384 0.305190 0.002193 0.025585
0 0.178180 0.451572 0.002741 0.013523
0 0.962582 0.124269 0.004660 0.007310
0 0.615680 0.440789 0.001645 0.009503
0 0.017818 0.832785 0.007675 0.009868
0 0.013295 0.055921 0.010691 0.013158
0 0.935033 0.259503 0.012610 0.022661
0 0.852248 0.251279 0.010965 0.013523
0 0.221765 0.342288 0.007675 0.017178
0 0.418997 0.309393 0.005757 0.008406
0 0.678043 0.916849 0.006305 0.010599
0 0.641584 0.663743 0.004660 0.007310
0 0.549479 0.209613 0.004112 0.006213
0 0.221628 0.728801 0.006305 0.008772
0 0.935033 0.682566 0.009320 0.014254
0 0.428591 0.143092 0.005208 0.017178
0 0.895833 0.361111 0.006579 0.010234
0 0.861568 0.195724 0.007675 0.014254
0 0.417352 0.711257 0.006305 0.009503
0 0.529742 0.238852 0.003564 0.004751
0 0.566064 0.200292 0.004934 0.007310
0 0.612116 0.440241 0.003838 0.008406
0 0.963405 0.448282 0.003015 0.014254
0 0.278646 0.138523 0.005208 0.008041
0 0.227385 0.730080 0.004112 0.004751
0 0.781387 0.373173 0.009046 0.016082
0 0.700247 0.553363 0.003015 0.024854
0 0.029468 0.472039 0.006305 0.004020
0 0.790433 0.864583 0.000822 0.009868
0 0.576480 0.190972 0.003838 0.006213
0 0.001096 0.141265 0.001096 0.010599
0 0.536595 0.686404 0.008498 0.008772
0 0.237664 0.738852 0.004386 0.004751
0 0.949424 0.247807 0.006853 0.013889
0 0.333196 0.258406 0.005208 0.010234
0 0.873218 0.574927 0.007950 0.019737
0 0.823054 0.551535 0.005208 0.008772
0 0.129386 0.066886 0.005482 0.017544
0 0.549890 0.576937 0.006579 0.006944
0 0.895833 0.435124 0.007675 0.012792
0 0.060855 0.167580 0.006031 0.011330
0 0.367599 0.114949 0.008772 0.004020
0 0.234786 0.737025 0.005208 0.006944
0 0.513843 0.710892 0.004660 0.006579
0 0.520559 0.230263 0.006031 0.005848
0 0.524945 0.229167 0.002741 0.007310
0 0.750685 0.314693 0.004112 0.007310
0 0.216283 0.228984 0.008772 0.009137
0 0.084704 0.347405 0.004934 0.006944
0 0.091009 0.156615 0.003289 0.010599
0 0.229441 0.159174 0.008772 0.012792
0 0.649397 0.737939 0.006031 0.008041
0 0.931606 0.181104 0.009046 0.013523
0 0.236979 0.732822 0.003564 0.003655
0 0.135417 0.834613 0.007127 0.008406
0 0.220395 0.128838 0.007127 0.012061
0 0.428865 0.145833 0.004112 0.008772
0 0.023300 0.493969 0.009868 0.009137
0 0.140625 0.502741 0.010417 0.015716