0 0.622670 0.292946 0.007950 0.012061
0 0.347862 0.018823 0.005482 0.014985
0 0.518092 0.382310 0.012061 0.017544
0 0.595943 0.330592 0.010965 0.017909
0 0.165433 0.280519 0.006305 0.011330
0 0.619106 0.304642 0.005208 0.016447
0 0.611020 0.101791 0.005482 0.025219
0 0.802083 0.429276 0.008224 0.010599
0 0.022204 0.523209 0.008772 0.031067
0 0.519463 0.833151 0.007127 0.012061
0 0.629797 0.299159 0.007401 0.012061
0 0.022889 0.870614 0.012336 0.015351
0 0.845943 0.291118 0.008224 0.014254
0 0.588268 0.249817 0.009320 0.015716
0 0.605126 0.492142 0.007950 0.010599
0 0.936541 0.225512 0.009046 0.010965
0 0.811541 0.427266 0.011239 0.013158
0 0.829633 0.481908 0.005208 0.007675
0 0.945312 0.261879 0.005757 0.006944
0 0.554002 0.073282 0.006579 0.009868
0 0.429413 0.847588 0.006305 0.015351
0 0.675027 0.141265 0.006305 0.011330
0 0.571409 0.881031 0.011787 0.018640
0 0.145970 0.779788 0.014529 0.022295
0 0.275493 0.723319 0.006031 0.007310
0 0.956003 0.375731 0.005757 0.008041
0 0.002741 0.631396 0.002741 0.031067
0 0.316612 0.557749 0.006031 0.009503
0 0.004797 0.543860 0.004660 0.013889
0 0.657621 0.011696 0.006031 0.008041
0 0.775630 0.475512 0.004112 0.005848
0 0.769463 0.123355 0.006031 0.006213
0 0.036184 0.920687 0.009868 0.011696
0 0.692023 0.081323 0.004660 0.007675
0 0.398300 0.884686 0.009320 0.016447
0 0.822917 0.622076 0.007127 0.010234
0 0.705181 0.047149 0.003564 0.015351
0 0.778098 0.400768 0.007401 0.009868
0 0.021793 0.559028 0.006305 0.017909
0 0.320587 0.913925 0.009046 0.017909
0 0.319353 0.874269 0.010417 0.015351
0 0.618010 0.487025 0.004112 0.008406
0 0.070861 0.778143 0.010691 0.019006
0 0.396930 0.733918 0.006579 0.010965
0 0.206826 0.693896 0.010143 0.015716
0 0.821135 0.262244 0.005757 0.007675
0 0.268640 0.740314 0.005482 0.008406
0 0.896107 0.183114 0.010965 0.014620
0 0.213679 0.659722 0.006853 0.010965
0 0.191475 0.464181 0.006853 0.006579
0 0.615543 0.157346 0.001371 0.011330
0 0.179688 0.264072 0.004112 0.009868
0 0.025768 0.562683 0.006031 0.013523
0 0.537555 0.211075 0.005482 0.010599
0 0.436541 0.590643 0.004112 0.005848
0 0.141584 0.715826 0.012336 0.014254
0 0.722999 0.012975 0.005757 0.009137
0 0.702851 0.012427 0.001096 0.012427
0 0.269052 0.761513 0.005757 0.017178
0 0.513843 0.860380 0.006305 0.008041
0 0.547012 0.854715 0.012336 0.014254
0 0.905291 0.689876 0.004660 0.008406
0 0.581414 0.263523 0.009868 0.010234
0 0.051124 0.869700 0.015077 0.021564
0 0.619380 0.133955 0.005208 0.008406
0 0.584841 0.807200 0.012336 0.015716
0 0.503564 0.177449 0.005482 0.012792
0 0.216968 0.717288 0.009046 0.010599
0 0.341968 0.409539 0.007401 0.008406
0 0.341420 0.508041 0.009046 0.013158
0 0.495340 0.201206 0.006579 0.009868
0 0.351562 0.809759 0.000822 0.017909
0 0.233553 0.603618 0.006579 0.008406
0 0.162829 0.793129 0.008224 0.013889
0 0.229989 0.667580 0.009320 0.012061
0 0.191064 0.932200 0.007127 0.006944
0 0.525356 0.824744 0.001919 0.006213
0 0.664337 0.083151 0.006853 0.010599
0 0.593202 0.463268 0.007127 0.009137
0 0.614995 0.682566 0.000822 0.020102
0 0.137884 0.538743 0.005482 0.010234
0 0.761102 0.087537 0.005208 0.007675
0 0.836212 0.141813 0.006305 0.016082
0 0.615132 0.533991 0.001096 0.008772
0 0.814967 0.359649 0.010965 0.008772
0 0.524945 0.833882 0.002741 0.010599
0 0.767407 0.290570 0.005208 0.010965
0 0.016310 0.712902 0.006305 0.009868
0 0.736157 0.520833 0.007950 0.017544
0 0.256853 0.672149 0.007127 0.015351
0 0.542078 0.294591 0.010691 0.013158
0 0.386239 0.433480 0.007675 0.010234
0 0.158854 0.211988 0.004660 0.007310
0 0.404331 0.497624 0.005482 0.010599
0 0.235746 0.580227 0.007675 0.008406
0 0.448328 0.132858 0.005757 0.009868
0 0.506168 0.808662 0.005757 0.006213
0 0.605400 0.496711 0.009594 0.019006
0 0.923794 0.494335 0.010417 0.017178
0 0.198191 0.270468 0.004386 0.005848
0 0.232867 0.735563 0.009594 0.017909
0 0.616776 0.884503 0.002741 0.007310
0 0.233004 0.731542 0.007675 0.009868
0 0.447643 0.242873 0.003838 0.006944
0 0.091694 0.761148 0.004112 0.009868
0 0.797834 0.290570 0.005208 0.008772
0 0.347862 0.693531 0.006031 0.015716
0 0.191201 0.470943 0.006853 0.003289
0 0.709704 0.416849 0.006579 0.009868
0 0.446135 0.376827 0.007401 0.011696
0 0.121162 0.745066 0.006031 0.009137
0 0.621985 0.898026 0.003289 0.007310
0 0.895559 0.013706 0.005482 0.006944
0 0.021519 0.804276 0.004660 0.006944
0 0.667763 0.253472 0.007675 0.010599
0 0.408580 0.110746 0.005208 0.012427
0 0.211349 0.667946 0.012610 0.013523
0 0.517955 0.855263 0.014529 0.016813
0 0.248492 0.730629 0.007950 0.014620
0 0.550850 0.264254 0.004660 0.009503
0 0.879386 0.472953 0.002193 0.005117
0 0.002193 0.538560 0.002193 0.019371
0 0.022889 0.565424 0.011239 0.027047
0 0.466557 0.719115 0.005482 0.009137
0 0.624041 0.852522 0.007401 0.012792
0 0.521656 0.855263 0.007675 0.015351
0 0.135143 0.714730 0.005482 0.009137
0 0.128427 0.629934 0.006305 0.012061
0 0.219435 0.731177 0.008498 0.012061
0 0.862390 0.398026 0.007675 0.008772
0 0.424890 0.136696 0.009868 0.011696
0 0.074287 0.876096 0.007127 0.014620
0 0.017270 0.252376 0.004386 0.006944
0 0.213405 0.548794 0.006853 0.010599
0 0.348958 0.866411 0.003838 0.010599
0 0.792626 0.260051 0.003015 0.012792
0 0.932292 0.319444 0.004386 0.006579
0 0.692845 0.754751 0.005208 0.006579
0 0.677769 0.032164 0.005208 0.007310
0 0.402823 0.889254 0.005757 0.008041
0 0.192434 0.436952 0.004386 0.007675
0 0.791667 0.492507 0.002193 0.008406
0 0.070175 0.371345 0.009320 0.018275
0 0.761924 0.615680 0.006305 0.006213
0 0.212171 0.657164 0.010965 0.017544
0 0.943120 0.623904 0.010691 0.013158
0 0.778920 0.604349 0.007950 0.012792
0 0.697780 0.664839 0.007401 0.018275
0 0.109923 0.748904 0.006031 0.008772
0 0.848958 0.189327 0.008224 0.010234
0 0.923931 0.132310 0.007950 0.008772
0 0.711486 0.204861 0.009046 0.012061
0 0.267681 0.735928 0.004660 0.023026
0 0.527275 0.812865 0.000822 0.011696
0 0.512884 0.865132 0.010417 0.018275
0 0.001096 0.493421 0.001096 0.010234
0 0.405291 0.156798 0.006853 0.013889
0 0.842379 0.186404 0.009320 0.014620
0 0.084019 0.483004 0.005757 0.009137
0 0.925164 0.078216 0.005482 0.008772
0 0.527961 0.931287 0.001645 0.008772
0 0.597588 0.779605 0.014254 0.022661
0 0.021930 0.255665 0.005482 0.006944
0 0.520285 0.826754 0.009320 0.008041
0 0.878427 0.472770 0.001371 0.004751
0 0.343339 0.129751 0.006853 0.010965
0 0.845669 0.163925 0.005482 0.012792
0 0.702988 0.745614 0.001371 0.009503
0 0.221491 0.717288 0.006579 0.009868
0 0.239309 0.687317 0.005482 0.008406
0 0.909265 0.135965 0.013706 0.011696
0 0.796053 0.112390 0.006579 0.009137
0 0.144189 0.839912 0.006031 0.010234
0 0.586897 0.785088 0.006579 0.009503
0 0.107456 0.754020 0.006579 0.012427
0 0.266996 0.879203 0.003838 0.012792
0 0.897204 0.405154 0.004934 0.005482
0 0.555784 0.672880 0.006853 0.008041
0 0.809759 0.252010 0.009320 0.012792
0 0.278372 0.173428 0.007950 0.014985
0 0.023163 0.574744 0.006853 0.009137
0 0.287829 0.273026 0.003838 0.009503
0 0.581552 0.259137 0.011239 0.021199
0 0.766036 0.497807 0.003015 0.003655
0 0.608416 0.768640 0.010143 0.015351
0 0.024534 0.562317 0.010143 0.017178
0 0.053865 0.872624 0.009046 0.014254
0 0.831277 0.287098 0.007401 0.012792
0 0.365543 0.066155 0.011239 0.008772
0 0.069079 0.335709 0.014254 0.025950
0 0.918860 0.493056 0.020833 0.019737
0 0.069353 0.353801 0.008224 0.002924
0 0.490269 0.509686 0.005757 0.006213
0 0.729167 0.648757 0.006579 0.013158
0 0.568668 0.194444 0.006853 0.009503
0 0.528098 0.822917 0.001919 0.004020
0 0.489857 0.224963 0.007675 0.012061
0 0.017133 0.489766 0.011787 0.016813
0 0.552632 0.844115 0.006031 0.007675
0 0.895559 0.784905 0.012061 0.011330
0 0.666393 0.256396 0.010965 0.016447
0 0.558388 0.418129 0.003838 0.007310
0 0.957374 0.235563 0.005208 0.001827
0 0.484786 0.836257 0.007401 0.010234
0 0.522204 0.780885 0.006579 0.012061
0 0.580455 0.235563 0.005757 0.001827
0 0.014529 0.873355 0.005482 0.007675
0 0.043860 0.252193 0.004934 0.007310
0 0.098821 0.765899 0.009594 0.013523
0 0.176946 0.276316 0.001371 0.006579
0 0.223684 0.295139 0.003838 0.006213
0 0.795641 0.297149 0.006305 0.017544
0 0.139803 0.830227 0.007127 0.011330
0 0.495477 0.404971 0.012884 0.013889
0 0.418311 0.736111 0.007675 0.013889
0 0.285910 0.753655 0.010965 0.016813
0 0.418586 0.739035 0.004386 0.008041
0 0.907072 0.695175 0.007675 0.012427
0 0.659128 0.416118 0.005208 0.006213
0 0.568257 0.261879 0.009320 0.014254
0 0.224918 0.384503 0.004112 0.007310
0 0.614720 0.532895 0.000822 0.008041
0 0.248629 0.664656 0.010417 0.014985
0 0.823465 0.481908 0.008772 0.009868
0 0.207922 0.681104 0.010143 0.014985
0 0.830181 0.290387 0.010691 0.019371
0 0.142407 0.833516 0.010143 0.014985
0 0.220532 0.661550 0.007401 0.011696
0 0.229304 0.482273 0.005208 0.009137
0 0.694353 0.221674 0.008772 0.009868
0 0.207100 0.729898 0.004660 0.006579
0 0.703399 0.754020 0.001645 0.010234
0 0.781250 0.380300 0.003289 0.006213
0 0.549342 0.771016 0.009320 0.013523
0 0.332785 0.591923 0.005482 0.005482
0 0.555784 0.852522 0.010691 0.019371
0 0.210526 0.528326 0.003838 0.007675
0 0.525905 0.832785 0.000822 0.014254