0 0.203947 0.501645 0.009868 0.014985
0 0.169682 0.488852 0.006031 0.011330
0 0.867736 0.635965 0.005757 0.008772
0 0.306058 0.875365 0.007401 0.009503
0 0.725877 0.843019 0.007127 0.012792
0 0.237527 0.482091 0.004112 0.009503
0 0.185855 0.632858 0.008772 0.015716
0 0.283443 0.489583 0.013158 0.021564
0 0.813459 0.477705 0.010691 0.009503
0 0.066064 0.862208 0.007675 0.012427
0 0.193394 0.503838 0.010691 0.024488
0 0.231497 0.590095 0.005208 0.005482
0 0.245340 0.897478 0.011513 0.013523
0 0.791118 0.415387 0.001645 0.011330
0 0.879934 0.486477 0.002741 0.011696
0 0.933525 0.405519 0.010691 0.016447
0 0.802083 0.477522 0.006031 0.009868
0 0.060992 0.855629 0.005757 0.008772
0 0.067160 0.638341 0.007675 0.011330
0 0.702851 0.280702 0.001096 0.010234
0 0.031524 0.397844 0.004934 0.009137
0 0.860883 0.344664 0.005208 0.009503
0 0.892407 0.463085 0.006305 0.009503
0 0.940104 0.478070 0.007401 0.010234
0 0.006579 0.397295 0.006579 0.013158
0 0.009320 0.403874 0.009320 0.024123
0 0.658443 0.719664 0.004386 0.007310
0 0.103344 0.602156 0.003838 0.010599
0 0.231086 0.854715 0.005482 0.007675
0 0.880071 0.598136 0.003015 0.013523
0 0.002741 0.695724 0.002741 0.009137
0 0.269600 0.500731 0.006305 0.010234
0 0.711075 0.719298 0.004934 0.005848
0 0.022478 0.526864 0.008772 0.023757
0 0.471354 0.758772 0.004660 0.007310
0 0.911458 0.402961 0.007675 0.014254
0 0.439282 0.656250 0.000822 0.017909
0 0.629934 0.795139 0.006579 0.010599
0 0.882538 0.555556 0.005208 0.020468
0 0.261102 0.720943 0.003564 0.012792
0 0.800027 0.625548 0.005208 0.007675
0 0.014803 0.673246 0.004934 0.005848
0 0.086486 0.557383 0.002467 0.013158
0 0.539611 0.704496 0.005208 0.002558
0 0.885828 0.906433 0.008498 0.020468
0 0.882127 0.418129 0.004386 0.007310
0 0.471491 0.533443 0.003838 0.006944
0 0.194216 0.643823 0.007950 0.009868
0 0.526864 0.507858 0.000548 0.017909
0 0.917215 0.445541 0.012061 0.019006
0 0.010828 0.407529 0.008498 0.015351
0 0.212582 0.917032 0.007401 0.008772
0 0.699561 0.346491 0.004386 0.007310
0 0.734101 0.336440 0.006031 0.011330
0 0.731497 0.840643 0.005757 0.008772
0 0.085115 0.720395 0.005208 0.010965
0 0.058388 0.824561 0.006579 0.005848
0 0.192023 0.654423 0.003564 0.006944
0 0.412144 0.664291 0.004660 0.007675
0 0.089364 0.707785 0.001645 0.006213
0 0.707648 0.578765 0.005757 0.010599
0 0.260005 0.574013 0.006305 0.018640
0 0.228755 0.622076 0.011787 0.016082
0 0.790433 0.493056 0.000822 0.017544
0 0.011376 0.601425 0.004112 0.006944
0 0.559485 0.649306 0.006031 0.007675
0 0.309485 0.756579 0.006579 0.008772
0 0.084293 0.716923 0.006853 0.014985
0 0.313322 0.476608 0.012061 0.007310
0 0.950932 0.564693 0.006031 0.008041
0 0.536595 0.831689 0.005208 0.007675
0 0.123218 0.753472 0.004660 0.008406
0 0.941475 0.692069 0.011787 0.014985
0 0.283443 0.483370 0.012061 0.014254
0 0.879386 0.487573 0.002193 0.019737
0 0.088679 0.648757 0.000822 0.015351
0 0.063185 0.527230 0.005757 0.008406
0 0.092791 0.734832 0.004660 0.008406
0 0.310718 0.471308 0.016173 0.003289
0 0.857182 0.596674 0.007127 0.011330
0 0.518229 0.692251 0.006853 0.010965
0 0.051672 0.916849 0.006853 0.010599
0 0.138706 0.932383 0.008772 0.006579
0 0.777686 0.758772 0.006579 0.010234
0 0.510554 0.829130 0.003015 0.004751
0 0.191886 0.599050 0.006031 0.010234
0 0.425302 0.580775 0.006853 0.008041
0 0.268503 0.503472 0.005208 0.015716
0 0.022889 0.519920 0.006853 0.010599
0 0.301398 0.478618 0.012336 0.006944
0 0.615680 0.556835 0.001645 0.009868
0 0.702851 0.581323 0.001096 0.006944
0 0.226837 0.642178 0.005208 0.008772
0 0.049616 0.915570 0.011513 0.012427
0 0.739857 0.338085 0.004386 0.008041
0 0.608690 0.579313 0.004660 0.010234
0 0.003289 0.820906 0.003289 0.002193
0 0.517407 0.734466 0.004112 0.007675
0 0.862939 0.344846 0.010417 0.012061