0 0.511879 0.598410 0.011330 0.010965
0 0.888341 0.810992 0.013523 0.012336
0 0.673794 0.380757 0.011330 0.009320
0 0.804459 0.466283 0.010965 0.009320
0 0.520833 0.593750 0.014620 0.010965
0 0.515351 0.447505 0.012427 0.009046
0 0.839730 0.561541 0.009868 0.007950
0 0.537829 0.445587 0.012792 0.006853
0 0.484284 0.476151 0.009503 0.008772
0 0.427814 0.487390 0.010599 0.008772
0 0.436038 0.355811 0.011696 0.004934
0 0.427083 0.361294 0.009868 0.009868
0 0.629569 0.916667 0.014985 0.009868
0 0.341374 0.372533 0.008041 0.008224
0 0.580227 0.421327 0.009137 0.012610
0 0.722770 0.954221 0.016447 0.013158
0 0.491411 0.471765 0.008406 0.007127
0 0.714181 0.404742 0.012427 0.009594
0 0.502010 0.618421 0.010599 0.004386
0 0.433297 0.635417 0.006944 0.006031
0 0.091923 0.911732 0.009868 0.009320
0 0.483187 0.531113 0.010965 0.004660
0 0.275768 0.826754 0.012061 0.009320
0 0.721126 0.643366 0.008772 0.006579
0 0.442982 0.406387 0.012427 0.007401
0 0.428728 0.420367 0.011696 0.011239
0 0.497624 0.465049 0.006213 0.005757
0 0.923063 0.324561 0.006944 0.007127
0 0.555921 0.794408 0.018275 0.004934
0 0.825292 0.408032 0.006579 0.009046
0 0.536184 0.514803 0.013158 0.010965
0 0.522478 0.345121 0.012061 0.011513
0 0.564145 0.318805 0.011330 0.009320
0 0.517361 0.445312 0.009137 0.006853
0 0.530702 0.307840 0.011696 0.009320
0 0.489949 0.464501 0.008406 0.006853
0 0.566520 0.740132 0.013889 0.011513
0 0.618421 0.316886 0.005848 0.006031
0 0.674708 0.406798 0.010965 0.013158
0 0.418677 0.550027 0.013523 0.011239
0 0.415936 0.548657 0.006579 0.006853
0 0.386148 0.372259 0.010599 0.008772
0 0.003472 0.520285 0.003289 0.009320
0 0.120797 0.530154 0.004020 0.003838
0 0.638158 0.926535 0.012427 0.014803
0 0.307931 0.450658 0.020102 0.012061
0 0.343019 0.345669 0.011330 0.006579
0 0.153143 0.510143 0.005117 0.004934
0 0.616776 0.855674 0.006944 0.006305
0 0.616228 0.859649 0.013889 0.013706
0 0.242325 0.581414 0.008041 0.007127
0 0.681652 0.852111 0.018275 0.011239
0 0.094846 0.533580 0.012792 0.007401
0 0.633955 0.832648 0.013523 0.011239
0 0.111842 0.870203 0.008772 0.006305
0 0.291301 0.590186 0.008041 0.004934
0 0.594481 0.809896 0.006944 0.009046
0 0.119883 0.530702 0.002924 0.004386
0 0.529423 0.343476 0.006944 0.005482
0 0.637975 0.873904 0.009137 0.006579
0 0.858735 0.799342 0.008406 0.007127
0 0.109832 0.542900 0.012792 0.010691
0 0.632310 0.665981 0.009503 0.009046
0 0.650037 0.303591 0.009868 0.006853
0 0.594298 0.216009 0.006579 0.007127
0 0.359466 0.547149 0.008406 0.007675
0 0.819993 0.836212 0.001096 0.020559
0 0.852339 0.561404 0.016082 0.008772
0 0.484284 0.464501 0.005848 0.006853
0 0.003655 0.570587 0.003655 0.005757
0 0.005665 0.564967 0.005482 0.007675
0 0.479715 0.530702 0.012061 0.004386
0 0.654423 0.521793 0.007675 0.007401
0 0.002924 0.559073 0.002924 0.009594
0 0.590095 0.851837 0.005482 0.011787
0 0.074927 0.803317 0.008772 0.009594
0 0.355994 0.540433 0.005117 0.012884
0 0.858187 0.807703 0.015351 0.010691
0 0.891630 0.388158 0.009137 0.006031
0 0.270651 0.597725 0.005482 0.005757
0 0.097405 0.535499 0.007675 0.007401
0 0.570175 0.682840 0.005848 0.004386
0 0.418860 0.444216 0.010234 0.005757
0 0.871162 0.493832 0.008406 0.007950
0 0.183662 0.590598 0.014254 0.009594
0 0.824013 0.408717 0.005482 0.006579
0 0.492873 0.535910 0.006213 0.008224
0 0.073099 0.801261 0.010965 0.011513
0 0.314510 0.450247 0.009137 0.010143
0 0.194810 0.494929 0.007310 0.004660
0 0.173794 0.770833 0.011330 0.011513
0 0.273392 0.347588 0.010234 0.006579
0 0.908808 0.386239 0.012061 0.008224
0 0.416667 0.446135 0.017544 0.007401
0 0.172332 0.766584 0.006944 0.005208