0 0.712993 0.600329 0.004934 0.009137
0 0.452440 0.127558 0.005757 0.008772
0 0.472999 0.639072 0.004660 0.008406
0 0.280702 0.862208 0.004934 0.007310
0 0.315515 0.632493 0.007127 0.009137
0 0.791118 0.684576 0.001645 0.012427
0 0.720532 0.797515 0.003564 0.005117
0 0.309211 0.813414 0.005482 0.008406
0 0.209019 0.915387 0.008498 0.012792
0 0.687089 0.791484 0.004112 0.006944
0 0.250137 0.675439 0.004112 0.005117
0 0.210526 0.915387 0.004386 0.010599
0 0.274945 0.861111 0.005482 0.010234
0 0.851014 0.251827 0.004112 0.008772
0 0.823602 0.600146 0.007950 0.013889
0 0.448054 0.111842 0.005208 0.010234
0 0.584704 0.764620 0.007127 0.008772
0 0.790981 0.776681 0.001371 0.010965
0 0.767407 0.832054 0.005208 0.006213
0 0.477522 0.289108 0.007127 0.010965
0 0.864035 0.494152 0.006579 0.010234
0 0.135005 0.447003 0.006305 0.010234
0 0.243421 0.287098 0.009868 0.011330
0 0.105674 0.689693 0.011239 0.017544
0 0.390762 0.262427 0.004112 0.009503
0 0.097039 0.601243 0.004934 0.005117
0 0.791667 0.707785 0.002193 0.006213
0 0.761650 0.904971 0.004660 0.010234
0 0.856086 0.624269 0.004386 0.006579
0 0.859923 0.112756 0.006579 0.007675
0 0.201480 0.930556 0.006031 0.005848
0 0.854167 0.611294 0.007127 0.011330
0 0.417352 0.913925 0.008498 0.008406
0 0.303043 0.865314 0.004660 0.007675
0 0.247396 0.272844 0.007401 0.009868
0 0.804550 0.901864 0.003838 0.004751
0 0.178180 0.909905 0.002741 0.007675
0 0.638158 0.625365 0.003838 0.006579
0 0.385828 0.249452 0.003564 0.005482
0 0.671053 0.770651 0.003838 0.006944
0 0.460526 0.619700 0.004386 0.007675
0 0.429276 0.608918 0.003838 0.006579
0 0.010005 0.708333 0.007401 0.006579
0 0.615132 0.505848 0.001096 0.007310
0 0.547697 0.767361 0.004934 0.007675
0 0.907621 0.383772 0.008772 0.012427
0 0.848273 0.673977 0.004660 0.010965
0 0.527412 0.708333 0.001096 0.006579
0 0.000548 0.884868 0.000548 0.021930
0 0.565515 0.113121 0.004386 0.006213
0 0.538514 0.567800 0.004112 0.007675
0 0.685170 0.792398 0.006305 0.007310
0 0.494106 0.763158 0.005208 0.006579
0 0.027686 0.032529 0.004386 0.006579
0 0.826480 0.396930 0.007675 0.012427
0 0.924479 0.375548 0.007950 0.012061