0 0.484375 0.845212 0.010417 0.014985
0 0.575110 0.720943 0.015351 0.019371
0 0.443668 0.213816 0.005208 0.014620
0 0.629797 0.402778 0.013432 0.021930
0 0.068120 0.683480 0.009046 0.015351
0 0.233690 0.433114 0.010143 0.018275
0 0.668448 0.729532 0.008498 0.013889
0 0.669682 0.443348 0.015899 0.021199
0 0.577851 0.257310 0.013706 0.023392
0 0.783717 0.793494 0.010965 0.016813
0 0.271930 0.548063 0.008772 0.013523
0 0.501234 0.311769 0.008498 0.015351
0 0.727111 0.482273 0.004112 0.008406
0 0.563459 0.319810 0.012336 0.020468
0 0.245888 0.758772 0.010417 0.016813
0 0.221628 0.863121 0.012336 0.014985
0 0.586349 0.552814 0.014254 0.022295
0 0.345806 0.307749 0.010143 0.020468
0 0.312089 0.499635 0.009594 0.010965
0 0.043586 0.568713 0.010417 0.014620
0 0.408443 0.265899 0.013706 0.023757
0 0.546464 0.317251 0.012884 0.016082
0 0.580592 0.571820 0.011513 0.013523
0 0.037144 0.693713 0.010143 0.015351
0 0.637610 0.371893 0.008772 0.014985
0 0.684759 0.592105 0.012610 0.007310
0 0.334430 0.309576 0.016996 0.024123
0 0.600055 0.894920 0.006031 0.011330
0 0.171875 0.459795 0.006579 0.010234
0 0.093065 0.865680 0.005208 0.019371
0 0.188048 0.481725 0.010965 0.012427
0 0.065652 0.885234 0.010143 0.019006
0 0.533032 0.333151 0.006853 0.020102
0 0.776042 0.765168 0.010417 0.012792
0 0.105263 0.562865 0.007127 0.012427
0 0.158854 0.508955 0.007950 0.012792
0 0.736294 0.484466 0.007675 0.015716
0 0.535088 0.591374 0.008772 0.006579
0 0.017133 0.851243 0.011787 0.019006
0 0.505894 0.515534 0.013432 0.022295
0 0.540570 0.357456 0.012061 0.006579
0 0.204907 0.858004 0.009594 0.017178
0 0.518092 0.592836 0.015351 0.008041
0 0.549616 0.287281 0.014803 0.024123
0 0.723684 0.617507 0.015899 0.025950
0 0.111568 0.558845 0.007675 0.011696
0 0.055373 0.921235 0.010965 0.012061
0 0.131442 0.691520 0.007950 0.013158
0 0.505620 0.141265 0.010691 0.017178
0 0.340323 0.835344 0.005757 0.007675
0 0.291667 0.514985 0.009320 0.016082
0 0.075658 0.888523 0.012061 0.016082
0 0.192297 0.455044 0.007401 0.013889
0 0.103755 0.800987 0.010691 0.018640
0 0.461212 0.578582 0.010143 0.010965
0 0.104441 0.757310 0.011513 0.016813
0 0.082100 0.036550 0.007401 0.010965
0 0.209430 0.868056 0.015351 0.021199
0 0.903646 0.922332 0.005757 0.007675
0 0.574973 0.561586 0.011239 0.017909
0 0.573876 0.296418 0.017270 0.021930
0 0.038377 0.357456 0.005482 0.006579
0 0.355263 0.309028 0.004386 0.019371
0 0.145148 0.806104 0.011787 0.015716
0 0.534951 0.580409 0.008498 0.008772
0 0.216831 0.792946 0.007675 0.015716
0 0.773163 0.604349 0.010143 0.017909
0 0.205044 0.829678 0.011513 0.010965
0 0.097314 0.880665 0.006579 0.009868
0 0.228070 0.730446 0.009320 0.012061
0 0.509731 0.416301 0.007950 0.018275
0 0.223547 0.799708 0.011239 0.018275
0 0.151590 0.558297 0.007127 0.009137
0 0.465186 0.576754 0.013706 0.016082
0 0.547149 0.589364 0.014254 0.004751
0 0.216968 0.707602 0.010143 0.005848
0 0.196820 0.815424 0.011513 0.005848
0 0.075932 0.864583 0.007675 0.009868
0 0.517681 0.306652 0.009594 0.013889
0 0.436404 0.492325 0.004386 0.023392
0 0.626096 0.052083 0.008772 0.012792
0 0.451754 0.579130 0.008772 0.011330
0 0.221628 0.282712 0.009594 0.014985
0 0.091557 0.019737 0.003838 0.019737
0 0.213816 0.362025 0.009868 0.011330
0 0.663103 0.906981 0.013158 0.012792
0 0.409951 0.220760 0.005757 0.008772
0 0.184622 0.732091 0.005208 0.008772
0 0.178180 0.452120 0.002741 0.010965
0 0.264666 0.368056 0.001371 0.010234
0 0.196272 0.823830 0.013158 0.005117
0 0.242050 0.175621 0.012061 0.017178
0 0.682566 0.595212 0.015351 0.010599
0 0.679139 0.597405 0.013980 0.012792
0 0.152823 0.155519 0.012884 0.020102
0 0.031387 0.255482 0.010691 0.016082
0 0.190652 0.480629 0.007401 0.010234
0 0.954633 0.811038 0.005208 0.008772
0 0.399534 0.188596 0.004660 0.008772
0 0.716146 0.139254 0.006853 0.010234
0 0.662418 0.731725 0.005208 0.010965
0 0.268640 0.488121 0.004934 0.006944
0 0.863213 0.909174 0.006579 0.006944
0 0.177220 0.572734 0.001919 0.011696
0 0.133772 0.841192 0.008224 0.012792
0 0.732319 0.391447 0.003564 0.005848
0 0.546601 0.576572 0.015899 0.015716
0 0.477111 0.040387 0.011239 0.016447
0 0.196820 0.711075 0.011513 0.009137
0 0.051946 0.221674 0.007950 0.006944
0 0.153509 0.171053 0.015351 0.026316
0 0.702851 0.856360 0.001096 0.009503
0 0.949424 0.775950 0.006305 0.008041
0 0.109923 0.639072 0.007675 0.012061
0 0.661458 0.920687 0.004934 0.010234
0 0.319216 0.500365 0.005757 0.007310
0 0.084156 0.237573 0.007127 0.003655
0 0.452440 0.575475 0.011787 0.018640
0 0.251234 0.169408 0.006305 0.009137
0 0.726974 0.613121 0.011513 0.017178
0 0.029879 0.208333 0.010965 0.010234
0 0.615543 0.203582 0.001371 0.008041
0 0.177083 0.249086 0.001645 0.006944
0 0.266996 0.119335 0.003838 0.002558
0 0.084293 0.747076 0.003564 0.008772
0 0.086760 0.866228 0.001919 0.016082
0 0.554550 0.353801 0.008772 0.002924
0 0.733004 0.483187 0.014803 0.015351
0 0.158854 0.520285 0.007950 0.012792
0 0.517544 0.581871 0.013706 0.005848
0 0.049205 0.226425 0.006853 0.009137
0 0.342379 0.737756 0.004386 0.006944
0 0.104441 0.587719 0.006579 0.002924
0 0.086075 0.854167 0.003289 0.010234
0 0.242325 0.151681 0.008224 0.010965
0 0.251234 0.187683 0.005208 0.009137
0 0.089912 0.293311 0.002193 0.006944
0 0.120477 0.930007 0.010143 0.010599
0 0.188048 0.521930 0.005482 0.013158
0 0.774671 0.389254 0.004386 0.009503
0 0.898026 0.742142 0.003838 0.006944
0 0.853618 0.714181 0.008224 0.012427
0 0.762198 0.341009 0.005757 0.008041
0 0.806880 0.783077 0.009046 0.010599
0 0.699698 0.299342 0.003564 0.016813
0 0.486020 0.843567 0.007127 0.010234
0 0.032072 0.181469 0.003838 0.005482
0 0.333745 0.734466 0.006853 0.010599
0 0.001096 0.857639 0.001096 0.014254
0 0.703536 0.528874 0.001919 0.008772
0 0.323876 0.405154 0.006305 0.014985
0 0.202303 0.306104 0.011513 0.013523
0 0.139117 0.694079 0.010143 0.015351
0 0.347862 0.734101 0.006031 0.013523
0 0.681880 0.580775 0.015077 0.007310
0 0.419819 0.221857 0.007950 0.012427
0 0.612253 0.902961 0.003564 0.006213
0 0.123355 0.554276 0.008772 0.009868
0 0.664200 0.724963 0.007127 0.010599
0 0.243010 0.180007 0.007401 0.008406
0 0.657484 0.307749 0.003564 0.005848
0 0.058799 0.287098 0.006853 0.007675
0 0.502878 0.357822 0.006853 0.005848
0 0.883772 0.376462 0.006579 0.010234
0 0.664062 0.728253 0.009594 0.016447
0 0.195724 0.272661 0.016996 0.018275
0 0.415707 0.221674 0.016173 0.017178
0 0.833196 0.922515 0.003564 0.005848
0 0.455318 0.618238 0.006031 0.008406
0 0.209978 0.820906 0.004934 0.002193
0 0.565104 0.301535 0.007950 0.010965
0 0.035773 0.280336 0.010143 0.008772
0 0.699287 0.526316 0.004934 0.018275
0 0.222862 0.304459 0.007675 0.010234
0 0.700658 0.521382 0.002193 0.034722
0 0.065789 0.219664 0.008224 0.008772
0 0.221628 0.796966 0.006853 0.011330
0 0.527961 0.590095 0.001645 0.005482
0 0.763295 0.358735 0.006305 0.007675
0 0.102248 0.588450 0.013706 0.003655
0 0.264254 0.120614 0.001096 0.003655
0 0.871848 0.925073 0.007401 0.005848
0 0.527001 0.581506 0.000822 0.005117
0 0.564967 0.927814 0.008772 0.014985
0 0.699013 0.521016 0.003838 0.007675
0 0.103344 0.590643 0.010417 0.005848
0 0.157072 0.110197 0.007675 0.007675
0 0.351974 0.431652 0.001096 0.006579
0 0.154879 0.579678 0.006579 0.007310
0 0.681880 0.613487 0.009046 0.011330
0 0.413651 0.510417 0.007127 0.015716
0 0.071135 0.235380 0.009046 0.001462
0 0.846902 0.923063 0.006853 0.009137
0 0.032484 0.207968 0.006305 0.009503