0 0.033580 0.223867 0.006853 0.011330
0 0.259457 0.278692 0.006853 0.024488
0 0.040433 0.122807 0.005757 0.005848
0 0.400493 0.812683 0.018092 0.010599
0 0.093202 0.056835 0.005482 0.010599
0 0.167215 0.510234 0.006579 0.008772
0 0.945175 0.366045 0.004934 0.007675
0 0.551124 0.721126 0.003015 0.004386
0 0.038103 0.595212 0.004386 0.006213
0 0.062911 0.593567 0.004112 0.008772
0 0.023438 0.356725 0.005757 0.005848
0 0.866091 0.621528 0.003015 0.005482
0 0.072643 0.707420 0.004934 0.005482
0 0.381305 0.023392 0.003289 0.005848
0 0.001096 0.098867 0.001096 0.011330
0 0.569901 0.893092 0.006031 0.010599
0 0.744518 0.615132 0.007127 0.008772
0 0.955592 0.022113 0.008224 0.007675
0 0.170504 0.485563 0.005482 0.006944
0 0.177632 0.908077 0.002193 0.022295
0 0.267407 0.586075 0.004112 0.001096
0 0.266447 0.929094 0.003289 0.013158
0 0.688734 0.228436 0.005208 0.006579
0 0.209978 0.131579 0.004386 0.005117
0 0.239309 0.089547 0.004934 0.007310
0 0.029468 0.739401 0.004112 0.005848
0 0.615132 0.595029 0.001096 0.010234
0 0.203810 0.654057 0.005208 0.005482
0 0.788240 0.595760 0.002467 0.010234
0 0.135691 0.252193 0.003838 0.005848
0 0.063322 0.799159 0.003838 0.004751
0 0.091146 0.215826 0.003564 0.005482
0 0.256853 0.716192 0.004386 0.009137
0 0.227385 0.589181 0.007401 0.004386
0 0.012473 0.603618 0.003015 0.004751
0 0.264254 0.918311 0.001096 0.011330
0 0.268092 0.703034 0.004934 0.001096
0 0.275905 0.840826 0.007950 0.008406
0 0.662144 0.764437 0.003015 0.004751
0 0.886239 0.076206 0.006031 0.009137
0 0.234238 0.135599 0.004112 0.006579
0 0.805647 0.215278 0.006579 0.006579
0 0.589775 0.877010 0.007401 0.006944
0 0.006031 0.820906 0.006031 0.002193
0 0.088679 0.057200 0.000822 0.013523
0 0.362802 0.849050 0.004660 0.005848
0 0.095806 0.698465 0.004660 0.005848
0 0.034539 0.470029 0.006579 0.002193
0 0.201206 0.721126 0.003838 0.008041
0 0.169271 0.347039 0.003564 0.006944
0 0.001782 0.347770 0.001919 0.005482
0 0.365817 0.427266 0.006305 0.010965
0 0.044271 0.423246 0.007950 0.010965
0 0.197643 0.718933 0.003838 0.005117