0 0.705592 0.596491 0.003838 0.011696
0 0.052357 0.197734 0.008224 0.019006
0 0.665433 0.376827 0.006305 0.010965
0 0.460526 0.833151 0.006031 0.011330
0 0.011513 0.196089 0.011513 0.017909
0 0.071683 0.425073 0.007950 0.011696
0 0.915844 0.387975 0.007127 0.010599
0 0.813322 0.338633 0.008772 0.012061
0 0.689282 0.302266 0.005757 0.010965
0 0.003838 0.617325 0.003838 0.019737
0 0.435855 0.507127 0.004934 0.018640
0 0.354578 0.848319 0.003564 0.012427
0 0.694901 0.632858 0.011513 0.013523
0 0.791667 0.444262 0.002193 0.017909
0 0.800027 0.722770 0.005757 0.008406
0 0.416804 0.453765 0.006853 0.007675
0 0.445587 0.522478 0.006853 0.015716
0 0.078399 0.055190 0.007127 0.016082
0 0.914885 0.714364 0.010143 0.012792
0 0.266859 0.364766 0.003564 0.013889
0 0.746573 0.292580 0.010691 0.018640
0 0.296601 0.547149 0.008772 0.014620
0 0.816612 0.517909 0.009868 0.013889
0 0.003289 0.061038 0.003289 0.018275
0 0.365954 0.478984 0.006031 0.010599
0 0.724781 0.904605 0.012610 0.020468
0 0.765077 0.810673 0.004934 0.007310
0 0.844298 0.635599 0.011513 0.021199
0 0.189419 0.222953 0.005482 0.009503
0 0.036321 0.251096 0.005757 0.010965
0 0.527549 0.578765 0.001371 0.012061
0 0.159814 0.035819 0.010965 0.019006
0 0.204221 0.780519 0.005482 0.009868
0 0.863761 0.423063 0.005482 0.008406
0 0.013432 0.471491 0.009320 0.003655
0 0.093202 0.746345 0.005482 0.040205
0 0.820312 0.095760 0.009046 0.020468
0 0.090461 0.421601 0.002741 0.012792
0 0.354852 0.526316 0.004112 0.008041
0 0.108553 0.133955 0.004934 0.008406
0 0.300027 0.839912 0.006305 0.010234
0 0.939556 0.644189 0.009046 0.012061
0 0.121573 0.182018 0.010143 0.015351
0 0.839912 0.333516 0.008772 0.012061
0 0.804825 0.693713 0.004934 0.009503
0 0.734649 0.410636 0.007675 0.013523
0 0.805373 0.618969 0.011513 0.015716
0 0.929962 0.380117 0.007401 0.010965
0 0.023026 0.542398 0.007675 0.010234
0 0.601288 0.932383 0.007401 0.006579
0 0.745888 0.822368 0.005482 0.003655
0 0.711760 0.164108 0.009046 0.016082
0 0.260828 0.751645 0.004112 0.008406
0 0.875000 0.692069 0.003838 0.013523
0 0.940241 0.041484 0.004934 0.011330
0 0.298931 0.245797 0.006853 0.012061
0 0.219435 0.241776 0.005208 0.007675
0 0.961486 0.272295 0.006305 0.013889
0 0.820312 0.807018 0.012884 0.020468
0 0.484375 0.836257 0.004934 0.008041
0 0.002741 0.242142 0.002741 0.008406
0 0.159539 0.714364 0.015899 0.012792
0 0.782621 0.551170 0.007675 0.011696
0 0.035362 0.192617 0.009868 0.017544
0 0.213405 0.794042 0.009594 0.013523
0 0.183525 0.105263 0.005208 0.008772
0 0.027138 0.576206 0.007127 0.014985
0 0.211486 0.712354 0.004660 0.007310
0 0.597999 0.538012 0.009046 0.008041
0 0.850192 0.165022 0.005208 0.007675
0 0.863350 0.301170 0.009046 0.019006
0 0.685307 0.108553 0.008772 0.012427
0 0.930373 0.091192 0.007675 0.019371
0 0.226700 0.506762 0.010965 0.019371
0 0.108416 0.537098 0.011787 0.016447
0 0.138021 0.126645 0.006305 0.009868
0 0.728207 0.251279 0.006853 0.012792
0 0.588679 0.895651 0.007950 0.009137
0 0.930510 0.875731 0.007950 0.012427
0 0.696546 0.888523 0.007675 0.012427
0 0.655976 0.608918 0.005482 0.007310
0 0.638021 0.925256 0.011239 0.020833
0 0.045779 0.258772 0.006031 0.013889
0 0.710938 0.159357 0.009046 0.032164
0 0.845395 0.290022 0.009320 0.018640
0 0.171327 0.580409 0.007675 0.008041
0 0.295230 0.293311 0.008772 0.015716
0 0.512884 0.823282 0.003838 0.004751
0 0.159814 0.620797 0.008224 0.009868
0 0.668997 0.873538 0.004660 0.008041
0 0.844709 0.196272 0.007401 0.010234
0 0.172971 0.074744 0.004934 0.008406
0 0.439693 0.417763 0.001096 0.008041
0 0.678317 0.338268 0.004660 0.006213
0 0.216968 0.394189 0.007401 0.012792
0 0.197917 0.327120 0.008224 0.013889
0 0.571820 0.762061 0.004386 0.008041
0 0.178317 0.544956 0.003015 0.017544
0 0.209978 0.724050 0.006579 0.009503
0 0.834019 0.552083 0.005208 0.008406
0 0.772478 0.689693 0.013706 0.024123
0 0.093887 0.372442 0.006305 0.008041
0 0.819216 0.874086 0.005208 0.007675
0 0.881442 0.412646 0.004112 0.014620
0 0.837993 0.478070 0.012610 0.010234
0 0.924342 0.902961 0.006579 0.006944
0 0.919956 0.096674 0.007127 0.014254
0 0.960389 0.529788 0.008498 0.013523
0 0.753701 0.707054 0.010143 0.005482
0 0.959841 0.888158 0.006853 0.009503
0 0.261650 0.379751 0.002467 0.014620
0 0.865269 0.105080 0.007950 0.012061
0 0.179825 0.597953 0.004386 0.013158
0 0.560444 0.843385 0.005208 0.009137
0 0.782621 0.836257 0.009868 0.012427
0 0.118147 0.716557 0.015351 0.014985
0 0.034677 0.029788 0.006853 0.009868
0 0.433662 0.506944 0.009868 0.020468
0 0.901453 0.125914 0.005208 0.009137
0 0.120477 0.721491 0.010691 0.016082
0 0.729030 0.217836 0.007401 0.010234
0 0.928591 0.927083 0.010143 0.006944
0 0.941064 0.078582 0.004934 0.008772
0 0.494929 0.329130 0.005208 0.009137
0 0.709430 0.580227 0.007675 0.008406
0 0.215735 0.396747 0.011513 0.018640
0 0.413514 0.185307 0.004112 0.007310
0 0.571272 0.768092 0.012061 0.017178
0 0.805099 0.831871 0.007675 0.011696
0 0.291804 0.211623 0.005757 0.008041
0 0.441201 0.294408 0.002467 0.014985
0 0.488761 0.557018 0.006031 0.008772
0 0.131031 0.006579 0.013158 0.006579
0 0.323876 0.931469 0.009046 0.008406
0 0.693942 0.044408 0.005757 0.006944
0 0.883087 0.128655 0.005757 0.010965
0 0.310444 0.347588 0.003564 0.005848
0 0.225192 0.472222 0.004660 0.004386
0 0.304962 0.662646 0.005757 0.006579
0 0.409402 0.838268 0.005757 0.007675
0 0.032758 0.029971 0.011787 0.012427
0 0.342654 0.771199 0.008772 0.011696
0 0.133361 0.005117 0.008498 0.005117
0 0.959978 0.576389 0.009868 0.016813
0 0.239995 0.208882 0.009594 0.011330
0 0.828536 0.099598 0.005208 0.009868
0 0.820175 0.101425 0.006579 0.009868
0 0.718887 0.228436 0.004112 0.007310
0 0.082374 0.578582 0.009594 0.011696
0 0.213816 0.380482 0.005482 0.006579
0 0.282209 0.562500 0.013432 0.017544
0 0.137610 0.069444 0.010965 0.021199
0 0.342105 0.518640 0.004934 0.006579
0 0.249178 0.486842 0.009320 0.011696
0 0.547834 0.847588 0.005757 0.011696
0 0.529057 0.526681 0.002741 0.025585
0 0.669682 0.681104 0.006579 0.010599
0 0.919819 0.894737 0.009046 0.012427
0 0.817845 0.806835 0.006305 0.010599
0 0.955181 0.131396 0.006853 0.014254
0 0.122259 0.063048 0.007675 0.025950
0 0.621711 0.794591 0.005482 0.005117
0 0.002193 0.484832 0.002193 0.017178
0 0.871436 0.301170 0.008772 0.019737
0 0.689419 0.298428 0.006579 0.021564
0 0.582785 0.813596 0.007675 0.009503
0 0.836486 0.713999 0.010691 0.012061
0 0.448739 0.617325 0.007675 0.010234
0 0.293311 0.590643 0.005482 0.005848
0 0.573739 0.766265 0.005482 0.007675
0 0.887884 0.278692 0.009868 0.016447
0 0.049616 0.592654 0.015351 0.007675
0 0.235334 0.766813 0.004660 0.009503
0 0.152412 0.216192 0.007675 0.012792
0 0.083470 0.599415 0.008498 0.014620
0 0.166941 0.366045 0.004386 0.009868
0 0.355400 0.470212 0.004660 0.002558
0 0.862527 0.382675 0.007401 0.017544
0 0.908717 0.608370 0.009320 0.014985
0 0.001782 0.522478 0.001919 0.006213
0 0.198191 0.451389 0.012610 0.018275
0 0.917626 0.574196 0.013432 0.021199
0 0.250959 0.889803 0.003564 0.006944
0 0.648026 0.720577 0.004386 0.006213
0 0.364309 0.697186 0.006579 0.009137
0 0.178728 0.244152 0.003289 0.010234
0 0.747396 0.206323 0.007401 0.009868
0 0.342516 0.520833 0.005757 0.011696
0 0.909128 0.269371 0.010691 0.016813
0 0.948739 0.711075 0.009320 0.009137
0 0.068120 0.230629 0.007401 0.005848
0 0.882127 0.733918 0.004934 0.009503
0 0.840461 0.553911 0.005482 0.009137
0 0.003838 0.224781 0.003838 0.016082
0 0.700247 0.624452 0.003015 0.012792
0 0.325932 0.728618 0.005482 0.006213
0 0.732182 0.523575 0.007675 0.011330
0 0.582922 0.872076 0.010691 0.017544
0 0.961349 0.409174 0.006579 0.014985
0 0.709567 0.666484 0.007950 0.010599
0 0.073328 0.126827 0.007401 0.008772
0 0.300576 0.852887 0.007401 0.010599
0 0.265488 0.292032 0.002467 0.015351
0 0.559896 0.791484 0.009046 0.012061
0 0.327851 0.876279 0.009868 0.014254
0 0.852659 0.932566 0.005208 0.006213
0 0.695175 0.872442 0.007675 0.010965
0 0.711349 0.912281 0.008224 0.013158
0 0.707237 0.582785 0.005482 0.004020
0 0.226837 0.771016 0.007950 0.009137
0 0.281798 0.589912 0.010417 0.005117
0 0.063734 0.471674 0.010691 0.004020
0 0.712445 0.657712 0.007127 0.008406
0 0.004797 0.588633 0.004660 0.004020
0 0.428728 0.611842 0.004386 0.007310
0 0.179413 0.241411 0.004112 0.007675
0 0.187911 0.520833 0.007950 0.015351
0 0.439693 0.377010 0.001096 0.009868
0 0.682703 0.413194 0.007950 0.011330
0 0.176946 0.540205 0.001371 0.008772
0 0.021245 0.238487 0.013980 0.004751
0 0.412555 0.927632 0.006031 0.008772
0 0.209293 0.605994 0.011239 0.020468
0 0.123904 0.453582 0.007127 0.014620
0 0.854030 0.460161 0.007950 0.014620
0 0.958745 0.447917 0.009594 0.012792
0 0.741091 0.843933 0.006853 0.006579
0 0.120614 0.206140 0.006579 0.014620
0 0.347314 0.782164 0.006579 0.011696
0 0.017544 0.248173 0.007675 0.011696
0 0.158169 0.619152 0.004934 0.006579
0 0.598958 0.428728 0.005482 0.013158
0 0.386787 0.469298 0.005482 0.001462
0 0.569216 0.888889 0.007401 0.009503
0 0.833607 0.551901 0.009320 0.013889
0 0.903646 0.258772 0.010143 0.015351
0 0.501371 0.551352 0.006579 0.012061
0 0.795504 0.674159 0.006031 0.015716
0 0.003427 0.245797 0.003564 0.012061
0 0.929002 0.924342 0.011513 0.014620
0 0.752467 0.703216 0.006579 0.001462
0 0.208607 0.497990 0.011513 0.014985