0 0.786047 0.598684 0.006853 0.013158
0 0.150768 0.367873 0.009868 0.012061
0 0.044956 0.918860 0.010965 0.017544
0 0.135005 0.692251 0.009594 0.013889
0 0.170093 0.718385 0.007950 0.012792
0 0.647341 0.892544 0.008498 0.013158
0 0.690378 0.860928 0.009594 0.014985
0 0.355263 0.908077 0.004386 0.013523
0 0.320587 0.486659 0.007950 0.013523
0 0.485883 0.914656 0.007950 0.012792
0 0.579770 0.485563 0.007127 0.011330
0 0.833059 0.851060 0.005482 0.009137
0 0.160499 0.345029 0.007401 0.011696
0 0.132401 0.738121 0.006579 0.012792
0 0.111431 0.459795 0.008498 0.011696
0 0.603893 0.606908 0.005482 0.008406
0 0.404879 0.599781 0.006579 0.008041
0 0.235883 0.841557 0.007401 0.010599
0 0.530565 0.329861 0.004112 0.009868
0 0.500822 0.929459 0.007127 0.011696
0 0.077851 0.390716 0.008224 0.010234
0 0.541667 0.445906 0.006579 0.010234
0 0.717654 0.717471 0.006579 0.010234
0 0.194627 0.769737 0.007127 0.010234
0 0.490269 0.541667 0.006305 0.010965
0 0.790707 0.599050 0.001371 0.013158
0 0.535499 0.427814 0.007401 0.011330
0 0.123218 0.333882 0.007401 0.010599
0 0.724370 0.381944 0.006853 0.010965
0 0.714501 0.599415 0.007401 0.011696
0 0.429962 0.798428 0.006305 0.012792
0 0.629523 0.591374 0.005757 0.006579
0 0.251508 0.322368 0.007401 0.010965
0 0.168448 0.708882 0.006305 0.006944
0 0.179139 0.724232 0.003564 0.011330
0 0.309759 0.343019 0.007675 0.011330
0 0.885965 0.410636 0.008224 0.012792
0 0.781935 0.849232 0.006853 0.009868
0 0.222314 0.611659 0.006579 0.012061
0 0.297286 0.549708 0.007401 0.011696
0 0.134457 0.768092 0.007401 0.012792
0 0.597999 0.483553 0.008498 0.014620
0 0.527961 0.833882 0.001645 0.009868
0 0.146382 0.763523 0.008224 0.011696
0 0.109923 0.430556 0.009868 0.011696
0 0.317297 0.813962 0.009046 0.009503
0 0.242873 0.272295 0.008224 0.009503
0 0.299205 0.535819 0.006853 0.010965
0 0.327577 0.372442 0.006031 0.008772
0 0.260280 0.490863 0.005757 0.009503
0 0.655291 0.728618 0.005208 0.009137
0 0.524808 0.833699 0.003015 0.010234
0 0.333745 0.482091 0.005208 0.012427
0 0.920641 0.280336 0.007950 0.010234
0 0.340598 0.784174 0.005208 0.008406
0 0.480537 0.399671 0.006031 0.009137
0 0.492462 0.929642 0.006853 0.012061
0 0.400356 0.358004 0.006305 0.006944
0 0.102933 0.455958 0.008498 0.013523
0 0.290433 0.445906 0.006305 0.010234
0 0.224370 0.650402 0.006305 0.009868
0 0.389940 0.432200 0.006305 0.010599
0 0.196820 0.789108 0.006031 0.008772
0 0.656798 0.893275 0.006579 0.012427
0 0.332785 0.327120 0.006031 0.008772
0 0.167900 0.385782 0.006305 0.009137
0 0.521519 0.509503 0.005208 0.008772
0 0.321272 0.314876 0.008224 0.009868
0 0.165433 0.599415 0.006305 0.007310
0 0.317845 0.366411 0.006305 0.010599
0 0.472314 0.767727 0.004386 0.010599
0 0.277001 0.910453 0.011787 0.019737
0 0.251371 0.387427 0.007675 0.010234
0 0.948602 0.306287 0.006305 0.008041
0 0.427357 0.790205 0.004934 0.008041
0 0.297423 0.406250 0.006031 0.010599
0 0.001096 0.730263 0.001096 0.016082
0 0.247944 0.495797 0.004112 0.009137
0 0.758498 0.451754 0.006031 0.009503
0 0.486431 0.402047 0.005757 0.008772
0 0.252741 0.239766 0.010417 0.005848
0 0.618421 0.540936 0.004386 0.010234
0 0.244518 0.385417 0.007127 0.009137
0 0.245888 0.257127 0.004386 0.006944
0 0.634731 0.577851 0.005757 0.009503
0 0.478618 0.550804 0.005482 0.008772
0 0.611294 0.621528 0.004934 0.008406
0 0.367050 0.494883 0.005482 0.006579
0 0.162007 0.367873 0.012061 0.014254
0 0.297697 0.892909 0.009320 0.012427
0 0.898849 0.379386 0.006579 0.008041
0 0.305784 0.536001 0.006305 0.009137
0 0.649945 0.660636 0.004934 0.008406
0 0.180373 0.718385 0.004934 0.012061
0 0.783717 0.472953 0.008224 0.005117
0 0.196135 0.710709 0.008498 0.009137
0 0.174616 0.724232 0.001645 0.011330
0 0.687500 0.387975 0.008224 0.012792
0 0.904194 0.384137 0.007401 0.010965
0 0.644052 0.363852 0.006853 0.007675
0 0.139117 0.705592 0.008498 0.004020
0 0.308936 0.525950 0.005482 0.009503
0 0.352522 0.577485 0.001645 0.013889
0 0.372259 0.209064 0.010965 0.019006
0 0.443531 0.239766 0.004934 0.005848
0 0.063185 0.427997 0.006305 0.012427
0 0.828673 0.514437 0.004386 0.007675
0 0.731908 0.766447 0.007675 0.010965
0 0.619106 0.311952 0.005208 0.014985
0 0.251782 0.345577 0.013980 0.010599
0 0.718202 0.477705 0.004934 0.007310
0 0.488624 0.767909 0.005208 0.008041
0 0.292078 0.534905 0.007401 0.010599
0 0.926261 0.483918 0.010965 0.013889
0 0.352111 0.341009 0.001371 0.010234
0 0.474781 0.671966 0.005482 0.009137
0 0.196546 0.642178 0.005482 0.012427
0 0.528920 0.780519 0.002467 0.010599
0 0.762061 0.494883 0.005482 0.008772
0 0.378564 0.736477 0.006579 0.008041
0 0.542215 0.814693 0.006031 0.008041
0 0.247122 0.511879 0.009594 0.015716
0 0.273575 0.474415 0.006579 0.006579
0 0.318394 0.544225 0.008498 0.009503
0 0.073328 0.415022 0.009594 0.012061
0 0.150905 0.354532 0.007950 0.003655
0 0.197643 0.315789 0.006579 0.014620
0 0.708333 0.344115 0.006579 0.010599
0 0.002056 0.717471 0.001919 0.012427
0 0.298657 0.916849 0.006853 0.010599
0 0.227385 0.658626 0.005208 0.008772
0 0.339912 0.372442 0.004934 0.008041
0 0.268503 0.309211 0.005208 0.009503
0 0.185718 0.656067 0.005757 0.008772
0 0.395559 0.436221 0.005482 0.009137
0 0.307566 0.305556 0.007127 0.011696
0 0.243010 0.622259 0.007401 0.012792
0 0.654468 0.707054 0.004660 0.005482
0 0.465186 0.134137 0.006579 0.010234
0 0.291667 0.405885 0.006031 0.009868
0 0.329359 0.623538 0.010691 0.016082
0 0.657758 0.770468 0.005208 0.008772
0 0.388021 0.442617 0.005757 0.008041
0 0.266996 0.571820 0.003838 0.011330
0 0.763158 0.485746 0.004386 0.006579
0 0.785910 0.860380 0.007127 0.010234
0 0.336623 0.558114 0.006031 0.008772
0 0.220943 0.659357 0.009868 0.010965
0 0.294682 0.439876 0.008772 0.009137
0 0.324973 0.323648 0.005208 0.006944
0 0.234375 0.501827 0.004386 0.006579
0 0.349095 0.340643 0.003564 0.009503
0 0.265214 0.563779 0.001919 0.009137
0 0.057977 0.290753 0.009594 0.016447
0 0.201617 0.908808 0.006305 0.009137
0 0.173109 0.705409 0.004660 0.003655
0 0.319627 0.925256 0.007675 0.007675
0 0.949973 0.296601 0.006305 0.007675
0 0.154468 0.389437 0.007401 0.012061
0 0.327303 0.391813 0.010417 0.020468
0 0.275082 0.914291 0.007950 0.012061
0 0.318394 0.554276 0.005208 0.009868
0 0.266036 0.314876 0.003015 0.009868
0 0.226151 0.611659 0.013158 0.013523
0 0.175987 0.716009 0.000548 0.012427
0 0.520148 0.312683 0.011239 0.017178
0 0.862664 0.422332 0.015351 0.020102
0 0.112253 0.346674 0.007950 0.007675
0 0.833882 0.712171 0.010965 0.010599
0 0.325384 0.553363 0.007127 0.008041
0 0.676946 0.808114 0.005757 0.010234
0 0.440104 0.292763 0.001371 0.008041
0 0.764666 0.472770 0.005208 0.004751
0 0.261102 0.410819 0.004112 0.009503
0 0.576754 0.480629 0.007675 0.008041
0 0.615269 0.573282 0.001371 0.007675
0 0.331552 0.502558 0.006853 0.009503
0 0.114995 0.448099 0.010691 0.014620
0 0.313596 0.552997 0.007127 0.014620
0 0.599507 0.665205 0.004934 0.007310
0 0.652275 0.444627 0.007401 0.009137
0 0.705592 0.338450 0.003838 0.011696
0 0.805510 0.437683 0.007950 0.010599
0 0.436678 0.292763 0.003838 0.007310
0 0.264803 0.411184 0.001645 0.010234
0 0.948876 0.424708 0.005757 0.008772
0 0.594846 0.676535 0.004934 0.006579
0 0.494929 0.418311 0.008498 0.014254
0 0.337719 0.446089 0.006579 0.011330
0 0.366091 0.507858 0.015077 0.023026
0 0.906113 0.406250 0.005208 0.008406
0 0.575247 0.453034 0.008498 0.008406
0 0.404057 0.445906 0.004934 0.009503
0 0.440789 0.597222 0.002193 0.012427
0 0.724781 0.786550 0.009320 0.014620
0 0.201343 0.523209 0.006853 0.009868
0 0.482182 0.786184 0.004934 0.008772
0 0.306332 0.930373 0.010143 0.010599
0 0.518640 0.275585 0.007127 0.008772
0 0.961349 0.309028 0.007127 0.008406
0 0.198191 0.537463 0.007127 0.008406
0 0.260691 0.526133 0.004386 0.012792
0 0.100055 0.424708 0.009868 0.013889
0 0.493284 0.588999 0.011239 0.004020
0 0.783306 0.754751 0.009594 0.020468
0 0.577303 0.482639 0.013158 0.014985
0 0.011239 0.854167 0.006579 0.013158
0 0.337308 0.546601 0.005757 0.008406
0 0.579221 0.519371 0.005482 0.008041
0 0.590186 0.376279 0.008224 0.013523
0 0.018777 0.740132 0.010143 0.014620
0 0.433936 0.596491 0.009320 0.011696
0 0.245477 0.365680 0.012336 0.014985
0 0.117462 0.375183 0.005757 0.008406
0 0.214912 0.665205 0.005482 0.007310
0 0.394600 0.429642 0.004660 0.006944
0 0.295779 0.527778 0.006031 0.009503
0 0.318531 0.433845 0.006031 0.006579
0 0.155428 0.914656 0.012061 0.009868
0 0.938596 0.606725 0.009868 0.019006
0 0.550850 0.311404 0.009594 0.013889
0 0.144600 0.415570 0.009046 0.013889
0 0.817982 0.400402 0.010417 0.009868
0 0.412418 0.340643 0.005757 0.008772
0 0.702851 0.595943 0.001096 0.011330
0 0.219435 0.563048 0.010691 0.017178
0 0.812911 0.575658 0.007401 0.010965
0 0.116502 0.358370 0.008772 0.007675
0 0.434485 0.295139 0.008224 0.014254
0 0.381579 0.296053 0.006031 0.009503
0 0.393914 0.421235 0.005482 0.008406
0 0.287555 0.404240 0.003838 0.007310
0 0.072917 0.458516 0.012061 0.014254
0 0.827166 0.515168 0.009046 0.011330
0 0.933388 0.657346 0.009868 0.010599
0 0.328125 0.434028 0.004934 0.006213
0 0.528646 0.769371 0.002467 0.005117
0 0.104167 0.623538 0.008772 0.010234
0 0.696272 0.574927 0.004386 0.008041
0 0.255345 0.923063 0.003564 0.006213
0 0.598273 0.648392 0.004660 0.006579
0 0.332237 0.560855 0.004386 0.006944
0 0.263706 0.490497 0.000548 0.008772
0 0.325247 0.338268 0.007950 0.009868
0 0.381853 0.322917 0.005482 0.007675
0 0.486568 0.602156 0.008772 0.011330
0 0.522204 0.456506 0.005482 0.007310
0 0.930099 0.534174 0.014803 0.012061
0 0.228070 0.573282 0.010965 0.018640
0 0.653372 0.429825 0.010691 0.016813
0 0.871299 0.463816 0.005757 0.008041
0 0.246162 0.866411 0.005482 0.011330
0 0.345669 0.660270 0.010417 0.017178
0 0.275630 0.925256 0.005757 0.007675
0 0.722451 0.917946 0.004660 0.008406
0 0.750548 0.317982 0.010965 0.021930
0 0.734649 0.383772 0.005482 0.006579
0 0.290159 0.587537 0.015625 0.002558
0 0.368010 0.408077 0.005208 0.007675
0 0.435718 0.542032 0.005208 0.009503
0 0.554139 0.360928 0.005757 0.009868
0 0.620066 0.560124 0.006031 0.017178
0 0.396382 0.353070 0.006031 0.002193
0 0.481360 0.909174 0.005482 0.009137
0 0.339638 0.381944 0.004934 0.010965
0 0.322094 0.592105 0.009868 0.007310
0 0.321546 0.412281 0.007127 0.008041
0 0.355400 0.704678 0.004660 0.002924
0 0.316338 0.333699 0.007127 0.010234
0 0.430784 0.229349 0.006853 0.009137
0 0.539748 0.342836 0.010965 0.016082
0 0.200384 0.459430 0.012061 0.016813
0 0.044271 0.317251 0.015077 0.022661
0 0.337582 0.479349 0.007401 0.009868
0 0.893914 0.373538 0.010965 0.017544
0 0.150630 0.348501 0.009594 0.004751
0 0.582237 0.851791 0.003838 0.004751
0 0.510005 0.384320 0.011787 0.010599
0 0.787829 0.652595 0.003289 0.012061
0 0.325932 0.334795 0.008772 0.012427
0 0.917489 0.590643 0.013706 0.005848
0 0.648986 0.392909 0.005208 0.006579
0 0.875137 0.480811 0.003564 0.009137
0 0.598958 0.296053 0.007675 0.013889
0 0.587719 0.576754 0.011513 0.016082
0 0.699287 0.319079 0.004934 0.008041
0 0.616365 0.607639 0.002467 0.012792
0 0.426261 0.571089 0.004386 0.006213
0 0.271107 0.341923 0.003838 0.006213
0 0.686678 0.444627 0.010965 0.017178
0 0.416118 0.385051 0.017544 0.019371
0 0.841694 0.463450 0.006305 0.008772
0 0.551261 0.383224 0.009320 0.014254
0 0.895833 0.371893 0.007675 0.012792
0 0.491776 0.305921 0.007675 0.011696
0 0.331414 0.444627 0.006579 0.009868
0 0.823602 0.716740 0.006305 0.012427
0 0.004797 0.398940 0.004660 0.009868
0 0.006716 0.793129 0.006853 0.019006
0 0.569490 0.847405 0.007401 0.009868
0 0.616776 0.323648 0.002741 0.010599
0 0.573602 0.487208 0.005208 0.006579
0 0.260143 0.292946 0.004386 0.009868
0 0.929825 0.795322 0.007127 0.010234
0 0.710252 0.334613 0.006579 0.009868
0 0.564145 0.423428 0.004934 0.006213
0 0.947231 0.306652 0.009594 0.010965
0 0.881031 0.703947 0.003838 0.002193
0 0.320175 0.496711 0.007127 0.009503
0 0.514117 0.661184 0.012884 0.025585
0 0.295504 0.452303 0.005482 0.006213
0 0.507127 0.598136 0.007675 0.010599
0 0.614995 0.571820 0.000822 0.017178
0 0.264803 0.525585 0.001645 0.010234
0 0.555784 0.743238 0.004112 0.007675
0 0.250274 0.622807 0.003838 0.008041
0 0.811129 0.773209 0.011513 0.017909
0 0.935992 0.402778 0.004112 0.007310
0 0.177083 0.671601 0.001645 0.006944
0 0.702851 0.319444 0.001096 0.008041
0 0.246025 0.256031 0.005757 0.012061
0 0.944627 0.309759 0.004934 0.006213
0 0.140625 0.480080 0.005482 0.009137
0 0.654468 0.893275 0.011239 0.016813
0 0.353618 0.710526 0.002741 0.008772
0 0.687363 0.383772 0.009046 0.024854
0 0.874726 0.477339 0.004386 0.009503
0 0.330866 0.720943 0.003838 0.009137
0 0.471902 0.644006 0.006305 0.007310
0 0.326343 0.598501 0.007950 0.012792
0 0.587308 0.572551 0.010691 0.008406
0 0.916804 0.493421 0.009046 0.010965
0 0.945998 0.287646 0.005482 0.007310
0 0.758224 0.453947 0.008224 0.014620
0 0.787144 0.861477 0.003564 0.009503
0 0.437226 0.375548 0.002741 0.020833
0 0.018092 0.592105 0.012610 0.007310
0 0.794545 0.814693 0.004660 0.005117
0 0.344709 0.903326 0.003564 0.008406
0 0.274534 0.341923 0.004112 0.007675
0 0.308251 0.751462 0.011239 0.012427
0 0.727248 0.123538 0.004386 0.006579
0 0.304688 0.479532 0.009046 0.011696
0 0.251508 0.385599 0.010691 0.016082
0 0.710663 0.596491 0.009046 0.011696
0 0.295641 0.843019 0.004112 0.008406
0 0.331963 0.481542 0.009868 0.013523
0 0.165022 0.469481 0.009320 0.001827
0 0.331277 0.394737 0.018914 0.029971
0 0.182429 0.606360 0.006853 0.016082
0 0.303728 0.555556 0.007127 0.011696
0 0.775493 0.764072 0.010417 0.025950
0 0.027686 0.580409 0.005482 0.008772
0 0.261787 0.458516 0.002741 0.014254
0 0.156387 0.908443 0.015077 0.023026
0 0.386376 0.810124 0.011787 0.016447
0 0.012061 0.348136 0.007675 0.005482
0 0.285088 0.322551 0.011513 0.014985
0 0.658032 0.589181 0.005208 0.004386
0 0.439693 0.297880 0.001096 0.005848