0 0.671464 0.729167 0.006305 0.010234
0 0.735609 0.717654 0.006853 0.012061
0 0.847314 0.726791 0.009320 0.011330
0 0.858141 0.306652 0.006305 0.009503
0 0.745888 0.759320 0.007675 0.011330
0 0.394052 0.746711 0.006305 0.008772
0 0.680510 0.300439 0.006305 0.009503
0 0.105400 0.277230 0.006853 0.009137
0 0.327440 0.564693 0.007401 0.009503
0 0.461623 0.401499 0.006031 0.008406
0 0.744243 0.151499 0.006031 0.009868
0 0.674753 0.224415 0.006853 0.014620
0 0.821820 0.427266 0.006031 0.010965
0 0.846491 0.563596 0.006031 0.010234
0 0.221491 0.249086 0.007127 0.013523
0 0.842928 0.192617 0.004934 0.010965
0 0.072917 0.595760 0.008772 0.010965
0 0.960800 0.503838 0.007675 0.009137
0 0.365954 0.620797 0.012610 0.020102
0 0.767133 0.482639 0.005757 0.008406
0 0.769874 0.763523 0.009046 0.014620
0 0.908991 0.754934 0.005482 0.009868
0 0.446957 0.220577 0.005208 0.009137
0 0.130071 0.284174 0.006853 0.011330
0 0.782346 0.509686 0.006579 0.014254
0 0.851974 0.567617 0.010965 0.018275
0 0.177083 0.593750 0.001645 0.009137
0 0.298246 0.483187 0.009320 0.012427
0 0.522889 0.385599 0.006853 0.010965
0 0.352385 0.597039 0.001371 0.012061
0 0.699013 0.598684 0.005482 0.013889
0 0.308936 0.690972 0.010417 0.010599
0 0.319490 0.885234 0.006853 0.009503
0 0.715461 0.230811 0.004934 0.006213
0 0.251645 0.864766 0.007127 0.010234
0 0.464912 0.577485 0.009868 0.013158
0 0.879934 0.474598 0.002741 0.006944
0 0.177632 0.592836 0.002193 0.008041
0 0.638706 0.861294 0.004934 0.007675
0 0.403372 0.139985 0.004660 0.013158
0 0.892407 0.519920 0.005757 0.012061
0 0.279879 0.647661 0.010965 0.016813
0 0.226974 0.087354 0.004386 0.008772
0 0.341831 0.644189 0.008224 0.009137
0 0.462993 0.476425 0.004386 0.006213
0 0.179962 0.691886 0.004660 0.019737
0 0.285225 0.367142 0.007401 0.013523
0 0.202029 0.100877 0.006579 0.010965
0 0.840323 0.644371 0.010143 0.013158
0 0.771107 0.821637 0.009868 0.002924
0 0.048657 0.855263 0.005757 0.008772
0 0.930921 0.438048 0.007127 0.014254
0 0.768092 0.873904 0.008224 0.011696
0 0.085115 0.407529 0.004660 0.013889
0 0.778646 0.768640 0.009046 0.010965
0 0.807429 0.290753 0.006853 0.009868
0 0.303317 0.356177 0.008498 0.005482
0 0.815241 0.450110 0.010417 0.018640
0 0.335663 0.733187 0.008498 0.012427
0 0.325795 0.213268 0.008498 0.010599
0 0.736568 0.106360 0.010417 0.018275
0 0.856497 0.138706 0.003015 0.006944
0 0.178180 0.472222 0.002741 0.004386
0 0.940515 0.360197 0.006031 0.009137
0 0.325110 0.198830 0.007675 0.013889
0 0.416530 0.126462 0.006853 0.009503
0 0.864035 0.508041 0.008224 0.016813
0 0.634868 0.555556 0.010417 0.011696
0 0.887198 0.475146 0.010143 0.007310
0 0.703262 0.375731 0.001371 0.007310
0 0.426809 0.572186 0.006579 0.009868
0 0.247396 0.058662 0.010691 0.007675
0 0.762336 0.827303 0.005482 0.008406
0 0.287281 0.461806 0.008224 0.012061
0 0.904331 0.374452 0.012061 0.013523
0 0.428865 0.165022 0.005208 0.005482
0 0.810444 0.241228 0.010143 0.007310
0 0.907346 0.375000 0.007675 0.012427
0 0.683799 0.255665 0.004112 0.006213
0 0.866365 0.219298 0.003564 0.008041
0 0.258909 0.155519 0.006305 0.016447
0 0.857730 0.591374 0.009320 0.006579
0 0.782621 0.471308 0.006579 0.003289
0 0.648849 0.353070 0.004934 0.002193
0 0.017270 0.005665 0.008224 0.005482
0 0.589638 0.205775 0.003838 0.007310
0 0.643366 0.081871 0.004386 0.006579
0 0.186129 0.708699 0.006031 0.006579
0 0.070861 0.267361 0.016721 0.016447
0 0.514529 0.502193 0.006031 0.008041
0 0.709567 0.024854 0.004660 0.010234
0 0.766996 0.201937 0.005482 0.008406
0 0.527412 0.268823 0.001096 0.008406
0 0.751508 0.265168 0.011239 0.030336
0 0.879934 0.470943 0.002741 0.003289
0 0.868695 0.362939 0.004386 0.008772
0 0.669545 0.249635 0.008498 0.015351
0 0.872122 0.481725 0.010143 0.013889
0 0.763295 0.815424 0.005208 0.006579
0 0.913651 0.419591 0.012610 0.025585
0 0.402138 0.158260 0.003838 0.007310
0 0.810307 0.284722 0.010417 0.016813
0 0.288925 0.472039 0.008772 0.004020
0 0.596765 0.166118 0.007127 0.011330
0 0.581689 0.356725 0.008772 0.005848
0 0.908717 0.441155 0.003289 0.006579
0 0.477796 0.343567 0.008772 0.011696
0 0.843613 0.571637 0.007401 0.011696
0 0.327029 0.205958 0.012610 0.025219
0 0.907346 0.372990 0.005482 0.008406
0 0.850192 0.543494 0.008498 0.013889
0 0.872122 0.522844 0.009046 0.012061
0 0.492325 0.153509 0.006031 0.010965
0 0.488898 0.153874 0.004660 0.008772
0 0.899945 0.510782 0.009320 0.008406
0 0.633087 0.560124 0.012336 0.019371
0 0.417763 0.211623 0.008772 0.013158
0 0.410362 0.731725 0.006031 0.010234
0 0.431469 0.172515 0.008224 0.012427
0 0.684759 0.130117 0.004934 0.010234
0 0.585252 0.204313 0.004934 0.008041
0 0.696820 0.330592 0.004386 0.006944
0 0.701206 0.597953 0.001096 0.013158
0 0.366776 0.597953 0.009320 0.013158
0 0.423383 0.730080 0.015077 0.020833
0 0.852522 0.617873 0.008772 0.012792
0 0.478207 0.549525 0.004660 0.007675
0 0.746985 0.840826 0.006031 0.009137
0 0.331277 0.639803 0.009594 0.013523
0 0.940927 0.728436 0.004112 0.006579
0 0.959430 0.576572 0.008772 0.014985
0 0.858004 0.587537 0.007675 0.002558
0 0.771793 0.322734 0.010143 0.007310
0 0.815789 0.912281 0.007127 0.007310
0 0.939693 0.346308 0.007675 0.009137
0 0.589501 0.077851 0.005208 0.024123
0 0.221217 0.252924 0.009868 0.019006
0 0.764940 0.122076 0.003564 0.005117
0 0.248355 0.346491 0.007127 0.008772
0 0.855263 0.689145 0.008772 0.012792
0 0.786184 0.230629 0.004934 0.006579
0 0.310033 0.194810 0.007675 0.013158
0 0.907895 0.314327 0.006579 0.009503
0 0.748492 0.107273 0.010143 0.019371
0 0.718613 0.248538 0.009046 0.013889
0 0.199424 0.099598 0.009594 0.012792
0 0.659677 0.223319 0.007950 0.015351
0 0.632264 0.554276 0.005757 0.009137
0 0.518503 0.760234 0.003015 0.003655