0 0.943394 0.274488 0.008498 0.013158
0 0.441475 0.483187 0.003015 0.015351
0 0.763295 0.135782 0.004660 0.010599
0 0.908443 0.540936 0.008772 0.013158
0 0.873629 0.875183 0.007127 0.014254
0 0.064008 0.483370 0.009046 0.013523
0 0.954359 0.673794 0.008498 0.013523
0 0.927769 0.489766 0.011239 0.016082
0 0.786184 0.278509 0.006031 0.011696
0 0.938322 0.751279 0.012610 0.013523
0 0.223273 0.457785 0.006305 0.009137
0 0.724095 0.143458 0.007950 0.013523
0 0.341420 0.129934 0.008498 0.012792
0 0.646930 0.900402 0.009868 0.014985
0 0.242050 0.287098 0.005482 0.008406
0 0.140762 0.360746 0.007401 0.009503
0 0.413514 0.633589 0.005757 0.008406
0 0.219572 0.155702 0.007675 0.011696
0 0.659265 0.743969 0.004934 0.007675
0 0.003289 0.597222 0.003289 0.012427
0 0.927495 0.748355 0.005757 0.009868
0 0.943394 0.501096 0.007950 0.009503
0 0.103207 0.453947 0.007401 0.013158
0 0.176672 0.318531 0.001371 0.010599
0 0.704496 0.729898 0.002741 0.010234
0 0.278509 0.177449 0.010417 0.014254
0 0.783443 0.383772 0.011513 0.015351
0 0.073739 0.639254 0.014803 0.021199
0 0.948054 0.165205 0.010691 0.017544
0 0.944216 0.277230 0.006853 0.008406
0 0.085526 0.835161 0.003838 0.009503
0 0.827577 0.329861 0.009320 0.017909
0 0.646930 0.909539 0.008772 0.009868
0 0.072094 0.301718 0.007127 0.009868
0 0.353618 0.494335 0.002741 0.022295
0 0.057840 0.599415 0.012061 0.014620
0 0.089775 0.283077 0.001919 0.009868
0 0.882538 0.392361 0.005208 0.012792
0 0.851288 0.076572 0.006853 0.012061
0 0.948328 0.243787 0.004660 0.007310
0 0.127467 0.438231 0.006579 0.009503
0 0.649123 0.806835 0.012061 0.017178
0 0.179276 0.572003 0.003838 0.010234
0 0.164474 0.404788 0.011513 0.014985
0 0.045916 0.853618 0.006853 0.008406
0 0.057292 0.829130 0.009868 0.010599
0 0.351974 0.626462 0.001096 0.013889
0 0.827714 0.362208 0.003564 0.005117
0 0.042900 0.504203 0.016173 0.023757
0 0.168586 0.601243 0.008772 0.010234
0 0.956963 0.012975 0.006579 0.009868
0 0.091968 0.169408 0.004112 0.012061
0 0.004249 0.431104 0.004112 0.013523
0 0.934759 0.919225 0.009868 0.014620
0 0.370888 0.339181 0.014803 0.023392
0 0.001645 0.277961 0.001645 0.016447
0 0.178317 0.618238 0.003015 0.012792
0 0.637061 0.520651 0.004386 0.008406
0 0.852248 0.673611 0.006579 0.010965
0 0.929550 0.542763 0.008224 0.010965
0 0.583607 0.368969 0.010417 0.012792
0 0.637747 0.765351 0.007950 0.010234
0 0.784677 0.445175 0.009594 0.019006
0 0.099232 0.413377 0.011513 0.024123
0 0.352522 0.636696 0.001645 0.010965
0 0.070861 0.440972 0.009046 0.012792
0 0.859923 0.493056 0.007675 0.013889
0 0.857456 0.634868 0.004934 0.006579
0 0.875000 0.679094 0.003838 0.008772
0 0.065927 0.849050 0.005208 0.005848
0 0.176535 0.317800 0.001096 0.018640
0 0.816612 0.790936 0.003838 0.009503
0 0.938871 0.809942 0.006031 0.009503
0 0.001508 0.783626 0.001371 0.008772
0 0.217105 0.358918 0.010417 0.008041
0 0.735746 0.133772 0.007127 0.012427
0 0.660636 0.828765 0.006579 0.008406
0 0.167900 0.213633 0.004660 0.006944
0 0.913788 0.548977 0.013432 0.017544
0 0.784814 0.014803 0.007675 0.008406
0 0.924342 0.194079 0.010417 0.010965
0 0.257950 0.610015 0.004386 0.005117
0 0.763295 0.593019 0.010691 0.008406
0 0.039885 0.498904 0.008498 0.011696
0 0.934211 0.057566 0.006579 0.011330
0 0.620614 0.007493 0.006579 0.007675
0 0.101014 0.242873 0.009594 0.009137
0 0.093887 0.860746 0.006305 0.010234
0 0.661321 0.876462 0.006305 0.006579
0 0.136650 0.360015 0.003564 0.005848
0 0.932292 0.517727 0.008772 0.012792
0 0.050987 0.862756 0.006031 0.008406
0 0.160910 0.607273 0.006579 0.008406
0 0.093202 0.838633 0.005482 0.018640
0 0.903509 0.703947 0.009868 0.002193
0 0.864995 0.062135 0.007401 0.009503
0 0.063185 0.611294 0.005208 0.007675
0 0.132950 0.886696 0.015899 0.014620
0 0.080318 0.396747 0.010965 0.017178
0 0.878975 0.679825 0.001919 0.010234
0 0.653646 0.065424 0.013980 0.014620
0 0.408306 0.454313 0.017818 0.027047
0 0.120066 0.160270 0.006031 0.009137
0 0.627330 0.724415 0.005208 0.007310
0 0.460526 0.690241 0.008772 0.015716
0 0.184348 0.252010 0.005208 0.007675
0 0.655428 0.904240 0.011513 0.014620
0 0.926946 0.371711 0.008498 0.015351
0 0.632675 0.053180 0.010417 0.011330
0 0.106497 0.814876 0.005757 0.006213
0 0.731634 0.135782 0.015351 0.018640
0 0.658032 0.892361 0.007401 0.013523
0 0.353070 0.489218 0.002193 0.021564
0 0.390762 0.125914 0.004660 0.005482
0 0.220532 0.266996 0.013980 0.013523
0 0.238761 0.684576 0.009320 0.013889
0 0.759320 0.782529 0.007127 0.008041
0 0.924205 0.057383 0.004660 0.008772
0 0.823602 0.373904 0.007401 0.008041
0 0.193120 0.229167 0.006305 0.008772
0 0.934348 0.586440 0.006853 0.001827
0 0.144737 0.235563 0.010965 0.001827
0 0.950521 0.111842 0.005208 0.008041
0 0.171190 0.285819 0.007950 0.017544
0 0.861842 0.047149 0.004386 0.007310
0 0.624041 0.738121 0.007401 0.011330
0 0.875959 0.361659 0.002467 0.009868
0 0.238898 0.087537 0.004112 0.006213
0 0.634046 0.524671 0.010965 0.017909
0 0.879249 0.610380 0.001919 0.010965
0 0.652275 0.809393 0.005757 0.008406
0 0.922560 0.502193 0.009594 0.013889
0 0.874726 0.893640 0.004934 0.013158
0 0.639666 0.227156 0.010143 0.013523
0 0.667078 0.439693 0.006305 0.005117
0 0.625548 0.123355 0.007127 0.006213
0 0.895422 0.243969 0.006305 0.009868
0 0.520011 0.017727 0.012061 0.014254
0 0.097588 0.222405 0.009868 0.023026
0 0.068668 0.430921 0.007950 0.010965
0 0.453125 0.480994 0.010417 0.013158
0 0.287555 0.176170 0.008772 0.017544
0 0.792900 0.876279 0.003564 0.015716
0 0.890214 0.544591 0.009046 0.010234
0 0.708607 0.472039 0.006031 0.004020
0 0.063596 0.550439 0.008772 0.010234
0 0.917352 0.545870 0.006853 0.009868
0 0.258224 0.622442 0.009868 0.018275
0 0.401042 0.487025 0.016996 0.019371
0 0.796053 0.775950 0.006579 0.009503
0 0.012747 0.355080 0.012884 0.004020
0 0.001234 0.256762 0.001371 0.006213
0 0.936266 0.501096 0.005757 0.007310
0 0.871711 0.745431 0.006579 0.010599
0 0.003975 0.416301 0.004112 0.016082
0 0.680373 0.193896 0.005482 0.008406
0 0.061404 0.641447 0.013706 0.014620
0 0.163103 0.461988 0.010965 0.010234
0 0.935718 0.587537 0.009046 0.002558
0 0.607045 0.003472 0.009594 0.003289
0 0.624452 0.125183 0.010417 0.008406
0 0.091009 0.220577 0.003289 0.011330
0 0.072505 0.451572 0.010143 0.010599
0 0.776727 0.138706 0.012336 0.012792
0 0.271382 0.226608 0.008224 0.012427
0 0.311404 0.110380 0.007675 0.011696
0 0.088405 0.833333 0.000822 0.014620
0 0.266447 0.759503 0.003289 0.015351
0 0.169271 0.210526 0.009046 0.013889
0 0.937500 0.586988 0.005482 0.002193
0 0.091557 0.443531 0.003838 0.012061
0 0.523986 0.201572 0.004112 0.008406
0 0.948191 0.296235 0.005482 0.006213
0 0.961897 0.231360 0.004934 0.005117
0 0.793860 0.502010 0.004386 0.006944
0 0.049205 0.872442 0.005757 0.008041
0 0.927083 0.581506 0.008224 0.006579
0 0.944216 0.286915 0.007401 0.008772
0 0.002878 0.812865 0.003015 0.011696
0 0.101700 0.525037 0.007127 0.009868
0 0.055784 0.551170 0.006853 0.009503
0 0.955318 0.387244 0.012061 0.014985
0 0.171190 0.412646 0.008498 0.022661
0 0.173246 0.403509 0.004386 0.007310
0 0.858279 0.278874 0.006031 0.009503
0 0.083196 0.328034 0.009046 0.014985
0 0.838405 0.259503 0.008498 0.012427
0 0.002056 0.642909 0.001919 0.018275
0 0.090461 0.275950 0.002741 0.005117
0 0.893366 0.244883 0.011513 0.010965
0 0.765762 0.003655 0.005208 0.003655
0 0.577577 0.210892 0.017544 0.024123