0 0.059485 0.793860 0.008224 0.012427
0 0.239172 0.599050 0.007950 0.009503
0 0.228070 0.812865 0.006579 0.010234
0 0.568531 0.482639 0.006031 0.011330
0 0.573602 0.382310 0.008498 0.010965
0 0.217928 0.453399 0.007675 0.011330
0 0.022341 0.806104 0.007950 0.010599
0 0.353618 0.733004 0.002741 0.010599
0 0.199836 0.444627 0.007127 0.012061
0 0.348136 0.764985 0.005482 0.010234
0 0.233416 0.849963 0.006305 0.010599
0 0.352933 0.886148 0.001919 0.014254
0 0.665570 0.877010 0.006031 0.009868
0 0.340872 0.373904 0.005208 0.008041
0 0.355811 0.790936 0.004934 0.008772
0 0.294545 0.695724 0.006853 0.009137
0 0.514529 0.874452 0.005482 0.011330
0 0.550302 0.358370 0.006305 0.007675
0 0.343339 0.437135 0.006305 0.010234
0 0.349370 0.885599 0.003015 0.012427
0 0.555784 0.356177 0.007401 0.005482
0 0.139940 0.634137 0.005757 0.010234
0 0.306606 0.678363 0.005757 0.008772
0 0.520559 0.307566 0.006579 0.010599
0 0.206277 0.444444 0.008498 0.016813
0 0.572780 0.415205 0.007401 0.011696
0 0.253015 0.853070 0.007675 0.011696
0 0.961349 0.712719 0.007127 0.010965
0 0.348136 0.743969 0.004934 0.008406
0 0.488213 0.841374 0.006031 0.009503
0 0.347588 0.528874 0.006031 0.010234
0 0.243284 0.255300 0.003564 0.006213
0 0.180921 0.744700 0.005482 0.006944
0 0.393503 0.691155 0.005208 0.009503
0 0.269326 0.544042 0.006305 0.012061
0 0.234649 0.498355 0.009868 0.009868
0 0.378838 0.523026 0.007127 0.010234
0 0.251508 0.496528 0.006853 0.009137
0 0.496436 0.302997 0.005482 0.008772
0 0.391036 0.548063 0.007950 0.011330
0 0.260965 0.613852 0.003838 0.007675
0 0.553728 0.401316 0.007127 0.010234
0 0.595943 0.460892 0.006579 0.009503
0 0.720806 0.851243 0.008498 0.010234
0 0.401590 0.511696 0.008224 0.011696
0 0.241091 0.491959 0.010143 0.011696
0 0.246436 0.595029 0.008224 0.010234
0 0.592654 0.301901 0.006031 0.008772
0 0.360609 0.463085 0.008498 0.009503
0 0.539062 0.455227 0.011787 0.023026
0 0.353755 0.538560 0.003015 0.011330
0 0.572094 0.485746 0.004934 0.016082
0 0.253838 0.525768 0.007127 0.010599
0 0.368695 0.517727 0.005482 0.009868
0 0.210389 0.798246 0.011239 0.017544
0 0.359512 0.502741 0.006305 0.008406
0 0.361020 0.769554 0.007127 0.010599
0 0.343750 0.890899 0.006031 0.008406
0 0.013295 0.783991 0.009046 0.010965
0 0.188871 0.732456 0.006579 0.007310
0 0.025082 0.814876 0.008498 0.006944
0 0.056058 0.551535 0.005757 0.008772
0 0.024123 0.561038 0.012610 0.017544
0 0.511376 0.421601 0.006305 0.007675
0 0.229852 0.599598 0.005208 0.010599
0 0.733553 0.884686 0.006579 0.009137
0 0.352385 0.810124 0.001371 0.010599
0 0.239720 0.508041 0.008498 0.008772
0 0.196409 0.536732 0.007401 0.008406
0 0.358141 0.729349 0.007401 0.016447
0 0.503838 0.724232 0.006031 0.008406
0 0.864583 0.829678 0.004934 0.010234
0 0.086212 0.532164 0.003015 0.008772
0 0.488350 0.261330 0.005757 0.008772
0 0.243695 0.500548 0.008224 0.008406
0 0.322917 0.388523 0.005482 0.008772
0 0.333607 0.590461 0.005482 0.005482
0 0.221628 0.755665 0.009594 0.012792
0 0.293997 0.785636 0.006305 0.009137
0 0.273575 0.496893 0.004386 0.008406
0 0.324013 0.387975 0.008224 0.012061
0 0.793448 0.356542 0.004112 0.005482
0 0.707100 0.741228 0.004660 0.009503
0 0.778235 0.381213 0.008224 0.011696
0 0.395148 0.517361 0.004660 0.009137
0 0.007812 0.589730 0.007950 0.004751
0 0.246848 0.598684 0.006305 0.008041
0 0.482045 0.258589 0.004112 0.006944
0 0.349232 0.707054 0.003289 0.005482
0 0.251508 0.890168 0.005757 0.010599
0 0.151590 0.837719 0.004386 0.004386
0 0.783991 0.775037 0.007127 0.009137
0 0.222862 0.598684 0.004934 0.008772
0 0.346902 0.879386 0.006853 0.010965
0 0.528509 0.301352 0.002193 0.011330
0 0.344572 0.490680 0.007127 0.012061
0 0.283306 0.048977 0.005208 0.006579
0 0.622670 0.719298 0.004112 0.008041
0 0.504934 0.892361 0.004934 0.009137
0 0.722451 0.624086 0.011239 0.013523
0 0.422697 0.248538 0.006031 0.011696
0 0.409539 0.123721 0.004934 0.006213
0 0.077577 0.537646 0.004934 0.005848
0 0.350192 0.539108 0.001371 0.009503
0 0.623355 0.896016 0.009320 0.013523
0 0.394189 0.914839 0.008224 0.023392
0 0.253975 0.396199 0.005757 0.008041
0 0.626371 0.309576 0.006579 0.009503
0 0.469161 0.665936 0.007401 0.010965
0 0.216283 0.931287 0.007127 0.008772
0 0.003701 0.793311 0.003564 0.017178
0 0.873766 0.823830 0.006305 0.005117
0 0.664748 0.598136 0.011513 0.009137
0 0.085663 0.580409 0.003564 0.008041
0 0.268640 0.633589 0.004934 0.007675
0 0.186129 0.742142 0.006031 0.006944
0 0.244518 0.246345 0.003838 0.005848
0 0.271382 0.685855 0.005482 0.008406
0 0.056332 0.532895 0.006853 0.008772
0 0.245614 0.591557 0.008772 0.006944
0 0.733553 0.307749 0.006031 0.016082
0 0.293311 0.689145 0.006031 0.009137
0 0.003838 0.591374 0.003838 0.006579
0 0.754249 0.308662 0.015077 0.023757
0 0.082785 0.529057 0.006031 0.006944
0 0.279468 0.053545 0.005208 0.007675
0 0.095121 0.536550 0.004934 0.007310
0 0.145970 0.195358 0.007950 0.012792
0 0.281661 0.676352 0.004112 0.006944
0 0.238487 0.750548 0.006031 0.011330
0 0.600192 0.815058 0.007401 0.006579
0 0.354167 0.879203 0.003289 0.008406
0 0.763295 0.446455 0.010691 0.008406
0 0.472588 0.439876 0.004934 0.005482
0 0.239309 0.586988 0.006579 0.002193
0 0.357319 0.869883 0.006305 0.008772
0 0.774123 0.242325 0.004934 0.006579
0 0.012747 0.770468 0.006305 0.008772
0 0.469161 0.598684 0.005757 0.011696
0 0.527549 0.679276 0.001371 0.009137
0 0.465872 0.322186 0.006305 0.010599
0 0.258772 0.473136 0.006579 0.005482
0 0.426535 0.600694 0.007675 0.011330
0 0.078399 0.924890 0.010965 0.013523
0 0.519189 0.386696 0.008224 0.009503
0 0.291804 0.671784 0.004112 0.005848
0 0.389254 0.530519 0.007127 0.007675
0 0.280016 0.042032 0.004660 0.007310
0 0.131579 0.516447 0.007127 0.008772
0 0.675987 0.872259 0.005482 0.008406
0 0.078125 0.529788 0.004934 0.007675
0 0.628152 0.611111 0.007950 0.015351
0 0.791118 0.489401 0.001645 0.006579
0 0.253564 0.246345 0.004386 0.005848
0 0.540296 0.450292 0.008772 0.012427
0 0.714090 0.372990 0.008224 0.007675
0 0.593202 0.382493 0.004934 0.009137
0 0.673794 0.447734 0.006579 0.010965
0 0.292352 0.152047 0.004112 0.008041
0 0.540296 0.678728 0.005482 0.009503
0 0.243969 0.606360 0.008772 0.013158
0 0.094846 0.516996 0.004934 0.006944
0 0.762884 0.775219 0.008224 0.013889
0 0.217379 0.594481 0.008224 0.009868
0 0.328536 0.590826 0.004660 0.006213
0 0.368832 0.125548 0.004660 0.007675
0 0.343887 0.487208 0.005757 0.005848
0 0.387473 0.544042 0.005757 0.007675
0 0.318531 0.613121 0.004934 0.006213
0 0.658169 0.489583 0.007127 0.009868
0 0.244243 0.237573 0.002741 0.003655
0 0.213405 0.444810 0.007401 0.011696
0 0.720395 0.856908 0.010965 0.020833
0 0.582648 0.386148 0.010691 0.016447
0 0.755482 0.445175 0.005482 0.005848
0 0.391721 0.447003 0.008224 0.012427
0 0.898849 0.858918 0.015351 0.036550
0 0.176946 0.173063 0.001371 0.007675
0 0.423931 0.436038 0.005757 0.009503
0 0.439145 0.097222 0.000548 0.016082
0 0.329084 0.080592 0.004660 0.006213
0 0.457374 0.132127 0.006305 0.010599
0 0.802632 0.502376 0.006031 0.017178
0 0.232319 0.019189 0.005208 0.008406
0 0.307977 0.549342 0.009594 0.013158
0 0.806743 0.487025 0.004934 0.008406
0 0.024671 0.820358 0.007675 0.001827
0 0.926946 0.667215 0.006853 0.008406
0 0.724781 0.621893 0.006579 0.006944
0 0.487664 0.249452 0.011513 0.014985
0 0.690515 0.525402 0.013158 0.014254
0 0.535088 0.300073 0.006579 0.006579
0 0.694079 0.767544 0.006579 0.008772
0 0.682429 0.370797 0.004660 0.006944
0 0.056743 0.928728 0.012610 0.013889
0 0.703399 0.925621 0.001645 0.010599
0 0.629660 0.149306 0.005482 0.009137
0 0.423931 0.600877 0.013980 0.013158
0 0.392955 0.691155 0.008498 0.012427
0 0.228893 0.540022 0.007127 0.009137
0 0.388843 0.538012 0.009046 0.020468
0 0.897752 0.361842 0.006031 0.010965
0 0.769326 0.546418 0.007950 0.009503
0 0.354167 0.683845 0.003289 0.024123
0 0.522204 0.681652 0.008224 0.013889
0 0.410225 0.358187 0.006853 0.007310
0 0.264391 0.522113 0.001371 0.010599
0 0.260965 0.539656 0.003838 0.006944
0 0.587719 0.914291 0.006031 0.007675
0 0.365406 0.259686 0.011513 0.014254
0 0.585115 0.318896 0.005208 0.007675
0 0.250685 0.522661 0.004112 0.008041
0 0.439693 0.025585 0.001096 0.008041
0 0.012473 0.858553 0.006853 0.010965
0 0.227933 0.501096 0.004660 0.007310
0 0.821546 0.184759 0.008224 0.007675
0 0.009320 0.418129 0.009320 0.019737
0 0.667489 0.447734 0.004386 0.005117
0 0.757675 0.258589 0.004934 0.009137
0 0.349370 0.809211 0.002467 0.013889
0 0.089501 0.537646 0.001919 0.008772
0 0.791118 0.383406 0.001645 0.008041
0 0.587719 0.260234 0.012610 0.020468
0 0.790159 0.388706 0.000822 0.017909
0 0.294408 0.036915 0.008772 0.011696
0 0.653783 0.630848 0.005482 0.006579
0 0.801946 0.281615 0.006305 0.008406
0 0.181058 0.399671 0.004112 0.006213
0 0.695724 0.541301 0.006579 0.012427
0 0.362802 0.261148 0.005208 0.007675
0 0.243147 0.497442 0.012061 0.017544
0 0.578810 0.508041 0.010691 0.017544
0 0.485060 0.833333 0.006853 0.008041
0 0.089364 0.532346 0.001645 0.008406
0 0.864583 0.792215 0.005482 0.006944
0 0.333333 0.220760 0.003838 0.007310
0 0.150493 0.368604 0.003838 0.007675
0 0.145559 0.816886 0.012061 0.003655
0 0.158580 0.469481 0.006853 0.001827
0 0.353618 0.893092 0.002741 0.012792
0 0.071820 0.800804 0.004386 0.006579
0 0.351562 0.765168 0.000822 0.009137
0 0.243284 0.492142 0.005757 0.009137
0 0.161458 0.464547 0.005482 0.006579
0 0.791667 0.385417 0.002193 0.013523
0 0.164885 0.687865 0.006305 0.006579
0 0.784265 0.796418 0.003838 0.005117
0 0.654057 0.472953 0.006579 0.005117
0 0.664200 0.649488 0.011513 0.019006
0 0.462719 0.926718 0.011513 0.017909
0 0.915433 0.485746 0.003564 0.005848
0 0.251782 0.470029 0.005757 0.002193
0 0.760005 0.254569 0.004660 0.006944
0 0.376234 0.459613 0.006305 0.009868
0 0.218887 0.603253 0.005757 0.004751
0 0.214775 0.512975 0.008498 0.010599
0 0.504249 0.731725 0.007401 0.019006
0 0.584567 0.437500 0.008498 0.013889
0 0.790022 0.359832 0.000548 0.009137
0 0.298931 0.686952 0.008498 0.010599
0 0.640351 0.503289 0.003838 0.005117
0 0.853070 0.589364 0.006031 0.004751
0 0.511924 0.415387 0.004112 0.006213
0 0.791804 0.299159 0.002467 0.017178
0 0.593887 0.493056 0.014529 0.021199
0 0.778783 0.813048 0.007675 0.009868
0 0.793723 0.486477 0.004112 0.010234
0 0.618969 0.718019 0.004934 0.008406
0 0.417626 0.658991 0.005757 0.008772
0 0.496848 0.609832 0.008498 0.013523
0 0.754112 0.555738 0.004386 0.004751
0 0.030565 0.598136 0.005757 0.008406
0 0.488076 0.860563 0.010143 0.016447
0 0.745066 0.437865 0.006579 0.013889
0 0.641584 0.692617 0.011787 0.010234
0 0.663788 0.487573 0.003564 0.005848
0 0.692160 0.851243 0.003838 0.008041
0 0.136239 0.609649 0.010417 0.012427
0 0.667489 0.488852 0.015351 0.020102
0 0.090049 0.539291 0.002467 0.007675
0 0.743832 0.595395 0.006853 0.010234
0 0.299890 0.814876 0.013706 0.006944
0 0.786595 0.794591 0.005208 0.012427
0 0.567982 0.285270 0.007127 0.008406
0 0.636787 0.653143 0.005482 0.010965
0 0.050439 0.932931 0.010965 0.004751
0 0.740406 0.050804 0.006579 0.005848
0 0.359512 0.523209 0.004112 0.006213
0 0.354304 0.504203 0.003564 0.009868
0 0.019737 0.587719 0.013158 0.002924