0 0.724507 0.476608 0.005482 0.008772
0 0.580592 0.837171 0.006031 0.010599
0 0.452988 0.716374 0.006853 0.010234
0 0.469435 0.374452 0.005757 0.009137
0 0.332648 0.833516 0.004660 0.008406
0 0.629797 0.143275 0.005208 0.008041
0 0.417489 0.737025 0.007675 0.010599
0 0.740954 0.485197 0.005482 0.007675
0 0.543586 0.681469 0.006031 0.009137
0 0.173246 0.680738 0.004386 0.014254
0 0.454084 0.360563 0.005757 0.009137
0 0.408717 0.765534 0.006031 0.010599
0 0.534402 0.780885 0.006853 0.009137
0 0.541667 0.709795 0.006579 0.008041
0 0.222177 0.378289 0.005757 0.009503
0 0.173657 0.364583 0.003564 0.009137
0 0.391584 0.725877 0.006853 0.008772
0 0.774123 0.479898 0.005482 0.007310
0 0.397204 0.731177 0.007675 0.010599
0 0.381442 0.684393 0.006853 0.008406
0 0.900768 0.784174 0.013158 0.021564
0 0.186404 0.384686 0.006031 0.007675
0 0.193120 0.336623 0.006853 0.008772
0 0.435444 0.724963 0.005757 0.009868
0 0.737802 0.474415 0.005757 0.006579
0 0.415296 0.763706 0.008224 0.009868
0 0.427906 0.921235 0.005482 0.009868
0 0.707648 0.760782 0.005757 0.009137
0 0.520148 0.018092 0.005757 0.007675
0 0.374178 0.362208 0.004386 0.005848
0 0.435581 0.425256 0.006031 0.008406
0 0.591420 0.160270 0.006305 0.007675
0 0.642407 0.778326 0.004660 0.008406
0 0.398575 0.661550 0.006031 0.007310
0 0.459156 0.725694 0.006579 0.007675
0 0.313734 0.588999 0.004660 0.004020
0 0.745614 0.883955 0.006031 0.010599
0 0.321683 0.454861 0.005208 0.007675
0 0.498081 0.712902 0.005482 0.007675
0 0.407209 0.135051 0.005757 0.009137
0 0.197231 0.324561 0.006305 0.008041
0 0.568120 0.647113 0.005208 0.009137
0 0.463268 0.369152 0.006579 0.007310
0 0.444627 0.725146 0.005482 0.008772
0 0.177083 0.364583 0.001645 0.008406
0 0.601151 0.749086 0.006031 0.007675
0 0.570312 0.641630 0.006305 0.007675
0 0.099095 0.810855 0.005757 0.009868
0 0.653783 0.644920 0.006579 0.006944
0 0.589775 0.627010 0.007401 0.011330
0 0.342516 0.799159 0.006853 0.006944
0 0.432292 0.446089 0.006579 0.008406
0 0.418586 0.932383 0.007127 0.006579
0 0.603070 0.189510 0.005482 0.006944
0 0.633909 0.644006 0.005208 0.007310
0 0.585389 0.195358 0.005757 0.009137
0 0.631305 0.638706 0.008772 0.007675
0 0.314282 0.507675 0.005757 0.007310
0 0.750959 0.486294 0.004660 0.006213
0 0.579770 0.384503 0.007675 0.010234
0 0.341831 0.805190 0.009868 0.016813
0 0.568531 0.631213 0.004386 0.006579
0 0.642270 0.659174 0.009320 0.010599
0 0.597999 0.764072 0.004660 0.006944
0 0.676124 0.869518 0.004112 0.006579
0 0.626234 0.473684 0.009594 0.005848
0 0.536870 0.781798 0.005208 0.007310
0 0.495751 0.652412 0.006305 0.007310
0 0.775356 0.491776 0.004660 0.005482
0 0.353618 0.834064 0.002741 0.015351
0 0.513158 0.026316 0.005482 0.007310
0 0.440789 0.356725 0.002193 0.005848
0 0.307292 0.578216 0.005482 0.008041
0 0.091009 0.539291 0.003289 0.012792
0 0.575932 0.168677 0.006579 0.008406
0 0.228344 0.698099 0.008224 0.007310
0 0.369655 0.634686 0.005208 0.006944
0 0.089501 0.810673 0.001919 0.016082
0 0.591283 0.626645 0.005482 0.008406
0 0.872944 0.896564 0.007950 0.015351
0 0.744792 0.123355 0.003289 0.004751
0 0.624726 0.687500 0.004386 0.006579
0 0.580729 0.193713 0.004660 0.006579
0 0.091420 0.887975 0.003564 0.025219
0 0.090598 0.525037 0.003015 0.012792
0 0.023438 0.093933 0.004660 0.006579
0 0.084841 0.553545 0.005208 0.009868
0 0.490680 0.698830 0.005482 0.005848
0 0.242462 0.775219 0.012336 0.012427
0 0.521245 0.728253 0.005208 0.005482
0 0.482045 0.711075 0.006853 0.007675
0 0.751782 0.632858 0.003564 0.005482
0 0.120340 0.390534 0.006579 0.009868
0 0.177083 0.685307 0.001645 0.024123
0 0.601974 0.666484 0.006031 0.009868
0 0.661458 0.745797 0.006031 0.009137
0 0.265214 0.394371 0.001919 0.011696
0 0.162281 0.129020 0.004386 0.007310
0 0.057018 0.861111 0.008224 0.010965
0 0.593613 0.150219 0.004660 0.005848
0 0.256853 0.472953 0.004386 0.005117
0 0.336897 0.439510 0.005482 0.005482
0 0.562089 0.165570 0.005757 0.007310
0 0.182840 0.355263 0.005482 0.004386
0 0.861157 0.004934 0.006853 0.004751
0 0.850603 0.925621 0.014803 0.020102
0 0.957100 0.735746 0.008498 0.010965
0 0.103207 0.655336 0.007401 0.008772
0 0.326206 0.451754 0.003838 0.005848
0 0.464501 0.909174 0.005208 0.007675
0 0.008772 0.658626 0.004934 0.011696
0 0.834019 0.708151 0.005208 0.006213
0 0.747396 0.677083 0.004660 0.004751
0 0.556880 0.733553 0.004112 0.006579
0 0.186404 0.347039 0.005482 0.006213
0 0.178180 0.683662 0.002741 0.026681
0 0.520559 0.706140 0.004934 0.004386
0 0.440241 0.904605 0.001645 0.011696
0 0.168174 0.361477 0.006305 0.005117
0 0.757264 0.665570 0.004112 0.005117
0 0.134320 0.725877 0.008772 0.016082
0 0.440104 0.436221 0.001371 0.006944
0 0.592242 0.101791 0.006853 0.014985
0 0.472177 0.734101 0.004660 0.006213
0 0.322094 0.448099 0.003289 0.005117
0 0.675987 0.877010 0.004934 0.006213
0 0.575247 0.161184 0.009046 0.008041
0 0.498766 0.706689 0.009046 0.004751
0 0.239035 0.776499 0.004934 0.006213
0 0.918586 0.908991 0.004386 0.006579
0 0.200932 0.741228 0.005482 0.010234
0 0.451206 0.921601 0.004386 0.007675
0 0.436404 0.436586 0.004386 0.007675
0 0.001645 0.332420 0.001645 0.010599
0 0.501234 0.168494 0.006853 0.009503
0 0.453125 0.633406 0.007675 0.010965
0 0.606497 0.698099 0.004112 0.005117
0 0.083745 0.524306 0.007950 0.013523
0 0.218202 0.730811 0.007675 0.017178
0 0.460252 0.756579 0.005482 0.007310
0 0.436815 0.348136 0.003564 0.004751
0 0.851288 0.033626 0.004660 0.005848
0 0.642818 0.171966 0.008224 0.012061
0 0.651042 0.783626 0.006031 0.008772
0 0.538377 0.686221 0.005482 0.006944
0 0.323465 0.191886 0.004386 0.007310
0 0.116502 0.888889 0.010417 0.017544
0 0.538651 0.775219 0.005482 0.006579
0 0.367325 0.522661 0.007127 0.008041
0 0.871711 0.893640 0.004386 0.008041
0 0.496985 0.540753 0.004934 0.004751
0 0.599095 0.854167 0.006853 0.009503
0 0.003975 0.542398 0.004112 0.006579
0 0.720532 0.481360 0.003015 0.004386
0 0.850877 0.931287 0.014254 0.008041
0 0.645970 0.782712 0.008498 0.012792
0 0.326754 0.894371 0.008224 0.009503
0 0.849095 0.825110 0.009594 0.006213
0 0.308251 0.511148 0.004660 0.007675
0 0.383224 0.560307 0.008772 0.013889
0 0.346902 0.647295 0.006853 0.009503
0 0.330592 0.440607 0.003289 0.004020
0 0.615680 0.258589 0.001645 0.006944
0 0.001096 0.498355 0.001096 0.006213
0 0.214775 0.628107 0.004660 0.006213
0 0.192434 0.038925 0.007127 0.012061
0 0.791667 0.190972 0.002193 0.012792
0 0.574150 0.288743 0.004112 0.006579
0 0.756442 0.478984 0.006305 0.006944
0 0.201891 0.470029 0.011239 0.002193
0 0.569216 0.496893 0.004660 0.009137
0 0.542626 0.690058 0.004660 0.007310
0 0.388021 0.203947 0.004660 0.005848
0 0.264254 0.398392 0.001096 0.026316
0 0.388432 0.163194 0.005482 0.008406
0 0.496985 0.535453 0.003838 0.005117
0 0.750685 0.480446 0.005757 0.006213
0 0.838816 0.521747 0.012610 0.016447
0 0.506305 0.168494 0.004386 0.005848
0 0.227385 0.801901 0.006853 0.005848
0 0.203810 0.469846 0.004660 0.001827
0 0.259183 0.469846 0.004660 0.001827
0 0.953536 0.126462 0.005757 0.006579
0 0.347725 0.794956 0.006305 0.010234
0 0.078125 0.695906 0.019189 0.011696
0 0.303865 0.504934 0.004660 0.004751
0 0.072505 0.747442 0.004660 0.005117
0 0.766447 0.617325 0.004386 0.005117
0 0.096628 0.841557 0.009046 0.013523
0 0.164062 0.037463 0.003564 0.005482
0 0.689693 0.236294 0.008772 0.002558
0 0.419545 0.353070 0.005208 0.002193
0 0.499863 0.928363 0.003564 0.005117
0 0.684211 0.862025 0.003838 0.005482
0 0.053865 0.131031 0.007401 0.011330
0 0.916804 0.913560 0.004660 0.005482
0 0.439145 0.724781 0.000548 0.008772
0 0.790981 0.004386 0.001371 0.004386
0 0.407758 0.733918 0.005757 0.007310
0 0.271930 0.484832 0.003289 0.004020
0 0.463542 0.477522 0.003289 0.004020
0 0.185581 0.824561 0.008224 0.005848
0 0.447643 0.923428 0.003289 0.006213
0 0.700110 0.511148 0.003289 0.004751
0 0.192434 0.821455 0.010965 0.002558
0 0.875548 0.629569 0.003289 0.024488
0 0.882675 0.903692 0.005482 0.014985