0 0.893229 0.261696 0.006853 0.010234
0 0.827988 0.833516 0.007401 0.012061
0 0.034951 0.173794 0.011239 0.015716
0 0.232045 0.246345 0.010143 0.012427
0 0.621299 0.158991 0.006305 0.013889
0 0.182566 0.034722 0.007127 0.018275
0 0.344435 0.590643 0.011239 0.005848
0 0.162829 0.836257 0.007675 0.011696
0 0.385280 0.631762 0.005757 0.009137
0 0.094984 0.077120 0.007401 0.016082
0 0.138021 0.781615 0.007401 0.012061
0 0.561404 0.688596 0.006579 0.010234
0 0.924753 0.229532 0.006853 0.007310
0 0.849644 0.843202 0.009046 0.014620
0 0.852385 0.609466 0.007401 0.011330
0 0.617325 0.150585 0.003289 0.019006
0 0.075384 0.063414 0.008772 0.010599
0 0.094709 0.282895 0.006305 0.010234
0 0.833882 0.828947 0.005482 0.007310
0 0.617873 0.569444 0.003838 0.011696
0 0.532621 0.630117 0.004934 0.008772
0 0.851014 0.089364 0.005757 0.007675
0 0.434622 0.636696 0.007950 0.016082
0 0.046327 0.405702 0.010417 0.015351
0 0.272752 0.337902 0.005482 0.008406
0 0.927632 0.879751 0.014803 0.024123
0 0.338130 0.396564 0.005208 0.008041
0 0.675302 0.341374 0.005757 0.008041
0 0.635143 0.894737 0.012061 0.015351
0 0.064830 0.322734 0.009046 0.012427
0 0.684073 0.873904 0.009046 0.014620
0 0.373904 0.671784 0.010965 0.013158
0 0.854304 0.737025 0.012336 0.017178
0 0.814145 0.713450 0.006579 0.005848
0 0.024397 0.493056 0.007127 0.010234
0 0.825932 0.693165 0.012610 0.015716
0 0.858416 0.688048 0.007401 0.011330
0 0.354030 0.728984 0.003015 0.006944
0 0.806606 0.297149 0.006853 0.009503
0 0.618421 0.869883 0.004386 0.013889
0 0.620477 0.154788 0.006305 0.025219
0 0.962445 0.544408 0.004386 0.016447
0 0.813734 0.693165 0.012884 0.016447
0 0.182566 0.884137 0.004934 0.008041
0 0.586349 0.149854 0.007675 0.008772
0 0.335115 0.777961 0.007950 0.009137
0 0.164337 0.891813 0.006853 0.009503
0 0.284402 0.113670 0.006853 0.005848
0 0.095121 0.419408 0.005482 0.013523
0 0.107319 0.228618 0.006853 0.010599
0 0.768914 0.095029 0.006031 0.008041
0 0.117873 0.067069 0.008224 0.014985
0 0.251508 0.477887 0.005208 0.008406
0 0.892681 0.767727 0.015625 0.027412
0 0.833607 0.842288 0.004934 0.006944
0 0.258772 0.459064 0.008224 0.017544
0 0.945175 0.756579 0.006579 0.013889
0 0.848821 0.837902 0.012884 0.019371
0 0.369929 0.911001 0.008498 0.010599
0 0.695724 0.471674 0.005482 0.004020
0 0.823876 0.837537 0.005208 0.007675
0 0.020148 0.494700 0.014529 0.015716
0 0.242873 0.592105 0.006579 0.007310
0 0.439693 0.719115 0.001096 0.017178
0 0.715323 0.141813 0.004112 0.008772
0 0.338405 0.839730 0.006853 0.011330
0 0.576891 0.761148 0.008498 0.010599
0 0.386650 0.811404 0.013432 0.014620
0 0.040159 0.588633 0.017270 0.004020
0 0.889391 0.255665 0.004660 0.010599
0 0.771930 0.747076 0.004386 0.007310
0 0.540296 0.447917 0.011513 0.019371
0 0.024945 0.655702 0.008224 0.019737
0 0.853344 0.694993 0.014254 0.013523
0 0.884731 0.825292 0.007401 0.006579
0 0.062911 0.930373 0.013432 0.009868
0 0.273163 0.347770 0.008498 0.005482
0 0.920916 0.382127 0.006853 0.009137
0 0.707237 0.682200 0.005482 0.008406
0 0.402138 0.800621 0.008224 0.013523
0 0.077988 0.129934 0.004112 0.007675
0 0.872670 0.781250 0.008498 0.008406
0 0.450795 0.729715 0.012336 0.009868
0 0.169545 0.834978 0.010691 0.012792
0 0.879934 0.668677 0.002741 0.009137
0 0.628427 0.835526 0.004112 0.008772
0 0.265351 0.239949 0.002193 0.006213
0 0.910499 0.774488 0.011239 0.013889
0 0.884320 0.836075 0.007127 0.017178
0 0.856908 0.457420 0.003838 0.006213
0 0.512336 0.254934 0.006031 0.009137
0 0.235471 0.263889 0.006579 0.018275
0 0.089775 0.617507 0.001919 0.008406
0 0.842791 0.695906 0.014529 0.011696
0 0.240680 0.811769 0.008224 0.008041
0 0.814145 0.714912 0.007675 0.010234
0 0.812637 0.846308 0.009594 0.014254
0 0.039474 0.768823 0.004934 0.006213
0 0.906113 0.752741 0.011787 0.015716
0 0.318257 0.597770 0.004386 0.007675
0 0.021245 0.689876 0.009594 0.012061
0 0.492462 0.588450 0.005208 0.003655
0 0.913925 0.735015 0.008772 0.017544
0 0.895833 0.802449 0.009868 0.016447
0 0.859923 0.692251 0.011513 0.019006
0 0.101700 0.125914 0.005482 0.008406
0 0.256031 0.484649 0.006579 0.010965
0 0.221217 0.277778 0.008224 0.011696
0 0.919682 0.749817 0.010965 0.011330
0 0.418311 0.288560 0.008772 0.012061
0 0.958196 0.896199 0.013432 0.020468
0 0.522478 0.302266 0.007675 0.010234
0 0.017133 0.803545 0.010143 0.012792
0 0.279605 0.125183 0.003838 0.008406
0 0.622533 0.810490 0.006579 0.009137
0 0.791118 0.487208 0.001645 0.016082
0 0.680647 0.480811 0.005482 0.010599
0 0.915433 0.368787 0.006305 0.010234
0 0.826480 0.072186 0.005482 0.012792
0 0.824561 0.823648 0.004934 0.004751
0 0.820587 0.691703 0.026042 0.020102
0 0.363076 0.637610 0.006305 0.009137
0 0.929825 0.829130 0.017544 0.010599
0 0.960663 0.779605 0.008498 0.024123
0 0.517818 0.589364 0.004934 0.004751
0 0.196272 0.652595 0.009320 0.012061
0 0.552632 0.379203 0.007127 0.009137
0 0.798794 0.718202 0.009320 0.010965
0 0.846628 0.673428 0.008498 0.010599
0 0.136787 0.911184 0.005482 0.008041
0 0.244380 0.086440 0.007401 0.010599
0 0.042352 0.332237 0.007401 0.011696
0 0.797560 0.470760 0.006853 0.002924
0 0.341283 0.539474 0.007675 0.017544
0 0.122396 0.272844 0.007950 0.012061
0 0.355948 0.724963 0.005208 0.007675
0 0.696135 0.480080 0.009594 0.012061
0 0.342928 0.582602 0.007675 0.003655
0 0.320861 0.183114 0.007950 0.013158
0 0.387061 0.694079 0.009868 0.009503
0 0.597588 0.155154 0.004386 0.005482
0 0.895285 0.764072 0.009320 0.020833
0 0.217242 0.230629 0.010143 0.005848
0 0.102933 0.736842 0.007950 0.012427
0 0.171053 0.815972 0.006579 0.005482
0 0.428317 0.538012 0.009594 0.014620
0 0.865543 0.798977 0.012336 0.013158
0 0.089912 0.905885 0.002193 0.012792
0 0.667489 0.126462 0.012061 0.009503
0 0.252056 0.483004 0.011239 0.014985
0 0.849370 0.679642 0.016721 0.022295
0 0.288103 0.100329 0.007675 0.011330
0 0.483141 0.858370 0.007950 0.012792
0 0.933525 0.859466 0.021107 0.026681
0 0.801398 0.479532 0.007401 0.011696
0 0.333059 0.777961 0.013158 0.011330
0 0.668586 0.528143 0.006031 0.009503
0 0.093613 0.419408 0.005757 0.017178
0 0.095943 0.423063 0.006031 0.019371
0 0.893229 0.832054 0.009594 0.013523
0 0.207100 0.481725 0.007950 0.013889
0 0.546053 0.714912 0.007675 0.010234
0 0.347862 0.932200 0.005482 0.006944
0 0.620888 0.336623 0.003838 0.005117
0 0.440241 0.720212 0.001645 0.018640
0 0.926261 0.748538 0.012610 0.013889
0 0.934073 0.826937 0.012336 0.008406
0 0.924616 0.829861 0.008224 0.011330
0 0.801946 0.481908 0.004660 0.004751
0 0.925027 0.771016 0.018366 0.017178
0 0.066475 0.858187 0.005208 0.007310
0 0.483690 0.352339 0.007950 0.001462
0 0.353755 0.835709 0.003015 0.008406
0 0.339227 0.436038 0.008498 0.013158
0 0.412144 0.363487 0.004660 0.006213
0 0.652001 0.524854 0.005208 0.010965