0 0.776864 0.742873 0.007675 0.014254
0 0.504249 0.619152 0.007950 0.010965
0 0.784677 0.750183 0.007950 0.011330
0 0.715735 0.490863 0.004386 0.009503
0 0.587445 0.590461 0.004934 0.005482
0 0.577303 0.597770 0.004934 0.009137
0 0.498492 0.625183 0.005208 0.009868
0 0.902686 0.797515 0.007675 0.011696
0 0.823465 0.514254 0.006031 0.008772
0 0.629386 0.740680 0.005482 0.008406
0 0.705044 0.712354 0.003289 0.010234
0 0.726288 0.757310 0.006853 0.009503
0 0.747944 0.608735 0.005208 0.007675
0 0.545367 0.387792 0.005757 0.008772
0 0.681058 0.848501 0.004660 0.007675
0 0.653783 0.612939 0.005482 0.008041
0 0.559073 0.592105 0.006853 0.007310
0 0.307155 0.706140 0.006853 0.004386
0 0.716968 0.871162 0.005208 0.009137
0 0.686129 0.446455 0.004386 0.007675
0 0.955866 0.590461 0.004934 0.005482
0 0.229715 0.730263 0.006031 0.008772
0 0.691201 0.798977 0.004660 0.008041
0 0.307429 0.891265 0.005757 0.008406
0 0.623081 0.730994 0.006579 0.010965
0 0.027138 0.903326 0.010417 0.019371
0 0.351974 0.420139 0.001096 0.017909
0 0.583196 0.598867 0.003564 0.005482
0 0.945724 0.604167 0.004934 0.007310
0 0.507264 0.624269 0.006305 0.009503
0 0.718613 0.715461 0.004660 0.009868
0 0.550164 0.386513 0.006031 0.009868
0 0.053180 0.823830 0.004934 0.005117
0 0.582648 0.588450 0.004660 0.003655
0 0.773300 0.548428 0.004934 0.007675
0 0.756031 0.615132 0.004386 0.007310
0 0.173657 0.748721 0.003564 0.010599
0 0.435170 0.698282 0.005208 0.006944
0 0.882264 0.176901 0.005208 0.009503
0 0.734238 0.813414 0.005208 0.009137
0 0.870614 0.778874 0.007675 0.010234
0 0.460252 0.685490 0.006031 0.009137
0 0.531250 0.228253 0.004934 0.006944
0 0.688596 0.709978 0.006031 0.008406
0 0.891310 0.690607 0.004660 0.006944
0 0.726562 0.830044 0.005757 0.010965
0 0.693257 0.705958 0.006579 0.004020
0 0.862802 0.781615 0.004660 0.008406
0 0.750411 0.541667 0.006305 0.009503
0 0.193668 0.802266 0.004112 0.008772
0 0.467379 0.919773 0.005482 0.006944
0 0.893092 0.185490 0.008772 0.007675
0 0.464364 0.575110 0.004934 0.006944
0 0.759594 0.623355 0.006031 0.006213
0 0.509868 0.734466 0.007127 0.009868
0 0.770422 0.459064 0.004660 0.007310
0 0.738350 0.781981 0.006305 0.011330
0 0.705044 0.486477 0.003289 0.010234
0 0.891036 0.463085 0.008498 0.009503
0 0.177083 0.748721 0.001645 0.009868
0 0.554276 0.612756 0.007675 0.009137
0 0.814556 0.604167 0.006853 0.008772
0 0.033169 0.596308 0.007127 0.010599
0 0.729989 0.423246 0.007127 0.007310
0 0.179688 0.661001 0.004112 0.006944
0 0.820724 0.839912 0.003289 0.005117
0 0.616776 0.734466 0.002741 0.014254
0 0.879386 0.292946 0.002193 0.009868
0 0.718887 0.821637 0.005757 0.002924
0 0.165022 0.632858 0.005482 0.008406
0 0.590735 0.430556 0.005482 0.007310
0 0.386787 0.729349 0.004386 0.007675
0 0.338816 0.008589 0.007127 0.008406
0 0.874863 0.785453 0.004660 0.013158
0 0.460663 0.579313 0.005208 0.007310
0 0.072780 0.824013 0.004660 0.005482
0 0.745066 0.785453 0.007675 0.010234
0 0.684348 0.443713 0.006853 0.013158
0 0.402275 0.002193 0.008498 0.002193
0 0.547012 0.614766 0.007401 0.009503
0 0.156798 0.061769 0.004934 0.009503
0 0.092516 0.908808 0.004660 0.009868
0 0.577714 0.288377 0.005208 0.007310
0 0.626371 0.924890 0.008224 0.015716
0 0.709704 0.716009 0.005482 0.008772
0 0.689419 0.441520 0.005482 0.005848
0 0.511650 0.734466 0.003564 0.008406
0 0.177083 0.889437 0.001645 0.007675
0 0.873355 0.197003 0.005482 0.008041
0 0.813048 0.844481 0.003838 0.005482
0 0.795504 0.881396 0.006031 0.009868
0 0.683388 0.853984 0.006579 0.009137
0 0.739035 0.722588 0.007675 0.012427
0 0.174205 0.888523 0.002467 0.009503
0 0.089912 0.845577 0.002193 0.009137
0 0.931880 0.120066 0.006853 0.003289
0 0.898849 0.487939 0.004934 0.007310
0 0.718887 0.486111 0.004660 0.006579
0 0.916804 0.016082 0.005208 0.006579
0 0.435581 0.704130 0.004934 0.002558
0 0.719572 0.867690 0.006579 0.007310
0 0.867325 0.786732 0.004386 0.006944
0 0.889940 0.171601 0.006853 0.007675
0 0.354030 0.653874 0.003015 0.015351
0 0.161732 0.720577 0.003289 0.006213
0 0.313596 0.731542 0.004386 0.006213
0 0.498492 0.759320 0.009046 0.010599
0 0.502193 0.017361 0.004386 0.008406
0 0.741091 0.541484 0.004112 0.007675
0 0.878289 0.787281 0.001096 0.010234
0 0.956689 0.110746 0.011513 0.011696
0 0.682429 0.287829 0.009046 0.014254
0 0.942160 0.603070 0.003838 0.006579
0 0.692434 0.653509 0.006031 0.008041
0 0.227111 0.236111 0.006305 0.002193
0 0.886924 0.306469 0.007950 0.007675
0 0.620751 0.595577 0.004112 0.004020
0 0.769463 0.230446 0.006579 0.006944
0 0.503015 0.629569 0.004386 0.008406
0 0.378427 0.849963 0.010691 0.019371
0 0.061678 0.638341 0.008224 0.012061
0 0.298109 0.910636 0.005757 0.009868
0 0.165570 0.888158 0.006031 0.008772
0 0.664748 0.762061 0.004934 0.006579
0 0.921464 0.160819 0.006305 0.008041
0 0.216557 0.481725 0.010417 0.013889
0 0.635691 0.258589 0.005482 0.006944
0 0.432703 0.588450 0.010691 0.003655
0 0.502056 0.735380 0.007950 0.013889
0 0.258224 0.736842 0.004386 0.004386
0 0.264254 0.392727 0.001096 0.011330
0 0.730674 0.378472 0.006853 0.013523
0 0.716146 0.073465 0.009594 0.018275
0 0.117462 0.419408 0.004112 0.006944
0 0.148712 0.620797 0.004112 0.006213
0 0.221080 0.649854 0.004660 0.006579
0 0.623081 0.680007 0.003289 0.005482
0 0.695998 0.658991 0.003838 0.006579
0 0.596217 0.534357 0.004386 0.005117
0 0.797423 0.228070 0.003838 0.005848
0 0.505894 0.618421 0.005208 0.008772
0 0.219024 0.480446 0.006579 0.011330
0 0.074836 0.248538 0.003289 0.007310
0 0.352659 0.785270 0.001919 0.005482
0 0.745066 0.536550 0.006031 0.005848
0 0.225192 0.194079 0.005208 0.008772
0 0.152549 0.508041 0.004112 0.005117
0 0.719024 0.492142 0.003838 0.006213
0 0.873492 0.778143 0.006305 0.008772
0 0.945587 0.517544 0.005757 0.008772
0 0.347314 0.499452 0.007127 0.007675