0 0.478755 0.551535 0.007401 0.010965
0 0.012884 0.533443 0.010417 0.020102
0 0.432703 0.719481 0.005757 0.010599
0 0.616913 0.365497 0.003015 0.014620
0 0.693942 0.180921 0.008498 0.013158
0 0.203810 0.565607 0.007950 0.012061
0 0.402549 0.832602 0.008498 0.009503
0 0.128427 0.416118 0.008498 0.012792
0 0.538651 0.590643 0.005482 0.005848
0 0.281113 0.722770 0.006305 0.009868
0 0.387473 0.859466 0.007950 0.013523
0 0.063185 0.795504 0.007950 0.012792
0 0.737390 0.097588 0.006579 0.010965
0 0.870203 0.528692 0.006305 0.014985
0 0.961349 0.419225 0.005482 0.010965
0 0.152001 0.228436 0.008498 0.010965
0 0.189830 0.446637 0.006305 0.010234
0 0.748629 0.163925 0.007127 0.009137
0 0.792900 0.270102 0.003564 0.013889
0 0.252741 0.184576 0.006579 0.010965
0 0.397478 0.838268 0.006579 0.008406
0 0.393092 0.476608 0.007127 0.008041
0 0.893092 0.871162 0.008224 0.012792
0 0.204084 0.855263 0.008498 0.009503
0 0.419271 0.862939 0.007401 0.008041
0 0.778783 0.250548 0.005482 0.009137
0 0.436541 0.742142 0.003564 0.012792
0 0.039748 0.366594 0.005482 0.008041
0 0.698054 0.190241 0.007401 0.012792
0 0.435581 0.867142 0.005482 0.017909
0 0.010417 0.327303 0.010417 0.014985
0 0.707374 0.012244 0.005757 0.009868
0 0.224781 0.850329 0.007675 0.007675
0 0.949561 0.362573 0.006031 0.011696
0 0.708882 0.222039 0.006579 0.009868
0 0.515077 0.722405 0.007675 0.013523
0 0.610746 0.328582 0.004934 0.008041
0 0.799342 0.492507 0.007127 0.009868
0 0.958607 0.424342 0.005482 0.011696
0 0.850877 0.823830 0.003838 0.005117
0 0.245614 0.111477 0.006579 0.010965
0 0.038925 0.773757 0.014254 0.018275
0 0.374178 0.639254 0.006579 0.010234
0 0.345806 0.845212 0.007401 0.011330
0 0.488761 0.697368 0.008772 0.008772
0 0.748355 0.460161 0.006579 0.008772
0 0.072643 0.133589 0.008224 0.009137
0 0.045916 0.749269 0.010691 0.016082
0 0.873081 0.744883 0.004386 0.006579
0 0.218476 0.484649 0.009320 0.016813
0 0.070587 0.192617 0.006853 0.015351
0 0.582100 0.746162 0.005208 0.006944
0 0.178591 0.645468 0.003015 0.019006
0 0.073602 0.336806 0.007950 0.012792
0 0.494792 0.294773 0.006031 0.009137
0 0.219709 0.855080 0.009594 0.009868
0 0.294271 0.908443 0.004660 0.006213
0 0.072368 0.330409 0.010417 0.025585
0 0.440378 0.678180 0.001919 0.012061
0 0.180921 0.236294 0.005482 0.002558
0 0.961486 0.807931 0.006853 0.014254
0 0.896930 0.313048 0.005482 0.012792
0 0.012198 0.662646 0.009046 0.012427
0 0.264940 0.910819 0.001919 0.013889
0 0.651316 0.064145 0.006579 0.008406
0 0.189693 0.248721 0.007127 0.012061
0 0.111157 0.808114 0.010691 0.015351
0 0.610060 0.218202 0.005208 0.009503
0 0.744106 0.047880 0.005208 0.008041
0 0.878701 0.544225 0.001371 0.021199
0 0.471628 0.821820 0.005757 0.003289
0 0.585663 0.422149 0.009594 0.010965
0 0.528372 0.833699 0.001919 0.005848
0 0.067160 0.801535 0.016996 0.024854
0 0.320175 0.160270 0.006579 0.012061
0 0.506305 0.120614 0.004934 0.003655
0 0.242873 0.258955 0.008772 0.023757
0 0.386787 0.442069 0.004386 0.008406
0 0.201891 0.244152 0.006305 0.010234
0 0.353618 0.542946 0.002741 0.010599
0 0.378152 0.395102 0.005757 0.008041
0 0.108279 0.676170 0.007127 0.010965
0 0.470669 0.370431 0.006031 0.009137
0 0.327029 0.320541 0.007127 0.008772
0 0.252604 0.578216 0.005757 0.007310
0 0.702440 0.447368 0.000822 0.007310
0 0.075658 0.458882 0.012610 0.014254
0 0.679550 0.344664 0.009868 0.007310
0 0.523438 0.708151 0.005757 0.006213
0 0.072505 0.177266 0.010143 0.025585
0 0.690241 0.005848 0.007675 0.005848
0 0.131716 0.434942 0.009046 0.019006
0 0.528920 0.239035 0.002467 0.005117
0 0.269600 0.426535 0.006305 0.014620
0 0.096354 0.813779 0.008498 0.009868
0 0.117188 0.607639 0.006853 0.010599
0 0.152001 0.121345 0.007401 0.004386
0 0.158443 0.728253 0.004386 0.006944
0 0.948602 0.865680 0.007401 0.009868
0 0.190927 0.038925 0.006853 0.014254
0 0.691475 0.527412 0.008498 0.013158
0 0.013980 0.327485 0.007127 0.013889
0 0.178180 0.639803 0.002741 0.007675
0 0.624315 0.140534 0.006853 0.011330
0 0.467516 0.082054 0.006305 0.008406
0 0.528509 0.205227 0.002193 0.012792
0 0.166255 0.063048 0.006305 0.009868
0 0.442297 0.470577 0.003564 0.002558
0 0.238761 0.801718 0.015899 0.020833
0 0.440104 0.854167 0.001371 0.011696
0 0.217791 0.542763 0.007401 0.010234
0 0.144189 0.501279 0.009320 0.008406
0 0.295093 0.698648 0.004660 0.006213
0 0.510965 0.757493 0.006031 0.008406
0 0.446409 0.864949 0.007950 0.024488
0 0.704359 0.007858 0.002467 0.007675
0 0.256853 0.032346 0.007675 0.014985
0 0.447505 0.375914 0.007950 0.015716
0 0.581277 0.678545 0.007401 0.006944
0 0.799890 0.488852 0.009320 0.016447
0 0.699836 0.007127 0.003838 0.006944
0 0.781113 0.588450 0.005208 0.003655
0 0.790707 0.279423 0.001371 0.006944
0 0.708333 0.345395 0.006579 0.010965
0 0.176535 0.098136 0.001096 0.010599
0 0.185444 0.306104 0.004660 0.010599
0 0.204633 0.431835 0.005757 0.012061
0 0.229167 0.800987 0.012610 0.015716
0 0.504386 0.120431 0.007127 0.003289
0 0.055510 0.144189 0.006305 0.017909
0 0.081414 0.176170 0.009320 0.012427
0 0.472451 0.865863 0.012336 0.019737
0 0.952303 0.370614 0.005482 0.010965
0 0.002741 0.520651 0.002741 0.010599
0 0.963542 0.838268 0.002741 0.017909
0 0.536184 0.249086 0.007675 0.012061
0 0.869106 0.741228 0.006305 0.008041
0 0.694901 0.002924 0.003838 0.002924
0 0.533580 0.592654 0.004660 0.004751
0 0.384457 0.028143 0.004660 0.008772
0 0.382538 0.028143 0.009046 0.010965
0 0.186815 0.244883 0.010143 0.010965
0 0.611705 0.041301 0.004112 0.005117
0 0.602248 0.236842 0.008772 0.002924
0 0.947368 0.867325 0.012061 0.014620
0 0.520833 0.119152 0.007127 0.002193
0 0.240406 0.747990 0.007127 0.009137
0 0.199561 0.089547 0.004386 0.008041
0 0.384046 0.879934 0.015351 0.018640
0 0.038925 0.511696 0.009320 0.010965
0 0.614995 0.314693 0.000822 0.034357
0 0.615680 0.140716 0.001645 0.005848
0 0.260965 0.276133 0.004386 0.016447
0 0.043723 0.298063 0.004660 0.008406
0 0.297012 0.720760 0.007950 0.012427
0 0.266996 0.911184 0.003838 0.014620
0 0.080455 0.002376 0.004660 0.002558
0 0.189419 0.401133 0.007127 0.009137
0 0.702851 0.480080 0.001096 0.006213
0 0.554688 0.360380 0.005757 0.007310
0 0.100329 0.911915 0.012610 0.047515
0 0.348410 0.276499 0.004934 0.014254
0 0.635417 0.486842 0.006579 0.008772
0 0.524671 0.471308 0.003289 0.003289
0 0.727111 0.246711 0.006853 0.011696
0 0.802769 0.382858 0.005757 0.012061
0 0.583059 0.674890 0.006579 0.008406
0 0.614995 0.193348 0.000822 0.026316
0 0.436404 0.802083 0.003838 0.012061
0 0.303454 0.388523 0.003838 0.006579
0 0.716146 0.256762 0.007950 0.015716
0 0.962171 0.367690 0.005482 0.013889
0 0.007127 0.526681 0.007127 0.021930
0 0.418586 0.733918 0.003838 0.003655
0 0.499178 0.341192 0.004386 0.009868