0 0.136148 0.416804 0.010599 0.010691
0 0.176901 0.688048 0.012427 0.011513
0 0.123355 0.531661 0.006213 0.005208
0 0.124269 0.413788 0.007310 0.011239
0 0.504569 0.604578 0.009137 0.007401
0 0.108187 0.532346 0.009503 0.006031
0 0.460526 0.370614 0.008041 0.007675
0 0.366776 0.533854 0.008406 0.007401
0 0.106542 0.550164 0.011330 0.009320
0 0.398940 0.373492 0.007675 0.006853
0 0.279971 0.046738 0.007310 0.007950
0 0.200658 0.759731 0.011696 0.009594
0 0.484466 0.881579 0.008406 0.004386
0 0.327851 0.342654 0.008772 0.007675
0 0.241228 0.901316 0.007310 0.008224
0 0.403874 0.342791 0.008041 0.007950
0 0.219481 0.697368 0.009868 0.008224
0 0.416849 0.961486 0.006944 0.006853
0 0.286367 0.181606 0.006944 0.006305
0 0.508041 0.458745 0.006579 0.005757
0 0.127010 0.427495 0.009868 0.010143
0 0.125000 0.670916 0.008041 0.007950
0 0.519737 0.550164 0.008041 0.007127
0 0.491776 0.457100 0.006213 0.006305
0 0.408260 0.386239 0.008041 0.007127
0 0.502010 0.625548 0.012061 0.006579
0 0.362756 0.338542 0.007675 0.007675
0 0.271382 0.153372 0.008406 0.007401
0 0.160453 0.936266 0.012427 0.010143
0 0.822368 0.282621 0.003655 0.005482
0 0.308297 0.116228 0.006213 0.005482
0 0.266813 0.398300 0.006579 0.006579
0 0.426718 0.476562 0.007675 0.006305
0 0.485197 0.415022 0.007675 0.007127
0 0.276499 0.191475 0.006944 0.006305
0 0.729715 0.449973 0.005482 0.005757
0 0.860380 0.547012 0.006579 0.004660
0 0.411915 0.373355 0.006579 0.005482
0 0.026499 0.793311 0.013523 0.003838
0 0.281067 0.194490 0.006579 0.006853
0 0.646199 0.534677 0.005117 0.004112
0 0.180190 0.477385 0.010965 0.010143
0 0.438596 0.260554 0.008772 0.004660
0 0.506944 0.452303 0.005117 0.005482
0 0.052632 0.722039 0.007310 0.007127
0 0.287463 0.584293 0.009868 0.009594
0 0.520833 0.414200 0.007310 0.006579
0 0.716923 0.454084 0.006213 0.005757
0 0.508406 0.368832 0.005848 0.005208
0 0.460344 0.409951 0.006213 0.006853
0 0.525037 0.324698 0.006944 0.006305
0 0.317982 0.879797 0.008772 0.002467
0 0.223684 0.721491 0.007310 0.004934
0 0.343933 0.519463 0.005117 0.004934
0 0.394920 0.385417 0.009868 0.008224
0 0.592471 0.454633 0.006579 0.005757
0 0.535088 0.233690 0.005117 0.005208
0 0.212719 0.684073 0.010234 0.005757
0 0.597588 0.503427 0.005848 0.005208
0 0.169225 0.672560 0.008041 0.006305
0 0.677632 0.167763 0.006579 0.007127
0 0.427266 0.343887 0.007310 0.006305
0 0.323648 0.084704 0.006213 0.004934
0 0.600694 0.314830 0.006944 0.006853
0 0.431652 0.338953 0.006579 0.006853
0 0.596126 0.318120 0.005848 0.005757
0 0.137610 0.654331 0.010599 0.009868
0 0.398026 0.391036 0.007310 0.006853
0 0.808297 0.399671 0.006213 0.006031
0 0.517727 0.376645 0.006944 0.006579
0 0.494518 0.626508 0.006579 0.007950
0 0.226060 0.398163 0.006944 0.006853
0 0.525037 0.388980 0.006213 0.006031
0 0.589912 0.428591 0.005117 0.005757
0 0.284539 0.029468 0.006944 0.006305
0 0.464730 0.359375 0.005482 0.007675
0 0.604898 0.478893 0.005117 0.004934
0 0.485563 0.441338 0.010599 0.002741
0 0.463999 0.326754 0.006944 0.004934
0 0.015534 0.556606 0.011330 0.009046
0 0.291484 0.041255 0.006944 0.008498
0 0.471491 0.429413 0.003655 0.005208
0 0.503655 0.418997 0.006579 0.005757
0 0.593933 0.312363 0.006579 0.005208
0 0.345212 0.885280 0.009137 0.007950
0 0.050256 0.731086 0.007675 0.006031
0 0.286550 0.153646 0.007310 0.006305
0 0.529605 0.367050 0.008041 0.005482
0 0.693165 0.354167 0.005482 0.003289
0 0.215826 0.401316 0.006213 0.004934
0 0.501096 0.456963 0.006579 0.006031
0 0.370980 0.556058 0.005117 0.004660
0 0.480446 0.410499 0.006944 0.007950
0 0.459613 0.242736 0.004020 0.005757
0 0.719664 0.797834 0.004386 0.005208
0 0.473684 0.387884 0.005848 0.006031
0 0.343567 0.202166 0.008041 0.006853
0 0.670139 0.517818 0.005482 0.005482
0 0.368238 0.949287 0.012061 0.008224
0 0.823830 0.387198 0.005117 0.006853
0 0.480629 0.386787 0.008041 0.005482
0 0.619335 0.858141 0.009137 0.012336
0 0.268275 0.580729 0.013889 0.009046
0 0.743056 0.601014 0.005848 0.006305
0 0.714912 0.457511 0.005848 0.004386
0 0.768458 0.497259 0.005482 0.004386
0 0.472770 0.440241 0.004751 0.001645
0 0.672697 0.165022 0.005482 0.004934
0 0.536001 0.378701 0.006213 0.005208
0 0.323648 0.330866 0.009868 0.008224
0 0.259868 0.735334 0.005117 0.005208
0 0.675621 0.167626 0.011330 0.009594
0 0.671053 0.184073 0.003655 0.005208
0 0.782895 0.322917 0.004386 0.004934
0 0.472953 0.381579 0.005117 0.006031
0 0.587719 0.435033 0.002924 0.004934
0 0.049708 0.733141 0.010965 0.010691
0 0.522478 0.368832 0.006944 0.004660
0 0.459613 0.519600 0.006213 0.004660
0 0.717105 0.813459 0.005848 0.005757
0 0.743969 0.397478 0.005482 0.004934
0 0.724781 0.388980 0.005848 0.005482
0 0.027047 0.787007 0.015351 0.003838
0 0.338085 0.237253 0.005848 0.004660
0 0.758041 0.599232 0.007310 0.004934
0 0.055738 0.725192 0.010599 0.009046
0 0.600146 0.498355 0.004386 0.005482
0 0.603618 0.294134 0.007675 0.004934
0 0.763158 0.314556 0.007310 0.006853
0 0.790387 0.624863 0.004751 0.004660
0 0.309028 0.186404 0.006213 0.004934
0 0.638706 0.469435 0.005482 0.005208
0 0.466557 0.630757 0.002558 0.004934
0 0.669773 0.184485 0.006944 0.006031
0 0.611659 0.462445 0.005482 0.003838
0 0.588633 0.320724 0.004020 0.006031
0 0.429276 0.036595 0.004751 0.004660
0 0.836988 0.381990 0.005117 0.005208
0 0.711440 0.442434 0.005482 0.003838
0 0.511148 0.804002 0.006213 0.004386
0 0.608735 0.474507 0.006944 0.004934
0 0.705958 0.442434 0.004020 0.003838
0 0.616045 0.859101 0.014985 0.013706
0 0.749086 0.597725 0.004020 0.003564
0 0.271382 0.362527 0.018640 0.011787
0 0.520468 0.235883 0.006579 0.005208
0 0.348867 0.531250 0.004020 0.004934
0 0.610563 0.456277 0.005482 0.005208
0 0.468750 0.388706 0.001096 0.005482
0 0.125548 0.440789 0.008406 0.002193
0 0.348501 0.365269 0.004020 0.011239
0 0.469481 0.628838 0.001827 0.008772
0 0.466923 0.361294 0.001827 0.009868
0 0.709978 0.708882 0.008406 0.007127
0 0.813962 0.399260 0.005848 0.005208
0 0.280885 0.642544 0.011330 0.008224
0 0.546966 0.326617 0.006944 0.005208
0 0.292215 0.253564 0.007675 0.006031
0 0.275585 0.579496 0.006579 0.006579
0 0.723319 0.464501 0.004386 0.004112
0 0.771199 0.923794 0.011696 0.006031
0 0.911732 0.537281 0.014254 0.010417
0 0.596857 0.355126 0.005117 0.004112
0 0.371345 0.559073 0.008041 0.010143
0 0.781798 0.742462 0.007310 0.004660
0 0.812683 0.395833 0.006213 0.006579
0 0.596491 0.458470 0.005848 0.004660
0 0.183114 0.682292 0.010234 0.008224
0 0.070175 0.422560 0.007310 0.004660
0 0.286184 0.739035 0.010965 0.008772
0 0.512610 0.332922 0.006213 0.004660
0 0.512244 0.456552 0.007675 0.005757
0 0.713633 0.810581 0.004751 0.003838
0 0.070724 0.287281 0.004751 0.004934
0 0.646564 0.388706 0.004386 0.004386
0 0.602522 0.292626 0.010599 0.009594
0 0.706506 0.452166 0.003655 0.003564
0 0.335344 0.587308 0.008406 0.006853
0 0.338816 0.242873 0.006579 0.004386
0 0.220029 0.378015 0.010965 0.008772
0 0.720577 0.468613 0.004751 0.004112
0 0.655154 0.551809 0.005482 0.004386
0 0.632127 0.371711 0.006213 0.005482
0 0.839547 0.383909 0.011696 0.009594
0 0.533808 0.384046 0.005482 0.004934
0 0.602339 0.289748 0.006579 0.004934
0 0.678545 0.197780 0.004020 0.004112
0 0.721126 0.369243 0.005117 0.004386
0 0.589912 0.318531 0.005117 0.006579
0 0.156250 0.675027 0.007675 0.005757