0 0.105400 0.294591 0.010143 0.016813
0 0.947917 0.445724 0.006579 0.010599
0 0.369243 0.612756 0.006031 0.009868
0 0.230948 0.381396 0.011787 0.020833
0 0.505345 0.550987 0.006305 0.009868
0 0.410499 0.921601 0.005208 0.009868
0 0.465461 0.599050 0.005482 0.008041
0 0.763021 0.735380 0.009594 0.015351
0 0.148986 0.901681 0.008498 0.016082
0 0.845669 0.798611 0.011513 0.019006
0 0.520833 0.930738 0.008224 0.009868
0 0.311129 0.527778 0.006031 0.010965
0 0.852522 0.810490 0.008772 0.011330
0 0.631853 0.738487 0.003838 0.013523
0 0.233416 0.361477 0.006305 0.010234
0 0.459019 0.509137 0.006853 0.009503
0 0.066338 0.872807 0.006031 0.010965
0 0.071409 0.690607 0.004112 0.005482
0 0.720943 0.785819 0.006031 0.010965
0 0.244243 0.835709 0.006031 0.009137
0 0.023163 0.741959 0.007950 0.011696
0 0.646656 0.843202 0.006579 0.011696
0 0.028920 0.315241 0.013432 0.016447
0 0.753427 0.525950 0.009594 0.015351
0 0.721491 0.919773 0.008772 0.010599
0 0.089501 0.658991 0.001919 0.016813
0 0.195724 0.766813 0.004386 0.008041
0 0.344298 0.668677 0.007675 0.011330
0 0.402961 0.459247 0.005482 0.006944
0 0.795641 0.715643 0.006305 0.010965
0 0.713679 0.788560 0.011787 0.016447
0 0.026316 0.709978 0.005482 0.008406
0 0.847999 0.813779 0.010143 0.009868
0 0.243421 0.921053 0.007675 0.009503
0 0.793174 0.707785 0.003564 0.006213
0 0.629660 0.739401 0.009868 0.014620
0 0.120751 0.530336 0.011787 0.016082
0 0.550576 0.908077 0.005757 0.009137
0 0.575247 0.523209 0.007401 0.012061
0 0.782209 0.256213 0.006853 0.010965
0 0.165296 0.645651 0.005482 0.010599
0 0.642681 0.722588 0.006853 0.008772
0 0.801124 0.718019 0.011787 0.016447
0 0.791667 0.713450 0.002193 0.009503
0 0.869929 0.882675 0.012336 0.043129
0 0.666255 0.251279 0.002467 0.004020
0 0.113213 0.527047 0.009320 0.017544
0 0.017681 0.620614 0.007950 0.009503
0 0.878975 0.905885 0.001919 0.047149
0 0.352522 0.931835 0.001645 0.006944
0 0.483690 0.927083 0.005757 0.007675
0 0.716283 0.209978 0.005482 0.011330
0 0.022752 0.329861 0.018092 0.009868
0 0.791667 0.643092 0.002193 0.013523
0 0.305099 0.450475 0.008772 0.012792
0 0.199287 0.305373 0.006579 0.006944
0 0.887747 0.518640 0.003015 0.004386
0 0.787555 0.494335 0.003838 0.009868
0 0.658306 0.779240 0.012884 0.010234
0 0.791118 0.458882 0.001645 0.005482
0 0.873081 0.890534 0.008224 0.031798
0 0.710800 0.329496 0.005482 0.009137
0 0.503564 0.849415 0.009320 0.016082
0 0.247533 0.618969 0.008224 0.016447
0 0.337582 0.641447 0.007950 0.010234
0 0.094161 0.750731 0.003564 0.009503
0 0.550850 0.911367 0.006853 0.014985
0 0.239583 0.576206 0.005482 0.008406
0 0.576069 0.703947 0.004660 0.002193
0 0.761513 0.761696 0.006031 0.009503
0 0.893229 0.284539 0.004112 0.007675
0 0.796053 0.924708 0.006579 0.013889
0 0.473684 0.566886 0.006031 0.008772
0 0.615817 0.381944 0.001919 0.005117
0 0.509457 0.854898 0.009594 0.015351
0 0.944079 0.325658 0.006579 0.013889
0 0.344024 0.795504 0.005482 0.007675
0 0.722314 0.814327 0.007127 0.008772
0 0.036595 0.887244 0.006853 0.010599
0 0.001645 0.746893 0.001645 0.008406
0 0.151316 0.293311 0.006031 0.006213
0 0.347588 0.931835 0.006579 0.006944
0 0.078262 0.527047 0.012336 0.016082
0 0.951343 0.448282 0.003564 0.011330
0 0.072643 0.426718 0.015899 0.036915
0 0.409265 0.432200 0.004934 0.009137
0 0.634183 0.445541 0.006853 0.009503
0 0.792215 0.596491 0.002741 0.010965
0 0.752878 0.932383 0.011787 0.006579
0 0.944901 0.324927 0.003838 0.011696
0 0.543311 0.853801 0.008772 0.013889
0 0.092654 0.390534 0.004934 0.017909
0 0.720806 0.915387 0.010143 0.019371
0 0.056195 0.755117 0.004934 0.008041
0 0.057018 0.307566 0.006031 0.006213
0 0.792626 0.721308 0.003015 0.011330
0 0.632264 0.741959 0.004112 0.007310