0 0.644875 0.361159 0.005228 0.002903
0 0.645797 0.358258 0.006006 0.003780
0 0.485456 0.386994 0.009333 0.004928
0 0.651264 0.358423 0.007206 0.003690
0 0.642031 0.372192 0.009406 0.003510
0 0.642831 0.369028 0.010472 0.005100
0 0.585644 0.339550 0.013333 0.005650
0 0.482206 0.395531 0.011611 0.005303
0 0.616994 0.366280 0.008000 0.004225
0 0.620944 0.358129 0.008611 0.004127
0 0.620903 0.353844 0.009061 0.004553
0 0.622994 0.368205 0.008444 0.004575
0 0.636556 0.355638 0.006889 0.004925
0 0.589611 0.373519 0.008333 0.002863
