0 0.788593 0.570833 0.028210 0.010809
0 0.746759 0.442303 0.031382 0.016079
0 0.359036 0.580103 0.021211 0.006198
0 0.809312 0.811957 0.021883 0.010208
0 0.677026 0.509174 0.036586 0.017118
0 0.833992 0.449156 0.037412 0.014298
1 0.773155 0.562054 0.023293 0.007292
0 0.649050 0.129804 0.023354 0.010962
0 0.035003 0.518872 0.028838 0.011627
0 0.126889 0.528697 0.011123 0.006947
0 0.354637 0.525396 0.027291 0.009556
0 0.247718 0.527562 0.023475 0.008948
0 0.399493 0.475817 0.020264 0.010742
0 0.753640 0.573478 0.029548 0.009134
