0 0.538249 0.378098 0.019383 0.007391
0 0.627494 0.668708 0.012830 0.005903
0 0.451399 0.211510 0.010297 0.005680
0 0.742445 0.150833 0.013822 0.006002
0 0.688610 0.349608 0.015655 0.007004
0 0.743722 0.155749 0.013656 0.005298
0 0.578497 0.326540 0.017456 0.006850
0 0.152227 0.224302 0.025138 0.011109
0 0.890055 0.286442 0.020980 0.011128
0 0.905281 0.282964 0.013744 0.006999
0 0.875363 0.285104 0.014835 0.004821
0 0.869102 0.279158 0.015936 0.007572
0 0.854312 0.278533 0.015066 0.011178
1 0.221867 0.375846 0.018645 0.010387
0 0.233400 0.369847 0.020457 0.008787
0 0.034020 0.439514 0.012500 0.006473
0 0.026173 0.432333 0.017181 0.007641
1 0.319796 0.533051 0.013877 0.005089
0 0.831536 0.147768 0.014482 0.009623
0 0.633007 0.531912 0.018359 0.009320
0 0.317844 0.378749 0.014862 0.007235
0 0.259017 0.017850 0.009202 0.005729
0 0.775413 0.319878 0.018778 0.008408
0 0.771426 0.314700 0.016355 0.008894
0 0.758789 0.316044 0.016520 0.008606
0 0.761041 0.308110 0.016134 0.008730
0 0.518062 0.363852 0.018172 0.008953
0 0.820116 0.281911 0.016079 0.007572
0 0.822417 0.289131 0.016839 0.008172
0 0.746790 0.261317 0.017808 0.007986
