0 0.766914 0.308787 0.015633 0.008299
0 0.776443 0.315181 0.016046 0.008447
0 0.780259 0.319903 0.017566 0.007515
0 0.267902 0.364859 0.023073 0.007535
0 0.755617 0.264881 0.016189 0.007044
0 0.593428 0.326876 0.018122 0.006104
0 0.823194 0.284565 0.014890 0.007066
0 0.347618 0.372850 0.017186 0.007564
1 0.294064 0.015489 0.008921 0.005729
0 0.043029 0.445685 0.015529 0.010317
0 0.554725 0.374720 0.018007 0.007267
0 0.696063 0.349442 0.014482 0.006672
0 0.254705 0.369412 0.019191 0.005288
0 0.854719 0.281049 0.017324 0.010670
0 0.475099 0.205616 0.010507 0.005717
0 0.757139 0.155946 0.015017 0.006029
0 0.759268 0.160299 0.018392 0.004715
0 0.536206 0.362302 0.017346 0.008333
0 0.627616 0.644087 0.011894 0.005977
0 0.824584 0.291674 0.016096 0.007817
0 0.764240 0.316124 0.014758 0.007664
