0 0.281937 0.640691 0.007897 0.013626
0 0.367512 0.920179 0.010715 0.016499
0 0.379814 0.834320 0.015455 0.017325
0 0.392577 0.874212 0.010927 0.019448
0 0.368931 0.899386 0.010504 0.017178
0 0.355508 0.902975 0.009263 0.017741
0 0.386340 0.856891 0.011234 0.015464
0 0.400244 0.858576 0.013586 0.016414
0 0.344867 0.384841 0.006160 0.009353
0 0.343335 0.376493 0.006258 0.009529
0 0.366845 0.559909 0.007538 0.013523
0 0.275799 0.633156 0.009027 0.012438
0 0.373066 0.880051 0.006647 0.017844
0 0.407876 0.854748 0.007632 0.015344
0 0.394389 0.901016 0.008169 0.014890
0 0.372666 0.910417 0.009646 0.012317
0 0.396191 0.900850 0.011774 0.015230
0 0.387525 0.944483 0.012922 0.019185
0 0.449117 0.868284 0.009529 0.018366
0 0.399682 0.914622 0.006782 0.009382
0 0.385783 0.900174 0.010529 0.021721
0 0.473690 0.776219 0.010302 0.020727
0 0.372104 0.619910 0.008884 0.013673
