0 0.822488 0.761252 0.008544 0.010720
0 0.824593 0.790621 0.006746 0.011016
0 0.824452 0.742001 0.005680 0.010537
0 0.834631 0.868183 0.007695 0.011615
0 0.843550 0.866087 0.008860 0.010026
0 0.867677 0.856469 0.005502 0.011243
0 0.875704 0.892533 0.002977 0.012792
0 0.858766 0.867175 0.007982 0.009949
0 0.905399 0.898439 0.009252 0.015015
0 0.824456 0.706422 0.009071 0.009335
0 0.815004 0.775760 0.006845 0.010212
0 0.820987 0.780585 0.007961 0.011491
0 0.812024 0.749894 0.007711 0.011082
0 0.814438 0.762617 0.008257 0.009291
0 0.820807 0.769569 0.006209 0.007507
0 0.779711 0.739837 0.007623 0.008710
0 0.786229 0.741955 0.005990 0.010051
0 0.787681 0.779572 0.003586 0.010234
0 0.877860 0.834609 0.008972 0.010877
0 0.768581 0.778035 0.006719 0.010596
0 0.763776 0.785671 0.007547 0.012752
0 0.188765 0.598057 0.005798 0.009141
0 0.167792 0.590170 0.006340 0.010048
0 0.188687 0.485249 0.004841 0.007346
0 0.181325 0.477069 0.005946 0.008202
0 0.894552 0.837319 0.006960 0.009931
0 0.889021 0.841780 0.008191 0.012990
0 0.819423 0.747308 0.008572 0.014251
0 0.813710 0.720196 0.009871 0.011714
0 0.825929 0.773099 0.007330 0.009766
