0 0.406006 0.471729 0.006469 0.007383
0 0.381609 0.428268 0.004485 0.007551
0 0.330678 0.520574 0.006488 0.007083
0 0.336727 0.502544 0.005016 0.006689
0 0.421390 0.336520 0.005225 0.006477
0 0.443671 0.311705 0.006787 0.006100
0 0.394142 0.394291 0.005844 0.009094
0 0.389028 0.392297 0.005036 0.006743
0 0.384814 0.380733 0.004923 0.006626
0 0.364507 0.438213 0.006162 0.009167
0 0.421961 0.359450 0.007503 0.008162
0 0.428743 0.377359 0.006066 0.007986
0 0.356930 0.437982 0.005614 0.006813
0 0.556845 0.440696 0.010154 0.010457
0 0.577488 0.357672 0.006340 0.008523
0 0.589778 0.374004 0.005691 0.007299
0 0.458387 0.313781 0.006253 0.007708
0 0.402105 0.488227 0.006228 0.007617
0 0.408002 0.551711 0.007840 0.010344
0 0.398999 0.545599 0.006815 0.008904
0 0.414622 0.474889 0.006595 0.009572
0 0.377617 0.503697 0.006291 0.007087
0 0.357019 0.524976 0.005907 0.010062
0 0.406806 0.485908 0.005269 0.006202
0 0.374120 0.486745 0.005888 0.008125
0 0.465977 0.613832 0.007393 0.011590
0 0.679078 0.641645 0.006017 0.006133
0 0.656301 0.626382 0.004603 0.008655
0 0.611103 0.636924 0.008851 0.011173
0 0.611458 0.650378 0.011212 0.010698
0 0.437675 0.890645 0.009995 0.011963
0 0.429723 0.910221 0.009583 0.011963
0 0.440735 0.944209 0.005099 0.006524
0 0.471527 0.862368 0.007138 0.016316
0 0.482085 0.611363 0.011406 0.012982
0 0.481250 0.590711 0.007769 0.009178
0 0.678133 0.646365 0.005548 0.007394
0 0.427396 0.327749 0.005866 0.007558
0 0.591430 0.496625 0.011554 0.012007
0 0.547501 0.479404 0.010365 0.013823
0 0.580384 0.422080 0.007818 0.011104
0 0.571631 0.393871 0.007988 0.009518
0 0.576730 0.369174 0.007648 0.011784
0 0.726683 0.325440 0.002478 0.003461
0 0.739900 0.322058 0.003424 0.005504
0 0.734648 0.307582 0.003775 0.005822
0 0.625245 0.417663 0.011214 0.013593
0 0.625417 0.433635 0.006458 0.015632
0 0.611312 0.458900 0.012574 0.016769
