0 0.739058 0.778406 0.005863 0.008677
0 0.161698 0.154276 0.006220 0.008962
0 0.157873 0.155040 0.006721 0.007624
0 0.495800 0.289019 0.004792 0.005720
0 0.681051 0.686833 0.003396 0.005216
0 0.682555 0.712416 0.004172 0.007785
0 0.675493 0.704870 0.003991 0.007467
0 0.373994 0.787807 0.004221 0.007412
0 0.368536 0.797281 0.005252 0.006864
0 0.551992 0.300420 0.003934 0.005797
0 0.917682 0.500415 0.003501 0.005903
0 0.907127 0.484695 0.005252 0.006590
0 0.899302 0.486276 0.004427 0.006177
0 0.247563 0.155230 0.005493 0.009496
0 0.274317 0.196221 0.004890 0.008465
0 0.246602 0.197708 0.005233 0.008465
0 0.253172 0.183235 0.005137 0.009496
0 0.701442 0.512719 0.004781 0.006981
0 0.702460 0.545411 0.003769 0.007540
0 0.706190 0.544700 0.003361 0.006338
0 0.840241 0.520157 0.004221 0.007208
0 0.388252 0.191742 0.003961 0.007650
0 0.378547 0.184923 0.005000 0.007646
0 0.354618 0.195797 0.006801 0.008414
0 0.349046 0.197434 0.005981 0.009722
0 0.370968 0.185634 0.005082 0.007979
0 0.842921 0.511999 0.004893 0.006981
0 0.829929 0.604806 0.005998 0.005899
0 0.888344 0.569077 0.005800 0.007606
0 0.429444 0.306846 0.006294 0.007734
0 0.618739 0.385091 0.003279 0.004371
0 0.149069 0.172383 0.005863 0.008830
0 0.140628 0.179872 0.005378 0.007222
0 0.155650 0.168730 0.006672 0.008805
0 0.190225 0.172750 0.006277 0.009792
0 0.193942 0.163808 0.006042 0.007595
0 0.202521 0.188501 0.004690 0.006806
0 0.322097 0.189951 0.004973 0.009068
0 0.048021 0.423341 0.004863 0.006901
0 0.055217 0.431511 0.005466 0.008096
0 0.591545 0.459671 0.004674 0.007610
0 0.653494 0.386921 0.003221 0.004485
0 0.648751 0.384667 0.004444 0.005694
0 0.066510 0.570599 0.003810 0.006389
0 0.073505 0.561266 0.004630 0.007650
0 0.090484 0.554852 0.003769 0.006568
0 0.436262 0.522389 0.004444 0.007175
0 0.514058 0.512056 0.004230 0.006846
0 0.522382 0.479276 0.003470 0.005278
0 0.570973 0.548065 0.004655 0.006765
0 0.571088 0.541389 0.004342 0.006915
0 0.529211 0.508193 0.004452 0.006546
0 0.577552 0.548734 0.004600 0.008512
0 0.551680 0.562122 0.004183 0.006795
0 0.529618 0.472462 0.004816 0.008191
0 0.546627 0.560243 0.005310 0.006626
0 0.708257 0.539916 0.004238 0.006148
0 0.830821 0.514814 0.004334 0.006023
0 0.817691 0.498600 0.004871 0.007880
0 0.801342 0.479662 0.004559 0.006765
0 0.821963 0.495005 0.005384 0.007087
0 0.834871 0.517758 0.003953 0.005113
0 0.834918 0.510069 0.004644 0.005519
0 0.916420 0.522745 0.004616 0.006959
0 0.896694 0.571678 0.005345 0.008158
0 0.890894 0.564092 0.005466 0.007745
0 0.156935 0.652540 0.004315 0.006798
0 0.241069 0.675395 0.004764 0.007398
0 0.197166 0.608167 0.004101 0.005384
0 0.242063 0.663196 0.003835 0.007189
0 0.202612 0.638624 0.004468 0.005793
0 0.205818 0.642420 0.004482 0.007602
0 0.398975 0.591411 0.003980 0.006542
0 0.413613 0.651508 0.003942 0.007014
0 0.486123 0.667920 0.002991 0.004795
0 0.510461 0.593949 0.003333 0.006020
0 0.488002 0.659324 0.004041 0.006418
0 0.462304 0.597374 0.003819 0.006202
0 0.488019 0.672060 0.002618 0.004090
0 0.529496 0.598798 0.004490 0.007544
0 0.550572 0.684923 0.004575 0.007515
0 0.576857 0.643893 0.003824 0.006023
0 0.615829 0.680298 0.003588 0.007321
0 0.661815 0.635627 0.004419 0.006407
0 0.637552 0.634477 0.003300 0.005161
0 0.722388 0.599216 0.004556 0.007562
0 0.818222 0.606966 0.005293 0.007997
0 0.808721 0.602694 0.004712 0.007113
0 0.849760 0.690260 0.004416 0.007537
0 0.853865 0.692982 0.005060 0.008779
0 0.821635 0.614885 0.006543 0.009200
0 0.801723 0.601564 0.005376 0.008048
0 0.940499 0.611188 0.004786 0.007237
0 0.258808 0.813423 0.004370 0.007270
0 0.254539 0.803083 0.004227 0.007950
0 0.381956 0.728156 0.003857 0.005428
0 0.374585 0.748708 0.006796 0.008527
0 0.487468 0.714529 0.003446 0.006776
0 0.491457 0.717778 0.004778 0.007639
0 0.469158 0.795214 0.004315 0.008147
0 0.461414 0.796131 0.005258 0.009295
0 0.590625 0.751868 0.003251 0.006060
0 0.657792 0.761241 0.004586 0.008140
0 0.616890 0.710793 0.004213 0.005088
0 0.664139 0.767957 0.004572 0.009086
0 0.727914 0.763617 0.004764 0.007591
0 0.309296 0.894656 0.004052 0.007690
0 0.328332 0.851698 0.003287 0.005143
0 0.543402 0.821146 0.004907 0.004865
0 0.539951 0.824476 0.003739 0.006626
0 0.941184 0.483682 0.003432 0.004119
0 0.941915 0.488258 0.004032 0.005720
0 0.905049 0.520287 0.005932 0.006919
0 0.915737 0.511475 0.005559 0.008074
0 0.961379 0.592908 0.005559 0.006261
0 0.965270 0.591012 0.005189 0.006754
0 0.940374 0.575280 0.004076 0.006261
0 0.944142 0.603779 0.006425 0.005928
0 0.503017 0.421899 0.005063 0.009105
0 0.465604 0.440481 0.005408 0.008958
0 0.855026 0.700185 0.005112 0.007738
0 0.780023 0.659633 0.004668 0.006605
0 0.784178 0.657394 0.006146 0.007588
0 0.575110 0.345574 0.005395 0.007193
0 0.369741 0.293721 0.005507 0.007997
0 0.364232 0.296146 0.004326 0.007080
0 0.360251 0.294048 0.005606 0.007343
0 0.392201 0.498861 0.005000 0.007540
0 0.404945 0.493618 0.004918 0.007975
0 0.489068 0.549861 0.003553 0.006009
0 0.481590 0.540208 0.004030 0.006740
0 0.545732 0.296813 0.004128 0.006425
0 0.541454 0.295174 0.003638 0.005245
0 0.485199 0.262624 0.005244 0.008194
0 0.502164 0.276065 0.005408 0.009287
0 0.508268 0.285026 0.006146 0.010380
0 0.480733 0.281692 0.004180 0.008085
0 0.484585 0.283986 0.004016 0.007869
0 0.488026 0.285789 0.004507 0.007756
0 0.496362 0.371259 0.005548 0.009126
0 0.904054 0.661796 0.004030 0.006553
0 0.656938 0.586912 0.003755 0.007376
0 0.661856 0.584635 0.003893 0.005921
0 0.810591 0.497712 0.005463 0.008377
0 0.824549 0.439380 0.005189 0.006919
0 0.965433 0.483914 0.005521 0.007208
0 0.966457 0.476517 0.006774 0.009254
0 0.921157 0.572054 0.004578 0.005928
0 0.917862 0.572003 0.006009 0.006827
0 0.988546 0.625815 0.005546 0.006923
0 0.976155 0.636594 0.003188 0.005504
0 0.979105 0.631716 0.004603 0.007080
0 0.982830 0.493549 0.004427 0.006689
0 0.987404 0.490272 0.004523 0.006948
0 0.972092 0.485747 0.004622 0.007080
0 0.951391 0.480963 0.005112 0.007738
0 0.943524 0.471193 0.005507 0.007606
0 0.824306 0.608567 0.005000 0.007975
0 0.814513 0.606056 0.005573 0.008414
0 0.411172 0.655948 0.003747 0.006451
0 0.571224 0.724470 0.004180 0.006886
0 0.540615 0.733211 0.003605 0.006882
0 0.334322 0.852392 0.002563 0.005464
0 0.331875 0.848408 0.002560 0.004324
0 0.178984 0.661212 0.003698 0.006678
0 0.178442 0.656506 0.003533 0.005768
0 0.218067 0.693748 0.003618 0.008469
0 0.212297 0.692836 0.003553 0.007376
0 0.208713 0.699393 0.004712 0.009379
0 0.179333 0.624227 0.003621 0.005735
0 0.063592 0.562326 0.005984 0.009726
0 0.151674 0.153562 0.007305 0.009558
0 0.135968 0.162120 0.005532 0.009744
0 0.204287 0.179062 0.003777 0.005822
0 0.405034 0.225221 0.004915 0.007979
0 0.400158 0.221943 0.005820 0.009068
0 0.394422 0.225166 0.004836 0.007211
0 0.439601 0.219454 0.005491 0.009726
0 0.444888 0.218907 0.006064 0.008194
0 0.456771 0.225408 0.004918 0.008308
0 0.446650 0.237482 0.005000 0.009291
0 0.411656 0.234366 0.005981 0.007431
0 0.406780 0.281188 0.005408 0.008414
0 0.417638 0.269826 0.004997 0.007321
0 0.409649 0.310201 0.004753 0.008304
0 0.424851 0.315172 0.006472 0.006886
0 0.436652 0.315990 0.005162 0.008523
0 0.409113 0.431519 0.003243 0.005311
0 0.437715 0.471299 0.004126 0.007526
0 0.445636 0.473448 0.003936 0.007145
0 0.445090 0.467473 0.003986 0.006451
0 0.441649 0.472133 0.004427 0.007606
0 0.507031 0.594156 0.003196 0.005680
0 0.564069 0.548262 0.004180 0.007102
0 0.536046 0.519647 0.004164 0.008015
0 0.519814 0.467834 0.005669 0.008469
0 0.522749 0.462372 0.006349 0.009013
0 0.532721 0.460780 0.004301 0.007102
0 0.536510 0.469064 0.003553 0.006557
0 0.607242 0.461500 0.004041 0.006524
0 0.605735 0.467114 0.004095 0.007891
0 0.658417 0.389315 0.002788 0.004550
0 0.605618 0.673761 0.003786 0.006067
0 0.533520 0.469613 0.006316 0.008289
0 0.740990 0.784176 0.005005 0.008198
0 0.736091 0.783271 0.005077 0.009247
0 0.503058 0.519245 0.004860 0.007723
