0 0.494811 0.154311 0.006096 0.009046
0 0.613472 0.440537 0.007431 0.009130
0 0.611870 0.428015 0.006727 0.009759
0 0.505101 0.626102 0.003004 0.004010
0 0.237887 0.738677 0.004370 0.005373
0 0.237341 0.732802 0.003004 0.005099
0 0.234779 0.731073 0.001434 0.003461
0 0.227301 0.729571 0.003687 0.004463
0 0.286335 0.125923 0.009441 0.015603
0 0.134042 0.829768 0.008725 0.013593
0 0.625903 0.789518 0.006033 0.009262
0 0.622259 0.764720 0.004857 0.009404
0 0.228742 0.725905 0.005055 0.005800
0 0.226257 0.734454 0.004054 0.006349
0 0.543710 0.692641 0.005315 0.009280
0 0.536815 0.686679 0.008947 0.009697
0 0.502626 0.616266 0.004605 0.006495
0 0.137262 0.660199 0.003810 0.006107
0 0.140537 0.662431 0.004627 0.006564
0 0.570803 0.575221 0.008333 0.011239
0 0.550004 0.571446 0.007486 0.013732
0 0.213469 0.480029 0.008698 0.013056
0 0.202632 0.509909 0.007604 0.011221
0 0.233554 0.483014 0.010902 0.016561
0 0.031128 0.421977 0.012908 0.015629
