0 0.785885 0.859514 0.007818 0.010651
0 0.488809 0.767696 0.005310 0.006765
0 0.527871 0.779812 0.004838 0.011173
0 0.542033 0.815766 0.006253 0.010069
0 0.404892 0.598607 0.005776 0.009291
0 0.438013 0.291977 0.005439 0.007705
0 0.382274 0.295603 0.006796 0.008611
0 0.381169 0.322339 0.005946 0.007251
0 0.575696 0.604571 0.005099 0.007365
0 0.603594 0.605894 0.005663 0.008498
0 0.634819 0.577948 0.004956 0.009251
0 0.960045 0.986809 0.009345 0.013596
0 0.950699 0.988604 0.009348 0.011140
0 0.947866 0.974914 0.006796 0.012840
0 0.782146 0.847732 0.006458 0.008381
0 0.756996 0.962765 0.005948 0.015179
0 0.751388 0.962085 0.006965 0.016086
0 0.688938 0.972509 0.009855 0.016086
0 0.682564 0.961067 0.006286 0.013596
0 0.720546 0.991656 0.007138 0.012690
0 0.720121 0.965484 0.006628 0.011100
0 0.713492 0.965258 0.006968 0.010647
0 0.715107 0.956535 0.007818 0.014050
0 0.656225 0.893432 0.006968 0.012917
0 0.508468 0.938772 0.007988 0.011104
0 0.454052 0.983167 0.005663 0.011707
0 0.458512 0.986188 0.006091 0.014349
0 0.420844 0.962604 0.006656 0.010194
0 0.447892 0.973074 0.007505 0.014518
0 0.414630 0.961747 0.006458 0.010424
0 0.249878 0.990296 0.006286 0.009064
0 0.323374 0.955629 0.006798 0.012690
0 0.287744 0.936118 0.006727 0.009912
0 0.298366 0.915585 0.006255 0.011016
0 0.275177 0.914485 0.008495 0.012588
0 0.278125 0.906774 0.009211 0.015106
0 0.320267 0.815183 0.004603 0.011016
0 0.316964 0.814081 0.005781 0.010698
0 0.787501 0.598152 0.009646 0.011334
0 0.160674 0.344465 0.007834 0.011414
0 0.123194 0.333598 0.007527 0.010333
0 0.150317 0.348372 0.009438 0.005011
0 0.111989 0.346738 0.008210 0.007803
0 0.243120 0.272184 0.008931 0.009711
0 0.197777 0.316442 0.007451 0.016634
0 0.255975 0.240090 0.004718 0.007357
0 0.251617 0.322230 0.007610 0.011447
0 0.321454 0.314613 0.007678 0.009152
0 0.309698 0.342962 0.007664 0.011605
0 0.307348 0.305605 0.006938 0.011561
0 0.316531 0.333160 0.007141 0.009470
0 0.324901 0.323390 0.005471 0.007336
0 0.332907 0.327151 0.006033 0.009382
0 0.348792 0.340713 0.004169 0.010110
0 0.271626 0.342339 0.004320 0.006287
0 0.352068 0.340897 0.002382 0.009938
0 0.530726 0.329465 0.006711 0.009455
0 0.961295 0.309408 0.007234 0.009189
0 0.948783 0.306034 0.006349 0.007902
0 0.950434 0.296815 0.006861 0.008542
0 0.920648 0.280280 0.007289 0.010128
0 0.946258 0.287628 0.005378 0.008019
0 0.077800 0.390713 0.007678 0.010183
0 0.103309 0.455470 0.008898 0.013279
0 0.111694 0.459830 0.008931 0.012043
0 0.110258 0.430696 0.009929 0.011663
0 0.114955 0.447997 0.010513 0.014715
0 0.100695 0.424368 0.009411 0.012683
0 0.151464 0.354114 0.008860 0.006312
0 0.150953 0.367792 0.010759 0.012317
0 0.154653 0.390015 0.008890 0.013713
0 0.116435 0.358514 0.008320 0.013103
0 0.168329 0.385647 0.007475 0.009072
0 0.244470 0.385972 0.006867 0.008816
0 0.261038 0.411290 0.004241 0.010205
0 0.290503 0.445802 0.007207 0.010435
0 0.297366 0.406195 0.006025 0.010270
0 0.294324 0.439565 0.008150 0.009518
0 0.291535 0.405832 0.006393 0.010026
0 0.337906 0.446102 0.006694 0.011605
0 0.328014 0.434543 0.005354 0.005461
0 0.331438 0.444757 0.006620 0.010355
0 0.318476 0.434123 0.006338 0.006462
0 0.282440 0.429024 0.005959 0.008026
0 0.318000 0.366259 0.006560 0.010355
0 0.327612 0.371963 0.006360 0.008955
0 0.339848 0.372209 0.005414 0.008439
0 0.348135 0.427893 0.005469 0.010274
0 0.303043 0.457610 0.006601 0.009656
0 0.295609 0.451444 0.005696 0.007778
0 0.390133 0.432114 0.006329 0.009843
0 0.388228 0.442071 0.005348 0.008037
0 0.395424 0.436049 0.006192 0.009605
0 0.400580 0.357979 0.006845 0.009737
0 0.394730 0.429176 0.004718 0.007050
0 0.394101 0.420693 0.005362 0.008600
0 0.396863 0.352652 0.006302 0.003461
0 0.368157 0.408046 0.005096 0.008132
0 0.404513 0.445497 0.005348 0.009218
0 0.486382 0.402014 0.005789 0.008830
0 0.480443 0.399768 0.006033 0.009046
0 0.535469 0.427672 0.007198 0.011652
0 0.563458 0.424433 0.006593 0.008363
0 0.541896 0.445841 0.006357 0.010249
0 0.724522 0.381736 0.007618 0.011104
0 0.734687 0.383593 0.005439 0.007156
0 0.758502 0.452178 0.006521 0.010819
0 0.904091 0.384262 0.007700 0.011433
0 0.898936 0.379554 0.007171 0.009371
0 0.886166 0.410700 0.007865 0.011451
0 0.248226 0.495958 0.004479 0.010219
0 0.260127 0.490844 0.006061 0.009379
0 0.234444 0.501831 0.005038 0.006820
0 0.325302 0.553445 0.007730 0.008322
0 0.299445 0.535649 0.007135 0.011729
0 0.292105 0.534560 0.007867 0.010384
0 0.313884 0.553302 0.005822 0.012606
0 0.297356 0.549793 0.007804 0.012613
0 0.336934 0.557887 0.005924 0.009496
0 0.320200 0.496701 0.006639 0.009112
0 0.318402 0.543944 0.008569 0.009342
0 0.296069 0.527359 0.006864 0.008776
0 0.309190 0.525848 0.005365 0.010044
0 0.333354 0.481820 0.006582 0.012902
0 0.320448 0.486175 0.006774 0.013176
0 0.337419 0.546301 0.005551 0.008370
0 0.303853 0.555775 0.006620 0.012346
0 0.305872 0.535928 0.006546 0.009276
0 0.338783 0.479415 0.006853 0.009759
0 0.318546 0.553993 0.006516 0.011137
0 0.331604 0.502484 0.007275 0.010164
0 0.266996 0.569848 0.007292 0.010471
0 0.273880 0.473724 0.006275 0.009203
0 0.329531 0.472632 0.007116 0.009591
0 0.367112 0.494828 0.005403 0.006433
0 0.521865 0.509304 0.005096 0.008827
0 0.490300 0.541645 0.006373 0.011418
0 0.478528 0.550545 0.005219 0.008370
0 0.580110 0.485287 0.006853 0.011612
0 0.615234 0.572898 0.002399 0.006637
0 0.618139 0.541086 0.006091 0.009379
0 0.761989 0.494481 0.005485 0.008743
0 0.763224 0.485535 0.005055 0.007781
0 0.134901 0.692061 0.009523 0.013684
0 0.165639 0.599030 0.006535 0.007321
0 0.223242 0.611981 0.008380 0.012522
0 0.227634 0.658352 0.005154 0.009159
0 0.176934 0.671537 0.002991 0.007489
0 0.214916 0.664945 0.005304 0.007749
0 0.186149 0.655844 0.005543 0.008955
0 0.219719 0.658178 0.006445 0.008651
0 0.243248 0.622529 0.007094 0.012997
0 0.224523 0.650523 0.006321 0.008750
0 0.198579 0.619121 0.006127 0.009119
0 0.599582 0.665016 0.005184 0.007613
0 0.594568 0.676374 0.005798 0.006879
0 0.611530 0.621402 0.005000 0.008936
0 0.629812 0.590557 0.005688 0.009529
0 0.650297 0.660108 0.004646 0.007950
0 0.715263 0.598940 0.005894 0.011411
0 0.170100 0.718012 0.008259 0.013019
0 0.146573 0.763218 0.008246 0.011904
0 0.139483 0.705305 0.008692 0.007102
0 0.168299 0.707959 0.006615 0.010245
0 0.173080 0.704823 0.004718 0.006137
0 0.134333 0.767913 0.006878 0.013034
0 0.132416 0.738123 0.006850 0.012891
0 0.197037 0.788810 0.006190 0.008688
0 0.194481 0.769245 0.007037 0.010055
0 0.179725 0.717904 0.008374 0.010903
0 0.196377 0.710682 0.007980 0.012613
0 0.201325 0.781542 0.007174 0.008012
0 0.340615 0.783933 0.005244 0.008289
0 0.430215 0.798149 0.006395 0.012935
0 0.427500 0.789730 0.004857 0.007427
0 0.528633 0.769020 0.004350 0.005132
0 0.654550 0.706436 0.004890 0.008765
0 0.655451 0.728427 0.005101 0.009156
0 0.657893 0.770108 0.005677 0.009053
0 0.717560 0.716751 0.006771 0.009868
0 0.045042 0.918310 0.010853 0.017262
0 0.319951 0.925793 0.007834 0.008319
0 0.298000 0.892933 0.009597 0.012533
0 0.306524 0.930532 0.009923 0.010164
0 0.354482 0.908107 0.007198 0.013947
0 0.492401 0.928450 0.006546 0.011842
0 0.500887 0.928609 0.006790 0.011729
0 0.485777 0.914496 0.008391 0.013238
0 0.527767 0.833361 0.002903 0.010866
0 0.647170 0.892452 0.008775 0.013143
0 0.690414 0.861036 0.008832 0.014843
0 0.722822 0.918125 0.004740 0.008436
0 0.833313 0.850987 0.005228 0.009072
