0 0.596797 0.376583 0.008391 0.008567
0 0.564919 0.445009 0.006987 0.011224
0 0.567641 0.463470 0.007536 0.008732
0 0.591880 0.384225 0.006683 0.012135
0 0.587045 0.378361 0.007303 0.010281
0 0.498865 0.421508 0.007089 0.010632
0 0.465936 0.460448 0.006987 0.012606
0 0.792863 0.337873 0.006264 0.009664
0 0.775260 0.256553 0.006743 0.011067
0 0.509198 0.241228 0.006801 0.011104
0 0.421671 0.157887 0.006609 0.010066
0 0.867671 0.081393 0.008374 0.013977
0 0.859291 0.081135 0.010365 0.015479
0 0.979183 0.628655 0.008032 0.013180
0 0.453539 0.433092 0.007412 0.013509
0 0.524559 0.522677 0.006299 0.013015
0 0.514304 0.540387 0.007785 0.014496
0 0.610452 0.535470 0.009046 0.016210
0 0.669019 0.511747 0.006376 0.013443
0 0.830421 0.491806 0.006949 0.011557
0 0.844522 0.499607 0.009822 0.009397
0 0.868274 0.436369 0.009635 0.012255
0 0.886142 0.408099 0.005041 0.007909
0 0.887253 0.396436 0.007264 0.012654
0 0.793740 0.019382 0.009043 0.013246
0 0.798188 0.031738 0.009934 0.016210
0 0.614002 0.552776 0.009693 0.013162
0 0.614727 0.400603 0.007689 0.012222
0 0.789039 0.035861 0.010096 0.018615
0 0.666065 0.504909 0.007338 0.013523
0 0.660066 0.479216 0.007599 0.011151
0 0.647233 0.484762 0.006735 0.012909
0 0.684999 0.514432 0.008501 0.011129
0 0.676689 0.517990 0.007730 0.012836
0 0.623764 0.553920 0.008257 0.014097
0 0.653923 0.482436 0.008448 0.013542
0 0.531675 0.471939 0.006535 0.008205
0 0.530481 0.514269 0.008309 0.014123
0 0.574698 0.474753 0.010208 0.013834
0 0.568373 0.469861 0.009334 0.004050
0 0.522618 0.557809 0.007396 0.011670
0 0.389837 0.493030 0.007519 0.012383
0 0.896301 0.405490 0.005869 0.009189
0 0.726153 0.429148 0.006242 0.008830
0 0.724518 0.417878 0.006206 0.008644
0 0.627345 0.410219 0.007492 0.012931
0 0.578629 0.448660 0.007867 0.011802
