0 0.205850 0.235075 0.003755 0.006919
0 0.176931 0.468660 0.004345 0.007650
0 0.119804 0.491756 0.004131 0.007708
0 0.105289 0.489002 0.005074 0.006608
0 0.399174 0.679677 0.005014 0.009441
0 0.413827 0.681449 0.004819 0.009309
0 0.422971 0.680005 0.004819 0.008264
0 0.800596 0.547158 0.006110 0.008988
0 0.831939 0.533127 0.006609 0.009938
0 0.794645 0.543818 0.007388 0.007569
0 0.780201 0.546045 0.005951 0.008238
0 0.751264 0.528595 0.005071 0.008790
0 0.777150 0.566250 0.005924 0.008589
0 0.745894 0.569357 0.005411 0.008633
0 0.715902 0.561687 0.005948 0.010450
0 0.767061 0.572781 0.006283 0.010227
0 0.501679 0.560336 0.004652 0.006937
0 0.477721 0.554578 0.004652 0.008023
0 0.436246 0.559532 0.004570 0.007054
0 0.288884 0.544779 0.004572 0.006912
0 0.316731 0.482222 0.004383 0.007675
0 0.180737 0.471212 0.003448 0.004982
0 0.197854 0.507171 0.004589 0.006177
0 0.188007 0.526425 0.005148 0.007039
0 0.186712 0.497701 0.005079 0.007485
0 0.181650 0.492615 0.005186 0.006356
0 0.715774 0.360590 0.004060 0.007650
0 0.712240 0.358178 0.004627 0.005895
0 0.679789 0.459010 0.005175 0.007961
0 0.593088 0.381778 0.003945 0.006093
0 0.586332 0.385029 0.004265 0.006213
0 0.501334 0.424713 0.004696 0.007087
0 0.472296 0.429284 0.005825 0.009890
0 0.477174 0.442398 0.006316 0.010117
0 0.378790 0.440044 0.003709 0.006038
0 0.267063 0.393065 0.004904 0.008118
0 0.164454 0.430771 0.005329 0.009985
0 0.134348 0.429359 0.005066 0.007562
0 0.140196 0.423741 0.005885 0.008461
0 0.105121 0.377814 0.005696 0.009196
0 0.125259 0.416424 0.005107 0.006846
0 0.787644 0.277535 0.003660 0.008805
0 0.655495 0.301906 0.004685 0.009287
0 0.662301 0.284698 0.005546 0.009909
0 0.644671 0.336599 0.004337 0.007431
0 0.624552 0.274549 0.004520 0.007555
0 0.653676 0.247540 0.005757 0.009466
0 0.141383 0.281175 0.004657 0.007328
0 0.139474 0.273353 0.003739 0.005026
0 0.158246 0.306762 0.004128 0.007222
0 0.131272 0.245563 0.005559 0.008896
0 0.704008 0.217125 0.004507 0.010289
0 0.623546 0.130568 0.004202 0.006334
0 0.641367 0.224755 0.006417 0.008268
0 0.617596 0.179720 0.005894 0.008176
0 0.627215 0.185938 0.006157 0.009185
0 0.562755 0.199918 0.004128 0.007708
0 0.560451 0.219258 0.004931 0.008355
0 0.554719 0.226486 0.005162 0.008629
0 0.558620 0.200384 0.005217 0.008735
0 0.612412 0.184974 0.003246 0.009115
0 0.564627 0.209327 0.005707 0.008692
0 0.407426 0.178692 0.005932 0.009115
0 0.337320 0.221051 0.004060 0.006707
0 0.310310 0.224797 0.004320 0.006553
0 0.165048 0.150300 0.004707 0.006045
0 0.885437 0.100453 0.004981 0.007800
0 0.721239 0.028275 0.005274 0.008275
0 0.767799 0.047860 0.004063 0.006173
0 0.694343 0.092734 0.004180 0.007135
0 0.698577 0.022054 0.006075 0.010292
0 0.689049 0.020479 0.005285 0.008940
0 0.688107 0.089278 0.005025 0.007825
0 0.694142 0.015859 0.005800 0.006879
0 0.529757 0.094889 0.003753 0.005764
0 0.496604 0.094207 0.007467 0.009890
0 0.443612 0.099088 0.008139 0.012511
0 0.517844 0.049450 0.004849 0.008432
0 0.514783 0.063953 0.005159 0.009061
0 0.522293 0.052149 0.005524 0.007485
0 0.806288 0.246093 0.004781 0.006740
0 0.788085 0.254713 0.005995 0.009945
0 0.808006 0.261106 0.004997 0.010055
0 0.798540 0.279243 0.003276 0.008304
0 0.791944 0.280446 0.004178 0.008523
0 0.647240 0.334132 0.005214 0.006553
0 0.682987 0.376747 0.005507 0.007865
0 0.707966 0.412476 0.005899 0.011933
0 0.701476 0.411361 0.005507 0.009704
0 0.706619 0.526999 0.004526 0.007734
0 0.685377 0.546276 0.005112 0.008260
0 0.743192 0.567378 0.003660 0.007708
0 0.750037 0.567061 0.005546 0.008969
0 0.897928 0.089028 0.004194 0.006308
0 0.788272 0.549755 0.005546 0.010541
0 0.438775 0.107272 0.004852 0.010391
0 0.803999 0.240539 0.004441 0.006736
0 0.974845 0.227005 0.003895 0.008183
0 0.986941 0.211192 0.004485 0.008026
0 0.881628 0.113706 0.004781 0.007376
0 0.877223 0.106466 0.004846 0.010746
0 0.721047 0.066608 0.003279 0.004810
0 0.702403 0.080102 0.005162 0.009072
0 0.625641 0.136798 0.003416 0.007515
0 0.493690 0.055658 0.005329 0.008743
0 0.493607 0.061778 0.006639 0.006122
0 0.447422 0.104874 0.004986 0.011473
0 0.383113 0.191062 0.005524 0.007350
0 0.212394 0.234854 0.004372 0.005329
0 0.454216 0.212844 0.004622 0.009832
0 0.383015 0.195928 0.005214 0.006162
0 0.208923 0.231615 0.004030 0.005102
