0 0.417611 0.737290 0.007941 0.011122
0 0.641335 0.658253 0.008514 0.008772
0 0.653720 0.644772 0.006765 0.007730
0 0.633950 0.643536 0.005822 0.007445
0 0.643018 0.659022 0.008388 0.010267
0 0.568104 0.647381 0.005140 0.009287
0 0.538346 0.685238 0.005480 0.007522
0 0.543687 0.681173 0.005916 0.008472
0 0.602307 0.666394 0.006176 0.010325
0 0.568735 0.631071 0.004685 0.006842
0 0.606591 0.698490 0.003994 0.006009
0 0.570547 0.641720 0.006225 0.007438
0 0.590800 0.626617 0.006985 0.009821
0 0.490822 0.698591 0.005280 0.006327
0 0.495870 0.652569 0.006499 0.006944
0 0.381428 0.684340 0.006919 0.008629
0 0.398702 0.661378 0.005896 0.007507
0 0.313810 0.589236 0.004331 0.005387
0 0.751373 0.486193 0.004863 0.007065
0 0.775518 0.491239 0.004221 0.005015
0 0.774433 0.479739 0.005482 0.007357
0 0.737803 0.473854 0.005995 0.008023
0 0.724652 0.476398 0.006272 0.008724
0 0.740809 0.485029 0.005948 0.008129
0 0.491786 0.544936 0.003501 0.003966
0 0.304042 0.504640 0.004668 0.004821
0 0.314378 0.507005 0.005609 0.006239
0 0.308433 0.510561 0.004416 0.007365
0 0.307290 0.577707 0.005392 0.007204
0 0.298217 0.572619 0.004986 0.005961
0 0.257142 0.472962 0.004109 0.005698
0 0.469567 0.374375 0.005768 0.009708
0 0.454121 0.360161 0.005929 0.008925
0 0.440644 0.356910 0.004095 0.006860
0 0.462982 0.368514 0.006475 0.007409
0 0.374156 0.361700 0.004644 0.005636
0 0.432340 0.445713 0.006340 0.008041
0 0.436309 0.436151 0.004476 0.007383
0 0.435524 0.425230 0.005866 0.008509
0 0.325958 0.451754 0.003950 0.005833
0 0.336753 0.439664 0.005233 0.005965
0 0.321739 0.454196 0.004997 0.007434
0 0.222470 0.377792 0.006261 0.008553
0 0.186785 0.384684 0.006398 0.008300
0 0.182967 0.354326 0.005677 0.006795
0 0.193143 0.336323 0.006571 0.009006
0 0.186331 0.346873 0.004970 0.006473
0 0.197138 0.324861 0.006003 0.008999
0 0.629974 0.143258 0.005419 0.008081
0 0.603107 0.189910 0.005617 0.008110
0 0.593943 0.150239 0.004921 0.005976
0 0.580768 0.193076 0.005186 0.006137
0 0.585673 0.195517 0.006055 0.009916
0 0.556632 0.159189 0.006604 0.008553
0 0.576101 0.168405 0.006806 0.008819
0 0.573289 0.160989 0.005740 0.007679
0 0.591557 0.160062 0.006349 0.008099
0 0.391711 0.725665 0.007122 0.008896
0 0.415236 0.763794 0.008761 0.010007
0 0.751679 0.632882 0.003468 0.005398
0 0.634038 0.637531 0.004704 0.005369
0 0.624786 0.677681 0.005082 0.010252
0 0.435556 0.725418 0.006080 0.010983
0 0.408893 0.765519 0.006118 0.011330
0 0.407802 0.733246 0.005258 0.007500
0 0.397337 0.730819 0.008638 0.011367
0 0.459365 0.725404 0.006735 0.008337
0 0.444749 0.724987 0.005825 0.008695
0 0.482434 0.710726 0.006880 0.007518
0 0.453163 0.716016 0.007336 0.010227
0 0.498326 0.712261 0.005715 0.007664
0 0.472748 0.734322 0.005178 0.007240
0 0.598102 0.763922 0.004630 0.006879
0 0.538583 0.774861 0.005230 0.006411
0 0.537109 0.780967 0.005156 0.008147
0 0.601404 0.748900 0.006393 0.007909
0 0.642270 0.778045 0.004764 0.008304
0 0.332844 0.833076 0.004899 0.008439
0 0.418836 0.932275 0.006615 0.006795
0 0.451116 0.921685 0.004331 0.007295
0 0.464316 0.909545 0.004586 0.007401
0 0.580625 0.836378 0.006135 0.009788
0 0.676297 0.869572 0.004561 0.006959
0 0.676212 0.876354 0.005038 0.006656
0 0.706763 0.973332 0.006135 0.008023
0 0.712190 0.977107 0.005192 0.006765
0 0.722281 0.989380 0.006020 0.008337
0 0.722693 0.996539 0.008024 0.006923
0 0.684463 0.862409 0.003542 0.006425
0 0.647880 0.866409 0.005112 0.005508
0 0.508137 0.895574 0.004345 0.004152
0 0.499656 0.927533 0.004427 0.004481
0 0.426583 0.941343 0.007552 0.008812
0 0.417556 0.940636 0.009323 0.010541
0 0.390826 0.949368 0.007316 0.009123
0 0.427763 0.964000 0.006135 0.009126
0 0.427940 0.920965 0.005310 0.009598
0 0.174807 0.364276 0.006883 0.007997
0 0.167677 0.361720 0.007179 0.008132
0 0.437129 0.349613 0.005666 0.008121
0 0.418436 0.352350 0.005666 0.006798
0 0.351157 0.463794 0.004030 0.005190
0 0.345796 0.465614 0.004098 0.005190
0 0.321746 0.447882 0.003602 0.005311
0 0.232456 0.464834 0.006020 0.007708
0 0.203899 0.467745 0.004603 0.006923
0 0.208265 0.449335 0.005313 0.005665
0 0.210270 0.456497 0.004838 0.006137
0 0.707459 0.760663 0.007198 0.009755
0 0.562307 0.166080 0.006845 0.008337
0 0.340070 0.393202 0.003539 0.004591
0 0.342430 0.389989 0.002558 0.003670
0 0.345478 0.399496 0.003934 0.003538
0 0.330334 0.440603 0.004523 0.004985
0 0.272257 0.484898 0.004098 0.004700
