0 0.331604 0.951893 0.004956 0.007237
0 0.572327 0.530950 0.003909 0.004306
0 0.337186 0.436802 0.003643 0.004854
0 0.387648 0.387752 0.006310 0.004262
0 0.305169 0.968885 0.006138 0.005351
0 0.319862 0.969753 0.004838 0.006765
0 0.306467 0.993118 0.005663 0.005665
0 0.420387 0.407255 0.003772 0.004591
0 0.857804 0.810141 0.004424 0.005376
0 0.509836 0.339709 0.003553 0.004463
0 0.507104 0.338525 0.002733 0.004097
0 0.623912 0.429962 0.004671 0.004046
0 0.745774 0.472485 0.003342 0.004327
0 0.727138 0.469929 0.002851 0.003410
0 0.738448 0.468880 0.004622 0.005245
0 0.739038 0.494057 0.004030 0.006031
0 0.748085 0.490779 0.004032 0.004459
0 0.574234 0.389839 0.003522 0.003933
0 0.542272 0.361429 0.003525 0.003933
0 0.523096 0.365853 0.004016 0.004916
0 0.520596 0.363176 0.003605 0.004371
0 0.674988 0.668056 0.004131 0.004327
0 0.661398 0.634448 0.003147 0.004459
0 0.657514 0.637595 0.003048 0.004196
0 0.574276 0.397144 0.002950 0.005640
0 0.571424 0.396095 0.002558 0.004324
0 0.562967 0.402979 0.003342 0.004722
0 0.560066 0.402389 0.004227 0.005376
0 0.567541 0.402652 0.004622 0.005376
0 0.551658 0.439430 0.004523 0.004722
0 0.557558 0.428417 0.004523 0.004196
0 0.562721 0.409600 0.004032 0.005113
0 0.559919 0.463490 0.005704 0.006162
0 0.549150 0.459296 0.005603 0.005640
0 0.560607 0.457001 0.004915 0.004719
0 0.593158 0.443889 0.004720 0.004722
0 0.511997 0.732345 0.003539 0.004719
0 0.819944 0.774539 0.005014 0.005504
0 0.824368 0.781424 0.005803 0.007211
0 0.863313 0.831579 0.004032 0.004459
0 0.873835 0.825283 0.005016 0.005771
0 0.878409 0.820170 0.003934 0.005508
0 0.838923 0.817482 0.004424 0.006425
0 0.842415 0.813417 0.005115 0.005373
0 0.851020 0.812827 0.004622 0.006553
0 0.740755 0.957935 0.004010 0.007237
0 0.754561 0.967061 0.004720 0.005980
0 0.746538 0.943379 0.004485 0.006765
0 0.428998 0.916908 0.004531 0.005855
0 0.412569 0.988949 0.006727 0.007080
0 0.354084 0.936787 0.006491 0.005980
0 0.352785 0.946935 0.006020 0.006451
0 0.348125 0.941036 0.004720 0.006926
