0 0.622959 0.679463 0.004427 0.006316
0 0.719590 0.868057 0.008237 0.009624
0 0.716449 0.870947 0.006280 0.009883
0 0.664677 0.762370 0.005493 0.007321
0 0.686017 0.446159 0.005241 0.009218
0 0.689860 0.440757 0.005186 0.006513
0 0.941804 0.602845 0.004649 0.006575
0 0.873727 0.777723 0.007464 0.007778
0 0.705655 0.717445 0.006968 0.008107
0 0.703950 0.709834 0.008004 0.011071
0 0.745762 0.784658 0.006228 0.010084
0 0.726265 0.755698 0.008155 0.012654
0 0.164627 0.942917 0.008032 0.011038
0 0.156905 0.949589 0.006179 0.009887
0 0.150419 0.934680 0.005312 0.009061
0 0.174594 0.743039 0.006897 0.008922
0 0.738150 0.781709 0.008004 0.011992
0 0.175178 0.749289 0.007100 0.011656
0 0.558960 0.591014 0.006752 0.011400
0 0.653797 0.612474 0.005543 0.008019
0 0.748231 0.608511 0.005090 0.007482
0 0.756184 0.614814 0.004375 0.007427
0 0.946059 0.603540 0.004756 0.007423
0 0.387001 0.729134 0.004134 0.007500
0 0.629722 0.740331 0.005655 0.008395
0 0.688538 0.709931 0.005803 0.009189
0 0.691184 0.798856 0.005033 0.008545
0 0.715796 0.490930 0.004444 0.008841
0 0.823901 0.513925 0.005905 0.009364
0 0.893043 0.185287 0.007763 0.007694
0 0.531476 0.227421 0.004274 0.006312
0 0.577288 0.597352 0.005085 0.008293
0 0.587458 0.590049 0.004899 0.006860
0 0.582882 0.588173 0.004931 0.006754
0 0.507111 0.623909 0.005680 0.009485
0 0.460326 0.685117 0.005477 0.009196
0 0.502540 0.619342 0.005041 0.009788
0 0.498403 0.625302 0.004893 0.010033
0 0.692786 0.705365 0.006774 0.007222
0 0.506065 0.618132 0.004926 0.009364
0 0.718814 0.820996 0.005376 0.004543
0 0.298102 0.910526 0.005222 0.009357
0 0.307643 0.891060 0.005779 0.007807
0 0.902373 0.797489 0.006549 0.012164
0 0.869830 0.779242 0.004973 0.009784
0 0.862807 0.781351 0.005044 0.008673
0 0.784767 0.750143 0.007971 0.011586
0 0.718840 0.715344 0.005164 0.010892
0 0.776937 0.742853 0.007525 0.014280
0 0.545618 0.387730 0.006209 0.008933
0 0.550672 0.386935 0.005466 0.009821
0 0.464409 0.575270 0.005047 0.007003
0 0.460685 0.579115 0.004857 0.006652
0 0.705096 0.486287 0.006277 0.010263
0 0.718898 0.485952 0.004912 0.006773
0 0.745271 0.536257 0.005345 0.006250
0 0.693232 0.653021 0.006793 0.011539
0 0.696808 0.659647 0.006077 0.008388
