0 0.720698 0.357939 0.009795 0.007456
0 0.858593 0.748654 0.016513 0.012001
1 0.808801 0.796350 0.010234 0.008621
1 0.721144 0.842599 0.014211 0.012933
0 0.848308 0.450636 0.005519 0.005839
0 0.932796 0.429269 0.006287 0.003923
0 0.925541 0.425857 0.005300 0.003840
0 0.870927 0.414609 0.007058 0.005732
0 0.338390 0.694644 0.013030 0.010186
0 0.611612 0.767747 0.017288 0.011530
0 0.903531 0.885840 0.005022 0.004010
0 0.238183 0.869631 0.021067 0.019180
0 0.983816 0.882544 0.004846 0.003141
0 0.987743 0.924387 0.006941 0.004712
0 0.076299 0.875092 0.013944 0.009493
0 0.151078 0.958986 0.028311 0.028191
0 0.189211 0.960344 0.035329 0.030567
0 0.122789 0.960350 0.038721 0.033632
0 0.315817 0.893422 0.023118 0.020167
0 0.309428 0.912993 0.023103 0.021568
0 0.425510 0.987919 0.023140 0.024161
0 0.701524 0.874324 0.017449 0.011132
0 0.755760 0.915086 0.015278 0.015880
0 0.763125 0.892495 0.016915 0.018662
0 0.985556 0.854202 0.010731 0.010504
0 0.977688 0.855363 0.009916 0.010233
0 0.990013 0.851305 0.011824 0.010707
0 0.830704 0.793176 0.018388 0.012152
0 0.871720 0.799953 0.026561 0.022171
0 0.780298 0.819363 0.010815 0.011467
0 0.834103 0.827263 0.017584 0.016626
0 0.714938 0.783080 0.033567 0.024350
0 0.684651 0.783148 0.034843 0.025853
0 0.552191 0.753642 0.016254 0.015628
0 0.702805 0.800156 0.011568 0.010641
0 0.611076 0.832322 0.012050 0.007105
0 0.592135 0.848533 0.018289 0.011809
0 0.469920 0.803694 0.015190 0.013709
0 0.578136 0.559139 0.006762 0.006497
0 0.492314 0.730395 0.011352 0.009413
0 0.215570 0.619622 0.010526 0.010395
0 0.753885 0.645746 0.023465 0.012072
0 0.653432 0.417697 0.005658 0.004211
0 0.306685 0.986146 0.032829 0.027708
0 0.187396 0.928728 0.035267 0.031683
0 0.390168 0.897681 0.026374 0.023805
0 0.401672 0.872033 0.024470 0.023396
0 0.694620 0.881845 0.017135 0.014161
1 0.911944 0.771885 0.033721 0.029959
0 0.600784 0.719836 0.013849 0.013854
0 0.577944 0.718967 0.015420 0.011880
0 0.549717 0.587567 0.009105 0.007738
0 0.362171 0.553033 0.017544 0.015551
0 0.352571 0.518758 0.013461 0.013437
0 0.185698 0.665354 0.010263 0.008487
0 0.192644 0.669221 0.008578 0.008092
0 0.219834 0.542150 0.007643 0.006823
0 0.018319 0.702956 0.020387 0.012108
0 0.031204 0.693464 0.020691 0.011083
0 0.107390 0.733137 0.021871 0.022492
0 0.084797 0.746349 0.028812 0.016502
0 0.019419 0.837529 0.021827 0.021373
0 0.731062 0.640012 0.019974 0.017026
0 0.921528 0.399131 0.007149 0.005329
0 0.901817 0.360014 0.005768 0.002961
0 0.986060 0.828976 0.011477 0.006828
0 0.589693 0.718517 0.016009 0.017078
0 0.859845 0.412907 0.006692 0.004926
0 0.360579 0.500666 0.012635 0.008169
0 0.721025 0.715315 0.008849 0.012220
0 0.830391 0.506179 0.007368 0.007500
0 0.805614 0.449494 0.004167 0.004827
0 0.941078 0.380355 0.007427 0.004734
0 0.621075 0.294786 0.012368 0.009600
1 0.894134 0.480598 0.014700 0.009156
0 0.206711 0.458011 0.015007 0.012448
0 0.465535 0.828734 0.028739 0.025236
0 0.666429 0.336787 0.008480 0.008361
0 0.703216 0.297774 0.007383 0.006250
0 0.106036 0.492504 0.009982 0.008150
0 0.854532 0.381072 0.005190 0.004359
0 0.251941 0.791325 0.030885 0.013753
0 0.196866 0.601010 0.008841 0.007108
0 0.190970 0.605569 0.011261 0.007070
0 0.268777 0.850321 0.013651 0.008646
0 0.458458 0.343646 0.004313 0.004112
0 0.428247 0.531195 0.010683 0.008158
0 0.610541 0.759770 0.010453 0.008964
0 0.428706 0.563520 0.010482 0.006283
0 0.705828 0.306251 0.005808 0.004975
0 0.706458 0.382865 0.006491 0.005137
0 0.764485 0.392397 0.007105 0.006160
0 0.846959 0.418590 0.005811 0.004641
0 0.571131 0.673825 0.012818 0.010896
0 0.506078 0.626343 0.012580 0.008355
0 0.449803 0.329868 0.005000 0.004243
0 0.342080 0.323325 0.012924 0.010784
0 0.773788 0.443895 0.006100 0.004770
0 0.589715 0.343324 0.008977 0.008056
0 0.597485 0.341218 0.008085 0.007344
0 0.604561 0.340935 0.010358 0.007341
0 0.539061 0.336387 0.009993 0.005828
0 0.171811 0.707407 0.020822 0.013958
0 0.093743 0.954572 0.033041 0.029720
0 0.099300 0.059557 0.015917 0.010233
0 0.091433 0.068354 0.012551 0.013649
0 0.435256 0.569394 0.012361 0.007160
0 0.440254 0.575562 0.010230 0.010855
0 0.396944 0.556717 0.009408 0.010573
0 0.406575 0.556632 0.017127 0.012563
0 0.403028 0.706180 0.015004 0.011390
0 0.554079 0.632366 0.016608 0.010351
0 0.467650 0.470221 0.005577 0.007579
0 0.488096 0.474308 0.010789 0.009279
0 0.497071 0.475391 0.014843 0.011604
0 0.506723 0.477484 0.011327 0.009474
0 0.900528 0.357001 0.005311 0.003076
0 0.967829 0.327966 0.008377 0.006974
0 0.839583 0.354899 0.003852 0.002226
0 0.839865 0.357812 0.005563 0.003695
0 0.802855 0.365036 0.005819 0.005164
0 0.829355 0.378680 0.005311 0.003758
0 0.949360 0.350359 0.004554 0.003273
0 0.930707 0.364984 0.010040 0.007248
0 0.870802 0.392749 0.005830 0.005121
0 0.978041 0.620037 0.010322 0.005885
0 0.928653 0.591935 0.012058 0.008646
0 0.774993 0.667175 0.009693 0.006691
0 0.468702 0.593122 0.017215 0.010806
0 0.526630 0.621246 0.010548 0.013594
0 0.522807 0.616746 0.009474 0.012078
0 0.497738 0.653919 0.011462 0.009169
0 0.517383 0.657030 0.017573 0.013588
0 0.531842 0.633006 0.014189 0.013506
0 0.470236 0.650400 0.012116 0.010477
0 0.966433 0.885243 0.005789 0.004657
0 0.799216 0.829811 0.012050 0.011025
0 0.496265 0.688335 0.015278 0.011549
0 0.482950 0.691490 0.017683 0.014405
0 0.996319 0.822108 0.007361 0.008646
0 0.965751 0.766199 0.028242 0.017333
0 0.731265 0.716177 0.012734 0.008528
0 0.707579 0.689945 0.007504 0.010515
0 0.733799 0.689374 0.014031 0.013363
0 0.746080 0.698046 0.014324 0.009890
0 0.779689 0.695233 0.016499 0.014731
0 0.636941 0.734535 0.014079 0.011785
0 0.578162 0.694452 0.014057 0.013739
0 0.610987 0.803268 0.014013 0.008152
0 0.559713 0.821587 0.014667 0.013947
0 0.579359 0.805233 0.011787 0.012473
0 0.377818 0.793436 0.020431 0.018468
0 0.285680 0.722791 0.019254 0.018388
0 0.333297 0.670670 0.016425 0.013720
0 0.342736 0.680499 0.017540 0.015274
0 0.363284 0.684319 0.015296 0.009619
