0 0.202160 0.145773 0.003953 0.005800
0 0.878058 0.070799 0.009734 0.009572
0 0.640286 0.293657 0.005310 0.007869
0 0.659110 0.280205 0.005902 0.010855
0 0.717851 0.298715 0.004836 0.009397
0 0.713588 0.293525 0.006310 0.007321
0 0.636764 0.557193 0.005913 0.012507
0 0.342802 0.114178 0.004106 0.007741
0 0.773339 0.037747 0.007856 0.007116
0 0.720439 0.132823 0.007473 0.010676
0 0.292237 0.161508 0.004655 0.005954
0 0.343976 0.229086 0.004542 0.006806
0 0.197924 0.130930 0.003248 0.004426
0 0.214770 0.138655 0.004797 0.007690
0 0.194973 0.139669 0.004742 0.008286
0 0.767636 0.041817 0.006867 0.010599
0 0.644964 0.039675 0.006025 0.009532
0 0.616732 0.105106 0.005395 0.009064
0 0.550430 0.087467 0.004112 0.006433
0 0.608350 0.061974 0.004298 0.007113
0 0.311561 0.031420 0.004959 0.007738
0 0.220328 0.109437 0.004992 0.008823
0 0.651998 0.611062 0.005795 0.009609
0 0.642438 0.589993 0.004921 0.008765
0 0.303570 0.624660 0.007388 0.012763
0 0.651417 0.528947 0.005680 0.008341
0 0.568842 0.539724 0.006423 0.011261
0 0.683849 0.383050 0.004748 0.007240
0 0.690341 0.382440 0.005025 0.008425
0 0.705429 0.301711 0.005688 0.008275
0 0.723836 0.298392 0.005902 0.008019
0 0.710847 0.299382 0.005471 0.006637
0 0.635913 0.297778 0.005395 0.008955
0 0.646871 0.346800 0.005798 0.006853
0 0.666510 0.266444 0.004825 0.008341
0 0.527678 0.244567 0.002725 0.004821
0 0.564627 0.259066 0.004748 0.007723
0 0.521117 0.251997 0.005825 0.010764
0 0.479744 0.254613 0.005957 0.009327
0 0.887578 0.130110 0.005858 0.010395
0 0.819398 0.127595 0.007651 0.012683
0 0.838575 0.184920 0.006831 0.009883
0 0.707418 0.188052 0.004128 0.006345
0 0.750269 0.121985 0.005652 0.007208
0 0.579290 0.126011 0.005088 0.006495
0 0.548891 0.136530 0.005480 0.008622
0 0.553248 0.149825 0.005521 0.009320
0 0.488192 0.224909 0.005140 0.006382
0 0.497558 0.217268 0.006146 0.008768
0 0.492962 0.220188 0.004827 0.005705
0 0.360329 0.122513 0.004337 0.006955
0 0.361140 0.162968 0.004923 0.008494
0 0.395774 0.176787 0.003292 0.006689
0 0.326376 0.196254 0.003991 0.006148
0 0.677283 0.587516 0.005197 0.005442
