0 0.748469 0.438958 0.016079 0.007981
0 0.437638 0.263023 0.010848 0.009122
0 0.471267 0.097367 0.020077 0.007696
0 0.449303 0.300670 0.016746 0.009375
0 0.950138 0.279340 0.016685 0.006399
0 0.695870 0.436768 0.016630 0.009499
0 0.263568 0.336782 0.016476 0.007493
0 0.486773 0.101265 0.016024 0.007093
0 0.389499 0.343971 0.015969 0.010218
0 0.396649 0.347808 0.024025 0.011944
0 0.684196 0.420871 0.019714 0.010144
0 0.405259 0.313761 0.020870 0.011000
0 0.883260 0.293936 0.021035 0.009573
0 0.351534 0.317020 0.015182 0.007999
0 0.369540 0.316753 0.023034 0.008631
0 0.439956 0.307974 0.015540 0.011285
0 0.290867 0.371674 0.019939 0.004985
0 0.314047 0.381595 0.021586 0.008457
0 0.448486 0.264477 0.014482 0.007713
0 0.479752 0.092706 0.019879 0.009251
0 0.500760 0.093016 0.022247 0.008879
0 0.276536 0.345268 0.020055 0.010208
0 0.425322 0.318384 0.021338 0.010325
0 0.421203 0.309673 0.020061 0.008894
