0 0.820964 0.508160 0.012478 0.005605
0 0.523772 0.418149 0.015628 0.007760
0 0.302059 0.079139 0.018392 0.009276
1 0.245782 0.299391 0.017676 0.012909
0 0.470650 0.414587 0.015419 0.009581
0 0.285121 0.073187 0.023106 0.008100
0 0.461619 0.399500 0.017731 0.009368
0 0.664438 0.284430 0.020209 0.009846
0 0.070237 0.313058 0.019769 0.009896
0 0.165999 0.288204 0.022076 0.008363
0 0.200452 0.286473 0.016916 0.010714
0 0.218287 0.283274 0.019559 0.009196
0 0.240529 0.282560 0.020815 0.009673
0 0.239204 0.236559 0.010964 0.008509
0 0.295474 0.067571 0.021806 0.008569
0 0.221019 0.291688 0.022621 0.010067
0 0.150110 0.287795 0.012819 0.007738
0 0.081735 0.340219 0.019493 0.005414
0 0.898464 0.320312 0.016729 0.010317
0 0.887252 0.314819 0.019989 0.010243
0 0.089482 0.347289 0.012885 0.008249
0 0.106275 0.350477 0.022362 0.008599
0 0.185529 0.315913 0.019163 0.010020
0 0.058524 0.304195 0.019504 0.007964
0 0.724725 0.273041 0.015639 0.006498
0 0.872522 0.363678 0.013987 0.006969
0 0.314502 0.070734 0.022759 0.010179
