0 0.508860 0.305052 0.019031 0.011071
0 0.397004 0.370505 0.021013 0.011109
0 0.539915 0.329838 0.016889 0.008891
0 0.548442 0.230335 0.018304 0.008304
0 0.566448 0.232640 0.017709 0.010717
0 0.570374 0.308450 0.015066 0.006071
0 0.571795 0.316932 0.022137 0.012202
0 0.308634 0.312381 0.014482 0.006027
0 0.130402 0.119304 0.013700 0.008301
0 0.102084 0.117670 0.013475 0.006739
0 0.100837 0.149333 0.011399 0.005580
0 0.103874 0.154131 0.010721 0.006500
0 0.252288 0.187662 0.014113 0.008251
0 0.574056 0.284349 0.016558 0.012086
0 0.043970 0.152169 0.008205 0.004888
0 0.013995 0.111462 0.016195 0.007001
0 0.546916 0.308755 0.024119 0.011062
0 0.544438 0.300439 0.022687 0.011691
0 0.484369 0.305226 0.024003 0.009742
0 0.370096 0.328092 0.022594 0.011014
0 0.567850 0.297442 0.024025 0.011749
0 0.640776 0.031827 0.025749 0.012562
0 0.617313 0.032235 0.023590 0.013294
0 0.601010 0.035848 0.012439 0.009623
0 0.629152 0.041973 0.026167 0.008425
0 0.383458 0.336644 0.019659 0.011240
0 0.508769 0.339400 0.018398 0.011875
0 0.419851 0.373495 0.023403 0.011260
0 0.525275 0.303485 0.022357 0.012574
0 0.391096 0.362951 0.023789 0.010427
1 0.410319 0.299487 0.018722 0.008854
0 0.372302 0.151548 0.026410 0.010035
0 0.831644 0.438780 0.019664 0.007391
0 0.050171 0.484727 0.021520 0.008566
0 0.842483 0.455494 0.017786 0.010541
1 0.684557 0.415950 0.017318 0.012341
0 0.112327 0.143566 0.008904 0.003373
