0 0.577907 0.354340 0.021795 0.009147
0 0.865688 0.571761 0.019846 0.004831
0 0.517949 0.316040 0.020149 0.008291
1 0.580215 0.325392 0.019163 0.010967
0 0.561008 0.323636 0.023722 0.011463
0 0.196005 0.181988 0.017417 0.010007
0 0.629882 0.328008 0.014961 0.007406
0 0.615270 0.345759 0.025352 0.011885
0 0.540534 0.318800 0.026476 0.010813
0 0.819276 0.104725 0.014323 0.009782
0 0.530140 0.356112 0.025578 0.014606
0 0.803420 0.112153 0.020804 0.012103
0 0.804920 0.099799 0.018210 0.012545
1 0.411010 0.333803 0.011613 0.008847
0 0.478166 0.092784 0.016520 0.007215
0 0.024972 0.088470 0.013491 0.007148
0 0.381553 0.370500 0.025661 0.011381
0 0.548775 0.356677 0.017197 0.012887
0 0.225251 0.178284 0.015578 0.007093
0 0.376790 0.361737 0.023293 0.009983
0 0.565231 0.361486 0.026685 0.009950
