0 0.399866 0.621364 0.013710 0.019507
0 0.406314 0.609638 0.004266 0.011366
0 0.562455 0.652080 0.011314 0.015635
0 0.559485 0.784272 0.007999 0.011138
0 0.571155 0.790886 0.005856 0.009762
0 0.566391 0.835597 0.008437 0.011663
0 0.723080 0.911744 0.013115 0.017979
0 0.709788 0.933469 0.006525 0.006329
0 0.716564 0.915541 0.007190 0.007801
0 0.718671 0.993563 0.015198 0.012874
0 0.543604 0.920385 0.009931 0.011465
0 0.397728 0.871589 0.010372 0.016002
0 0.294557 0.991467 0.015042 0.017067
0 0.186396 0.482040 0.007847 0.011085
0 0.339726 0.739931 0.007309 0.007070
0 0.332605 0.735959 0.006223 0.009669
0 0.313356 0.694408 0.008070 0.013810
0 0.223734 0.675565 0.007289 0.010172
0 0.213321 0.691779 0.005184 0.009841
0 0.097385 0.588064 0.010548 0.013099
0 0.104559 0.593138 0.012450 0.015291
0 0.425329 0.417746 0.007780 0.012351
0 0.543642 0.270959 0.004616 0.005853
0 0.543828 0.265585 0.004492 0.005556
0 0.524072 0.270165 0.005506 0.006515
0 0.609322 0.287940 0.004814 0.006680
0 0.763094 0.218065 0.008827 0.011858
0 0.813295 0.205303 0.008524 0.012106
0 0.820392 0.196374 0.009633 0.011200
0 0.843454 0.284616 0.007463 0.009127
0 0.833666 0.364633 0.007411 0.011118
0 0.817362 0.392884 0.009983 0.010979
0 0.793765 0.372636 0.006533 0.008922
0 0.849485 0.347743 0.008232 0.010155
0 0.905255 0.675223 0.012227 0.015142
0 0.863389 0.656688 0.013336 0.021650
0 0.853605 0.686313 0.009467 0.012480
0 0.445499 0.422060 0.009797 0.013135
0 0.431498 0.844742 0.010218 0.016071
0 0.742056 0.735746 0.011855 0.017913
0 0.496742 0.659105 0.010469 0.015413
0 0.734819 0.276564 0.007386 0.009716
0 0.505278 0.659590 0.008185 0.011111
0 0.391208 0.830308 0.009846 0.014716
0 0.696860 0.357088 0.009598 0.012305
0 0.172359 0.572801 0.007912 0.012335
0 0.885826 0.612335 0.011731 0.017262
0 0.547877 0.545751 0.011334 0.017063
0 0.381901 0.835139 0.010107 0.016376
0 0.539869 0.945486 0.008606 0.015642
0 0.672328 0.378654 0.010528 0.013988
0 0.541071 0.826025 0.006746 0.013955
0 0.864831 0.524769 0.012698 0.016799
0 0.455131 0.255274 0.008482 0.011045
0 0.650063 0.911987 0.009249 0.022321
0 0.386193 0.492816 0.015933 0.023714
0 0.851190 0.671293 0.006572 0.007903
0 0.852133 0.677576 0.008011 0.008300
0 0.508383 0.897421 0.010020 0.016601
0 0.401029 0.376918 0.010342 0.016270
0 0.778439 0.559573 0.009804 0.014206
0 0.332242 0.118452 0.009325 0.015476
0 0.877981 0.225486 0.006994 0.010582
0 0.731355 0.215271 0.006823 0.011177
0 0.842361 0.635665 0.011756 0.016832
0 0.637785 0.030936 0.008606 0.013922
0 0.511047 0.400579 0.010392 0.015873
0 0.421586 0.520557 0.016634 0.025771
0 0.521079 0.399752 0.011310 0.015807
0 0.532726 0.612037 0.011186 0.017394
0 0.128446 0.712434 0.009670 0.015013
0 0.981597 0.748287 0.010813 0.013571
0 0.327733 0.132779 0.006324 0.010321
0 0.284927 0.886450 0.009730 0.014977
0 0.137116 0.714681 0.008487 0.011280
0 0.736962 0.717406 0.013249 0.018013
0 0.478671 0.531184 0.013194 0.019511
0 0.347977 0.479398 0.019492 0.028042
0 0.405568 0.198661 0.006176 0.011673
0 0.335888 0.334606 0.007490 0.011144
0 0.088848 0.610987 0.015146 0.020354
0 0.430489 0.503613 0.014449 0.022001
0 0.897526 0.617021 0.013375 0.018406
0 0.491468 0.748429 0.010417 0.017295
0 0.568353 0.066691 0.006349 0.009573
1 0.535169 0.592348 0.009851 0.015899
0 0.208941 0.944643 0.012723 0.019246
0 0.129167 0.545718 0.009474 0.011343
0 0.914989 0.038026 0.007195 0.008876
0 0.394459 0.226288 0.004435 0.005294
0 0.410789 0.292035 0.005893 0.009091
0 0.397755 0.368138 0.009449 0.012665
0 0.669494 0.881503 0.008363 0.011703
0 0.592398 0.771567 0.011161 0.014980
0 0.761184 0.674425 0.009283 0.011270
0 0.769071 0.675813 0.008098 0.012698
0 0.688467 0.748562 0.010813 0.015179
0 0.387576 0.388891 0.007939 0.009521
0 0.717365 0.424773 0.009849 0.014633
0 0.782857 0.480460 0.005630 0.006713
0 0.555590 0.659937 0.012475 0.015675
0 0.305351 0.806761 0.013762 0.015387
0 0.888569 0.213409 0.007793 0.009954
1 0.434327 0.528535 0.010131 0.024206
0 0.126962 0.505866 0.013338 0.018790
0 0.878961 0.507788 0.011657 0.015708
0 0.841405 0.611194 0.012721 0.017295
0 0.748220 0.716728 0.007046 0.012212
0 0.320129 0.096399 0.007351 0.012063
0 0.407863 0.188575 0.004963 0.010020
0 0.321207 0.139765 0.004263 0.008896
0 0.834747 0.597156 0.011855 0.012103
0 0.904203 0.495124 0.012860 0.017523
0 0.910000 0.501710 0.011786 0.017189
0 0.138535 0.851091 0.020375 0.027844
0 0.732738 0.562401 0.010665 0.015675
0 0.142821 0.930570 0.021104 0.027814
0 0.110861 0.783909 0.019320 0.025952
0 0.245300 0.488823 0.009945 0.012037
0 0.494909 0.543173 0.009005 0.013793
0 0.892418 0.497262 0.009940 0.012897
0 0.864365 0.576505 0.012351 0.011938
0 0.728353 0.658459 0.009137 0.013042
0 0.993348 0.418677 0.008790 0.010291
0 0.986854 0.401362 0.006858 0.010747
0 0.643610 0.342515 0.007458 0.011240
0 0.647778 0.352996 0.007664 0.013856
0 0.216845 0.676637 0.008542 0.011541
0 0.717783 0.929663 0.012500 0.022751
0 0.632480 0.987619 0.008859 0.013360
0 0.306045 0.986073 0.008336 0.012305
0 0.667432 0.866313 0.010131 0.020913
0 0.660521 0.908411 0.005704 0.012173
0 0.686210 0.515504 0.011319 0.015486
0 0.708155 0.487731 0.008571 0.011488
0 0.741726 0.424729 0.011250 0.012659
0 0.743705 0.416693 0.006935 0.007937
0 0.731308 0.417030 0.008991 0.011548
0 0.737083 0.421892 0.006548 0.008968
0 0.646793 0.447262 0.007252 0.014405
0 0.648361 0.429772 0.006171 0.012480
0 0.642653 0.408310 0.008227 0.011243
0 0.608998 0.394967 0.006607 0.012143
0 0.609877 0.304416 0.003896 0.007874
0 0.606443 0.304309 0.005456 0.006898
0 0.601558 0.301591 0.004787 0.005026
0 0.651328 0.251057 0.010588 0.017887
0 0.701837 0.269917 0.005434 0.010648
0 0.704240 0.272341 0.005960 0.009378
0 0.770424 0.099094 0.005704 0.008234
0 0.789973 0.044058 0.008358 0.010800
0 0.248549 0.628228 0.008185 0.008254
0 0.255543 0.620666 0.009792 0.009726
0 0.290020 0.818801 0.007718 0.021485
0 0.494598 0.823525 0.009043 0.012857
0 0.729416 0.596305 0.008485 0.015314
0 0.746205 0.533730 0.010754 0.011938
0 0.754410 0.532393 0.008646 0.009950
0 0.775885 0.455640 0.006215 0.008171
0 0.756150 0.473497 0.005657 0.006743
0 0.859623 0.446501 0.009226 0.010913
0 0.928821 0.462098 0.012240 0.015155
0 0.970091 0.516610 0.006734 0.010337
0 0.870021 0.609013 0.009129 0.008628
0 0.294065 0.682778 0.004673 0.006230
0 0.422207 0.820400 0.007530 0.010800
0 0.392665 0.755554 0.011749 0.015856
0 0.385131 0.759714 0.007143 0.010572
0 0.473478 0.012192 0.007711 0.011653
0 0.573656 0.054653 0.008333 0.015642
0 0.552087 0.048854 0.005553 0.010129
0 0.525117 0.091106 0.007530 0.019593
0 0.513578 0.071316 0.008886 0.012103
0 0.544064 0.100355 0.005925 0.011954
0 0.439788 0.162971 0.005657 0.012146
0 0.448119 0.159476 0.005657 0.014064
0 0.447707 0.184332 0.004938 0.012626
0 0.449177 0.183099 0.006434 0.013036
0 0.395687 0.187520 0.005193 0.007619
0 0.397101 0.153371 0.005451 0.006108
0 0.394376 0.168560 0.007716 0.009196
0 0.420528 0.186845 0.005714 0.009325
0 0.418832 0.187560 0.004583 0.009802
0 0.431732 0.178155 0.008485 0.014881
0 0.417918 0.177222 0.010340 0.011905
0 0.374399 0.225678 0.003772 0.006515
0 0.018705 0.605491 0.008690 0.009468
0 0.032488 0.607857 0.012599 0.015437
0 0.044034 0.598118 0.009154 0.011733
0 0.055348 0.595685 0.008847 0.014272
0 0.040048 0.604393 0.007765 0.010704
0 0.258193 0.539939 0.010682 0.015387
0 0.324949 0.597312 0.012899 0.019861
0 0.296028 0.705504 0.012498 0.018376
0 0.272886 0.693231 0.014144 0.023175
0 0.215210 0.745324 0.005920 0.006634
0 0.213796 0.733724 0.006689 0.007778
0 0.150210 0.790308 0.020538 0.025959
0 0.167094 0.789418 0.017517 0.026316
0 0.083202 0.991916 0.016885 0.016167
0 0.031171 0.888477 0.013695 0.016835
0 0.002634 0.846888 0.005268 0.014484
0 0.014374 0.817401 0.011957 0.012685
0 0.045510 0.714936 0.007344 0.012543
0 0.091128 0.690053 0.010228 0.011455
0 0.084076 0.696776 0.012527 0.014894
0 0.167227 0.680761 0.011329 0.011753
0 0.013263 0.685313 0.007205 0.012411
0 0.023550 0.674820 0.008743 0.009666
0 0.018998 0.682808 0.005193 0.007679
0 0.021331 0.497163 0.009338 0.013935
0 0.377661 0.273203 0.006558 0.008919
0 0.430182 0.377941 0.010861 0.015883
0 0.460567 0.418596 0.009625 0.012067
0 0.456276 0.417773 0.006481 0.015222
0 0.484095 0.420686 0.005923 0.009983
0 0.509717 0.418029 0.007887 0.015258
0 0.737752 0.447920 0.009115 0.014821
0 0.683230 0.583514 0.009487 0.014428
0 0.687638 0.607310 0.011337 0.015612
0 0.699998 0.662156 0.011419 0.015304
0 0.681483 0.654545 0.009687 0.011438
0 0.690649 0.649443 0.010122 0.009137
0 0.727367 0.642368 0.011481 0.014894
0 0.678686 0.700245 0.010908 0.010628
0 0.695785 0.708986 0.010548 0.012212
0 0.683983 0.707237 0.007515 0.014884
0 0.678956 0.752120 0.004266 0.011190
0 0.708100 0.788796 0.006518 0.006865
0 0.747135 0.791247 0.012138 0.018446
0 0.743150 0.749932 0.013011 0.017278
0 0.749294 0.684024 0.013083 0.018935
0 0.804660 0.664241 0.009777 0.009606
0 0.830471 0.604292 0.014405 0.011144
0 0.842087 0.530093 0.009715 0.012526
0 0.874913 0.542951 0.012346 0.015949
0 0.985593 0.435210 0.014191 0.015777
0 0.955955 0.385567 0.008358 0.007715
0 0.757507 0.060933 0.006176 0.011713
0 0.783585 0.063218 0.007334 0.016171
0 0.242837 0.432447 0.012034 0.015483
0 0.257374 0.438188 0.008963 0.013049
0 0.364407 0.558967 0.009320 0.010539
0 0.349252 0.555757 0.014571 0.017784
0 0.081218 0.505141 0.007535 0.006227
0 0.271073 0.535101 0.012061 0.008972
0 0.299125 0.547100 0.010660 0.010906
0 0.309711 0.524286 0.007795 0.010079
0 0.389456 0.452110 0.008247 0.007817
0 0.335563 0.408953 0.005332 0.012437
0 0.523519 0.385992 0.010506 0.015721
0 0.715004 0.412401 0.006386 0.012169
0 0.720895 0.405483 0.010456 0.013208
0 0.711498 0.363350 0.009301 0.015542
0 0.712917 0.284600 0.010040 0.014769
0 0.873880 0.372488 0.007894 0.008237
0 0.876755 0.383178 0.007929 0.012665
0 0.949513 0.484481 0.007116 0.005086
0 0.754291 0.280809 0.009821 0.008661
0 0.893645 0.362328 0.007319 0.011872
0 0.869923 0.418547 0.008869 0.011908
0 0.873390 0.421186 0.006756 0.011233
0 0.810068 0.468755 0.006575 0.011524
0 0.879413 0.671996 0.007289 0.012113
1 0.763628 0.553148 0.005476 0.015357
0 0.671321 0.444006 0.006004 0.008231
0 0.675765 0.444034 0.004417 0.007255
0 0.653090 0.410456 0.008447 0.011257
1 0.657547 0.424940 0.008790 0.010179
0 0.571962 0.441000 0.005268 0.006981
1 0.425072 0.282085 0.005184 0.006333
1 0.114086 0.738006 0.015945 0.028684
0 0.289839 0.765112 0.009504 0.015304
0 0.326184 0.772350 0.007165 0.012021
0 0.256595 0.929177 0.011230 0.008399
0 0.270394 0.927923 0.007629 0.006462
0 0.445629 0.995192 0.008743 0.008776
0 0.542319 0.333591 0.010144 0.014583
0 0.375737 0.093069 0.008596 0.015450
0 0.490314 0.910779 0.010538 0.019117
0 0.008693 0.828208 0.012376 0.016138
0 0.321344 0.669787 0.004861 0.007477
0 0.403894 0.342212 0.008780 0.014583
0 0.671453 0.392021 0.009053 0.014484
0 0.402729 0.187021 0.006600 0.009028
0 0.757431 0.207708 0.011186 0.013948
0 0.925014 0.095852 0.006178 0.008013
1 0.952715 0.044150 0.006381 0.008862
0 0.906626 0.161515 0.003445 0.004511
0 0.340030 0.225919 0.007346 0.010569
0 0.365089 0.230865 0.004603 0.006551
0 0.367941 0.237320 0.006736 0.010380
0 0.393614 0.290233 0.004162 0.006194
0 0.520521 0.318242 0.010397 0.008912
0 0.251590 0.477703 0.012684 0.010691
0 0.068256 0.495650 0.009757 0.006571
