0 0.437294 0.238639 0.004251 0.006617
0 0.457744 0.123771 0.004531 0.010704
0 0.479702 0.273323 0.005184 0.008267
0 0.495511 0.310718 0.005184 0.005754
0 0.437744 0.218252 0.005508 0.008700
0 0.444239 0.250909 0.004191 0.006944
0 0.172396 0.308264 0.005481 0.006779
0 0.154369 0.286687 0.005608 0.006713
0 0.092216 0.432690 0.006054 0.006088
0 0.090169 0.539021 0.005084 0.007176
0 0.085494 0.539352 0.004861 0.007440
0 0.146394 0.610886 0.004241 0.006581
0 0.148315 0.614739 0.004467 0.005159
0 0.168124 0.597841 0.004144 0.004960
0 0.172600 0.577140 0.004715 0.006746
0 0.168398 0.575536 0.005035 0.006845
0 0.207846 0.562550 0.002959 0.003505
0 0.269252 0.514534 0.003822 0.004233
0 0.319195 0.505524 0.005434 0.007245
0 0.465883 0.563922 0.008571 0.012143
0 0.474442 0.616204 0.006424 0.007804
0 0.382764 0.652646 0.007378 0.010516
0 0.369568 0.608831 0.006106 0.009904
0 0.342783 0.623330 0.007465 0.012526
0 0.350198 0.623892 0.008085 0.009689
0 0.329312 0.785483 0.008108 0.011429
0 0.321758 0.789410 0.008001 0.012523
0 0.317918 0.792768 0.006535 0.009808
0 0.304524 0.801252 0.006915 0.011610
0 0.262824 0.795810 0.006947 0.008631
0 0.271875 0.794444 0.005556 0.009193
0 0.280792 0.781954 0.006476 0.009226
0 0.330077 0.532450 0.005685 0.009808
0 0.318118 0.521925 0.004539 0.006614
0 0.213429 0.365155 0.004392 0.005126
0 0.208433 0.363403 0.004216 0.006052
0 0.236126 0.367505 0.006637 0.009216
0 0.230308 0.363955 0.005119 0.006944
0 0.239355 0.382824 0.005119 0.004127
0 0.215139 0.442652 0.005506 0.007242
0 0.295945 0.590612 0.007688 0.010813
0 0.293318 0.575351 0.008581 0.012765
0 0.278185 0.696328 0.008829 0.011875
0 0.264593 0.700708 0.006944 0.010384
0 0.279425 0.811349 0.007093 0.008499
0 0.345853 0.871369 0.007827 0.007288
0 0.480615 0.944934 0.009464 0.014630
0 0.491972 0.934421 0.008750 0.015357
0 0.698243 0.895073 0.017701 0.017434
0 0.766009 0.858724 0.017897 0.026329
0 0.880055 0.820445 0.010595 0.015162
0 0.776677 0.887540 0.006607 0.012573
0 0.831254 0.768370 0.017795 0.028115
0 0.798951 0.766195 0.019851 0.028046
0 0.727046 0.664233 0.006672 0.009226
0 0.677178 0.683826 0.008988 0.014325
0 0.614505 0.602526 0.009214 0.012956
0 0.649157 0.581283 0.008978 0.011376
0 0.632702 0.575236 0.010097 0.013165
0 0.635184 0.568095 0.009648 0.012831
0 0.623775 0.584623 0.008839 0.013214
0 0.485084 0.506720 0.004663 0.007143
0 0.472361 0.391369 0.007912 0.011475
0 0.465975 0.269491 0.005010 0.006349
0 0.462130 0.268069 0.004167 0.006151
0 0.480454 0.244304 0.004737 0.006022
0 0.474402 0.242803 0.004836 0.006968
0 0.411711 0.261435 0.005298 0.008532
0 0.388646 0.133472 0.005060 0.008201
0 0.691649 0.261766 0.004936 0.007341
0 0.695247 0.261931 0.003896 0.008995
0 0.698817 0.262659 0.006870 0.007937
0 0.709271 0.276811 0.006696 0.007212
0 0.704980 0.273191 0.006548 0.008168
0 0.701297 0.268479 0.005084 0.006812
0 0.738671 0.006772 0.007247 0.012857
0 0.633925 0.095322 0.005647 0.009051
0 0.597821 0.176528 0.005136 0.010317
0 0.619903 0.173016 0.006622 0.005159
0 0.583160 0.209191 0.005357 0.008337
1 0.587365 0.277404 0.004988 0.005291
0 0.398287 0.155215 0.005508 0.007837
0 0.385589 0.143079 0.004616 0.008036
0 0.377703 0.143355 0.005729 0.008006
0 0.383322 0.193446 0.003514 0.005476
0 0.405332 0.200749 0.005268 0.005876
0 0.278687 0.263609 0.005905 0.008370
0 0.231988 0.293877 0.005880 0.006683
0 0.227685 0.296293 0.005062 0.007606
0 0.329154 0.888621 0.007316 0.010450
0 0.343338 0.912226 0.006622 0.008333
0 0.345582 0.901896 0.005310 0.008290
0 0.371729 0.902335 0.008130 0.007440
0 0.586130 0.807953 0.011744 0.017659
0 0.845505 0.797636 0.009948 0.009325
0 0.944462 0.657821 0.008953 0.008399
0 0.972548 0.608497 0.012686 0.015771
0 0.964387 0.462679 0.008061 0.006316
0 0.913368 0.384787 0.006548 0.008171
0 0.821342 0.315518 0.008408 0.009362
0 0.827418 0.317204 0.006969 0.010288
0 0.855769 0.365418 0.007068 0.010222
0 0.867953 0.390599 0.007865 0.010185
0 0.719655 0.494974 0.008061 0.012500
0 0.729146 0.492765 0.009030 0.011574
0 0.608003 0.427125 0.007490 0.014653
0 0.580334 0.368203 0.004710 0.007345
0 0.639230 0.309970 0.006500 0.010847
0 0.549292 0.368170 0.005781 0.007675
0 0.407666 0.601847 0.007713 0.008700
0 0.405791 0.690989 0.008755 0.012335
0 0.862144 0.882227 0.012537 0.016663
0 0.762612 0.472404 0.011186 0.013922
0 0.696091 0.427579 0.005853 0.008135
0 0.702564 0.431729 0.009722 0.011872
0 0.684232 0.391448 0.008857 0.010813
0 0.568222 0.475959 0.006647 0.006647
0 0.557545 0.481364 0.005779 0.007609
0 0.412237 0.522059 0.005035 0.010916
0 0.556473 0.499401 0.004390 0.007077
0 0.559510 0.500030 0.005707 0.007606
0 0.528118 0.659135 0.008904 0.014349
0 0.534896 0.658118 0.004712 0.010681
0 0.710794 0.643522 0.006597 0.011607
0 0.715456 0.648978 0.004266 0.007507
0 0.640785 0.556286 0.008485 0.010642
0 0.522140 0.621262 0.007515 0.012728
0 0.526760 0.606422 0.007542 0.007110
0 0.289596 0.818737 0.006473 0.009491
0 0.086193 0.433459 0.006324 0.007335
0 0.419978 0.163674 0.004117 0.007176
0 0.513976 0.057821 0.002951 0.004530
0 0.490637 0.009524 0.003348 0.004431
0 0.403571 0.039537 0.003299 0.004729
0 0.419422 0.050270 0.002356 0.003476
0 0.450861 0.045842 0.003249 0.004401
0 0.453291 0.047249 0.002902 0.003836
0 0.433296 0.015448 0.003051 0.004401
0 0.550126 0.026164 0.003522 0.004663
0 0.770094 0.141235 0.006037 0.008998
0 0.764273 0.158069 0.008160 0.010251
0 0.830632 0.364130 0.008507 0.010847
0 0.904861 0.577877 0.006796 0.007937
0 0.746515 0.517907 0.006523 0.009557
0 0.616373 0.991091 0.008678 0.010761
0 0.581636 0.361591 0.006649 0.007507
0 0.569077 0.364127 0.004613 0.006911
0 0.709871 0.232059 0.003720 0.005585
0 0.274490 0.751460 0.004234 0.006485
0 0.272242 0.694243 0.008224 0.009861
0 0.455197 0.457761 0.006823 0.008393
0 0.567971 0.379282 0.005159 0.009425
0 0.572560 0.377397 0.005903 0.008962
0 0.588979 0.361229 0.006476 0.009163
0 0.690786 0.223960 0.005506 0.008396
0 0.645520 0.308953 0.006972 0.010122
0 0.646589 0.344473 0.005826 0.007477
0 0.604523 0.352832 0.005642 0.006716
0 0.593996 0.365322 0.006305 0.010400
0 0.593056 0.457611 0.003943 0.004309
0 0.081711 0.438363 0.008001 0.007050
0 0.620218 0.066693 0.006424 0.012599
0 0.857881 0.260840 0.005925 0.007738
0 0.402433 0.200999 0.005407 0.009127
0 0.739963 0.131584 0.008095 0.011746
0 0.352728 0.491169 0.005903 0.011081
0 0.110801 0.496991 0.006572 0.008466
0 0.107820 0.491531 0.004985 0.006878
0 0.403617 0.704800 0.009070 0.016987
0 0.756744 0.470771 0.007465 0.012467
0 0.266488 0.266141 0.005179 0.009286
0 0.309221 0.289974 0.006572 0.007804
0 0.332852 0.372070 0.005357 0.008095
0 0.346637 0.351139 0.005144 0.007477
0 0.334459 0.349760 0.003929 0.007001
0 0.344690 0.346450 0.005680 0.007047
0 0.406895 0.316240 0.006275 0.009491
0 0.576538 0.199114 0.005655 0.006713
0 0.711033 0.026002 0.005598 0.008353
0 0.709380 0.020258 0.005878 0.012434
0 0.763491 0.031278 0.005394 0.009335
0 0.759937 0.034396 0.005499 0.012999
0 0.996009 0.324120 0.003988 0.005198
0 0.946902 0.516951 0.005893 0.006429
1 0.974953 0.687864 0.020119 0.014563
0 0.668011 0.868677 0.017773 0.018763
0 0.615856 0.858161 0.008085 0.015225
0 0.569632 0.863752 0.010801 0.007331
0 0.572192 0.844132 0.010615 0.012179
0 0.523426 0.832735 0.010181 0.024603
0 0.731693 0.978915 0.007344 0.011931
0 0.692659 0.980438 0.009628 0.015142
0 0.683684 0.968547 0.014988 0.017034
0 0.838011 0.941858 0.008214 0.011118
0 0.858667 0.895314 0.010117 0.014742
0 0.852746 0.845149 0.012406 0.015397
1 0.801422 0.879444 0.004501 0.007857
1 0.684937 0.870863 0.005866 0.021210
0 0.924568 0.913156 0.009053 0.013376
0 0.986205 0.958705 0.005759 0.008436
0 0.846912 0.792725 0.010451 0.011753
0 0.808518 0.784684 0.017349 0.028806
1 0.827785 0.740875 0.019851 0.022014
0 0.964953 0.655966 0.006637 0.010040
0 0.969652 0.657354 0.006168 0.009167
0 0.835491 0.534418 0.008100 0.010456
0 0.864656 0.530761 0.007116 0.010688
0 0.876179 0.451863 0.006714 0.008145
0 0.855275 0.330847 0.007619 0.010079
0 0.853929 0.305463 0.006920 0.009358
0 0.844678 0.241438 0.005288 0.009563
0 0.878279 0.072093 0.007068 0.005556
0 0.957009 0.164140 0.005149 0.008810
0 0.810020 0.623571 0.006647 0.008333
0 0.824291 0.598776 0.006220 0.011349
0 0.804132 0.447677 0.008790 0.010856
0 0.764622 0.331359 0.007165 0.009557
0 0.769397 0.351682 0.006815 0.011353
1 0.766678 0.345056 0.004293 0.007381
1 0.771689 0.344881 0.005010 0.007606
0 0.700624 0.106696 0.004457 0.008896
0 0.710409 0.051819 0.007773 0.009259
0 0.708914 0.062381 0.006994 0.010913
0 0.607207 0.162106 0.006572 0.010119
0 0.465407 0.244709 0.005084 0.008135
0 0.562538 0.752520 0.006600 0.007831
0 0.526238 0.884144 0.010764 0.018948
0 0.532329 0.978636 0.012029 0.023125
0 0.528562 0.980899 0.010308 0.018598
0 0.528962 0.956090 0.013331 0.018515
0 0.544453 0.957900 0.012220 0.020985
0 0.452018 0.954378 0.006367 0.007817
0 0.349736 0.913090 0.007626 0.011028
0 0.395833 0.810030 0.007381 0.010635
1 0.389627 0.808938 0.007051 0.008373
0 0.363435 0.512196 0.005531 0.004663
0 0.189256 0.319087 0.004886 0.006448
0 0.225303 0.298724 0.004266 0.006151
0 0.282386 0.229322 0.004315 0.006481
0 0.355115 0.575873 0.006892 0.006951
0 0.423890 0.572978 0.006223 0.013919
0 0.427876 0.597662 0.005246 0.007612
0 0.434897 0.651247 0.009258 0.011429
0 0.460182 0.661248 0.007200 0.012808
0 0.304056 0.946182 0.006912 0.009957
0 0.305105 0.923224 0.003951 0.005185
0 0.792214 0.786391 0.012845 0.009216
0 0.556368 0.680238 0.008698 0.011931
0 0.547266 0.698717 0.007463 0.011177
0 0.466332 0.763978 0.007192 0.011607
1 0.423796 0.643914 0.005578 0.009454
0 0.395440 0.612566 0.007879 0.009656
0 0.383585 0.541152 0.007825 0.012100
0 0.454929 0.514964 0.005057 0.005549
0 0.482758 0.511534 0.004514 0.007507
0 0.513941 0.468176 0.004539 0.007510
0 0.519236 0.466574 0.004812 0.007341
0 0.534172 0.423568 0.006176 0.008710
0 0.551786 0.423485 0.005595 0.008929
0 0.542307 0.425885 0.006875 0.009686
0 0.626255 0.435217 0.004286 0.008429
0 0.654700 0.427684 0.005357 0.006220
0 0.623183 0.409931 0.006000 0.015522
0 0.630702 0.416238 0.004107 0.010718
0 0.858155 0.508095 0.009940 0.014722
0 0.821106 0.256617 0.009554 0.011389
0 0.411984 0.244097 0.003844 0.007374
0 0.267345 0.327498 0.006322 0.009382
0 0.523574 0.057431 0.004464 0.007209
0 0.516828 0.058059 0.003075 0.004101
0 0.518217 0.057662 0.002778 0.004960
0 0.519891 0.057662 0.002604 0.005159
0 0.572615 0.063444 0.002607 0.003409
0 0.559296 0.029514 0.004018 0.004960
0 0.548767 0.019659 0.002108 0.003307
0 0.801696 0.499931 0.008289 0.009286
0 0.730620 0.663454 0.006696 0.010552
0 0.735615 0.601910 0.006647 0.012860
1 0.740104 0.609153 0.006597 0.011607
0 0.678650 0.620508 0.004720 0.007523
0 0.683347 0.608834 0.004893 0.004428
0 0.673459 0.563973 0.005320 0.011478
0 0.617764 0.542298 0.011228 0.015198
0 0.613452 0.534039 0.011091 0.014686
0 0.539831 0.604590 0.007664 0.010661
0 0.504919 0.577793 0.008251 0.010903
0 0.422036 0.621559 0.006672 0.011194
0 0.428285 0.620152 0.006550 0.010119
0 0.498297 0.029481 0.002780 0.004332
0 0.477310 0.381147 0.006376 0.010251
0 0.480697 0.463287 0.008036 0.009478
0 0.478537 0.471263 0.006071 0.008571
0 0.508834 0.507657 0.002604 0.005162
0 0.504201 0.549112 0.007614 0.009315
0 0.519830 0.573953 0.004963 0.013237
0 0.540327 0.572801 0.007540 0.008036
0 0.564757 0.570813 0.004117 0.006515
0 0.284363 0.880638 0.007986 0.012963
0 0.304937 0.867156 0.008108 0.011296
0 0.721962 0.406878 0.009449 0.013029
0 0.712106 0.602455 0.010293 0.014911
0 0.517498 0.635251 0.008755 0.013492
0 0.428454 0.669595 0.009154 0.012794
0 0.250760 0.763505 0.007393 0.009907
0 0.091002 0.599828 0.006151 0.006779
0 0.096768 0.597513 0.006324 0.006713
0 0.100662 0.600274 0.005729 0.008267
0 0.167865 0.549812 0.003125 0.004405
0 0.454508 0.120299 0.005499 0.009904
0 0.436962 0.097698 0.004365 0.008565
0 0.432907 0.097153 0.005035 0.007672
0 0.567732 0.191425 0.006768 0.010847
0 0.575482 0.181918 0.006396 0.010813
0 0.581086 0.174163 0.007143 0.009788
0 0.582055 0.182827 0.006451 0.007804
0 0.569926 0.162872 0.006751 0.011048
0 0.567795 0.181151 0.006523 0.008466
0 0.523621 0.125357 0.005774 0.010159
0 0.838569 0.062958 0.008388 0.011452
0 0.807409 0.070666 0.007254 0.009712
0 0.983743 0.500003 0.011057 0.015139
0 0.825734 0.353180 0.008899 0.012550
0 0.844255 0.514780 0.010122 0.013753
0 0.332329 0.842741 0.005531 0.007705
0 0.417820 0.615675 0.009499 0.014616
0 0.384675 0.553621 0.008011 0.010351
0 0.372123 0.502298 0.009524 0.013657
0 0.343036 0.500721 0.005134 0.008499
0 0.247760 0.399499 0.005134 0.006875
0 0.251778 0.403517 0.006572 0.007312
0 0.225057 0.276554 0.005804 0.007507
0 0.283663 0.303879 0.005308 0.007275
0 0.089308 0.503662 0.006017 0.008151
0 0.285107 0.370642 0.004638 0.007440
0 0.288492 0.368469 0.004514 0.006978
0 0.708805 0.527017 0.008234 0.010317
0 0.531741 0.571255 0.008185 0.011875
0 0.402195 0.638781 0.009196 0.013019
0 0.440951 0.737217 0.006525 0.009329
0 0.856665 0.267983 0.006625 0.008267
0 0.393953 0.909494 0.010516 0.015642
0 0.402257 0.916481 0.009722 0.015608
0 0.144363 0.617920 0.004241 0.005562
0 0.139936 0.601202 0.004812 0.006716
0 0.135744 0.598277 0.004861 0.006812
0 0.392362 0.647366 0.009105 0.012212
0 0.578948 0.212708 0.005952 0.007804
0 0.524991 0.432054 0.006625 0.010549
0 0.694732 0.411106 0.008185 0.011472
0 0.433966 0.612409 0.009226 0.013535
0 0.555971 0.883442 0.009571 0.015430
0 0.644909 0.338495 0.006396 0.009048
0 0.277351 0.271276 0.005556 0.008168
0 0.871075 0.846799 0.009442 0.013571
0 0.301544 0.825339 0.004144 0.006809
1 0.302759 0.835797 0.007428 0.009821
1 0.288170 0.830387 0.004608 0.007573
0 0.433311 0.930428 0.011731 0.014375
0 0.404462 0.922229 0.010337 0.011733
0 0.953942 0.942814 0.004263 0.007989
0 0.950755 0.876010 0.007413 0.009884
0 0.282856 0.728590 0.005097 0.009606
0 0.279474 0.760195 0.005347 0.007070
0 0.284965 0.636949 0.006855 0.009144
0 0.340538 0.670440 0.006672 0.009471
0 0.357603 0.670150 0.006734 0.009554
0 0.351551 0.639279 0.006327 0.005212
0 0.344246 0.638216 0.007257 0.004732
0 0.328534 0.657923 0.008358 0.010245
1 0.302623 0.664289 0.004070 0.009206
0 0.600924 0.722331 0.007785 0.008492
0 0.476308 0.609606 0.006481 0.010952
0 0.461152 0.572983 0.006044 0.008856
0 0.457906 0.588418 0.007205 0.011095
0 0.452610 0.579851 0.007845 0.006515
0 0.202744 0.494691 0.006729 0.006286
0 0.332252 0.485031 0.004633 0.004739
0 0.336266 0.517798 0.003445 0.004458
0 0.648341 0.399863 0.007178 0.011333
0 0.572664 0.369740 0.006200 0.008138
0 0.426369 0.412275 0.007287 0.012288
0 0.429003 0.174206 0.004851 0.009087
1 0.445151 0.189395 0.003130 0.007659
1 0.453785 0.180784 0.005089 0.009643
1 0.303770 0.201644 0.006448 0.007440
0 0.494709 0.285243 0.005642 0.007490
1 0.503477 0.279668 0.004821 0.006809
0 0.817278 0.314484 0.006376 0.012619
0 0.863375 0.316194 0.007540 0.011343
0 0.605002 0.339302 0.004588 0.006978
0 0.607185 0.338343 0.005382 0.007176
