0 0.360090 0.522524 0.005038 0.006648
0 0.353322 0.539401 0.004890 0.010826
0 0.568540 0.482224 0.005622 0.011173
0 0.239593 0.598434 0.008013 0.009645
0 0.239258 0.586800 0.006911 0.004002
0 0.247329 0.597593 0.005924 0.007891
0 0.287505 0.667962 0.005214 0.006875
0 0.294563 0.695322 0.006615 0.008991
0 0.306898 0.678094 0.005721 0.009382
0 0.333579 0.589382 0.006121 0.009013
0 0.291610 0.671287 0.003956 0.006221
0 0.271221 0.686001 0.004493 0.008677
0 0.318695 0.613103 0.004594 0.006630
0 0.292385 0.688887 0.004326 0.008037
0 0.467940 0.665018 0.003627 0.008187
0 0.022630 0.805713 0.008067 0.010936
0 0.026172 0.814709 0.006505 0.008008
0 0.059367 0.794205 0.008893 0.012906
0 0.013502 0.784103 0.009422 0.012270
0 0.228348 0.812588 0.006938 0.010607
0 0.348139 0.877946 0.006080 0.007865
0 0.357135 0.869485 0.007149 0.008421
0 0.213602 0.945323 0.006436 0.010676
0 0.216391 0.932261 0.006576 0.010676
0 0.221235 0.755804 0.007388 0.012127
0 0.199298 0.444342 0.006672 0.013180
0 0.205414 0.446073 0.008772 0.013344
0 0.207515 0.439976 0.007042 0.008403
0 0.390994 0.546804 0.007311 0.010705
0 0.519974 0.306882 0.006549 0.009225
0 0.527759 0.298728 0.005809 0.006425
0 0.517503 0.302434 0.004819 0.008238
0 0.505334 0.300621 0.003953 0.008567
0 0.465673 0.321462 0.004696 0.008728
0 0.481302 0.250130 0.006053 0.008732
0 0.487541 0.258777 0.003953 0.005932
0 0.422140 0.247633 0.004427 0.010157
0 0.253588 0.245969 0.004112 0.005322
0 0.243191 0.254865 0.003575 0.005322
0 0.244622 0.246365 0.003098 0.005640
0 0.213224 0.445437 0.007379 0.009609
0 0.162897 0.465696 0.007001 0.008512
0 0.157595 0.466520 0.005458 0.008787
0 0.347985 0.765152 0.005784 0.011531
0 0.348392 0.743920 0.004970 0.008213
0 0.358946 0.732447 0.006993 0.011144
0 0.360777 0.769518 0.007124 0.010556
0 0.353399 0.732800 0.005044 0.011228
0 0.355803 0.790530 0.005872 0.008567
0 0.352083 0.809221 0.002412 0.011287
0 0.252976 0.853324 0.007311 0.012153
0 0.233453 0.849965 0.006417 0.010457
0 0.343732 0.891118 0.006269 0.009115
0 0.675961 0.872158 0.005918 0.008761
0 0.280307 0.041725 0.004720 0.007558
0 0.279235 0.053262 0.005027 0.007145
0 0.496475 0.303158 0.005329 0.009013
0 0.592780 0.301716 0.005762 0.008717
0 0.217843 0.452719 0.007495 0.010577
0 0.341054 0.373492 0.005200 0.008074
0 0.511435 0.421696 0.005902 0.008604
0 0.512163 0.415117 0.004079 0.005833
0 0.573492 0.414618 0.006897 0.011597
0 0.556172 0.355824 0.006549 0.009638
0 0.595795 0.460897 0.006782 0.009558
0 0.550602 0.358182 0.006790 0.009543
0 0.082924 0.528483 0.005869 0.007003
0 0.086118 0.531997 0.003202 0.008213
0 0.056194 0.533034 0.007168 0.008962
0 0.078399 0.530418 0.004435 0.006042
0 0.089252 0.532019 0.003065 0.006495
0 0.241279 0.491511 0.010567 0.011802
0 0.243760 0.500592 0.007514 0.008838
0 0.252020 0.496478 0.006853 0.009492
0 0.242781 0.491628 0.007601 0.011107
0 0.235748 0.498602 0.008459 0.009660
0 0.252055 0.469814 0.006741 0.003955
0 0.222741 0.543127 0.005828 0.007591
0 0.259178 0.472928 0.007177 0.010183
0 0.239511 0.507880 0.008232 0.010241
0 0.229012 0.540018 0.007119 0.009072
0 0.196528 0.536590 0.007305 0.008509
0 0.214796 0.512915 0.007492 0.009945
0 0.347681 0.528352 0.006393 0.010007
0 0.359800 0.502772 0.005663 0.008527
0 0.389568 0.530157 0.007475 0.007500
0 0.354045 0.503712 0.006225 0.009010
0 0.368755 0.517789 0.005959 0.010256
0 0.401391 0.511416 0.008084 0.011407
0 0.395888 0.516961 0.005598 0.009887
0 0.379171 0.522823 0.006390 0.010698
0 0.351090 0.886181 0.006812 0.010811
0 0.665277 0.876795 0.007001 0.011118
0 0.566269 0.972069 0.009490 0.014825
