0 0.928357 0.675274 0.004378 0.007551
0 0.682349 0.842337 0.011754 0.021422
0 0.496734 0.843213 0.010847 0.016696
0 0.914289 0.736859 0.004438 0.006773
0 0.913983 0.742864 0.004561 0.007284
0 0.909578 0.748043 0.005000 0.009090
0 0.905928 0.752876 0.005096 0.007507
0 0.188783 0.716698 0.014868 0.025362
0 0.186824 0.758231 0.013473 0.020563
0 0.828535 0.651389 0.014476 0.021411
0 0.815842 0.594468 0.014084 0.018556
0 0.501498 0.621743 0.014729 0.022376
0 0.512807 0.607372 0.017516 0.021564
0 0.208202 0.664053 0.016305 0.026988
0 0.687333 0.514585 0.013098 0.023096
0 0.119348 0.537421 0.014348 0.020355
0 0.761767 0.449466 0.009992 0.017010
0 0.736332 0.418776 0.012116 0.017602
0 0.578772 0.414291 0.011804 0.013443
0 0.161275 0.451182 0.016870 0.020844
0 0.710278 0.295300 0.014389 0.017442
0 0.452555 0.194011 0.007593 0.011721
0 0.446499 0.151787 0.006255 0.011257
0 0.442754 0.134602 0.007815 0.013297
0 0.225806 0.169651 0.012149 0.016868
0 0.228568 0.184898 0.012229 0.018363
0 0.240023 0.351062 0.014712 0.019521
0 0.616578 0.367060 0.012157 0.020501
0 0.086780 0.479578 0.015200 0.023220
0 0.361879 0.696959 0.013232 0.020453
0 0.688723 0.715464 0.012604 0.022135
0 0.759078 0.713766 0.014093 0.025333
0 0.782834 0.651237 0.012988 0.018505
0 0.836123 0.667251 0.016724 0.017792
0 0.850890 0.674724 0.017081 0.021349
0 0.830517 0.610197 0.011922 0.016133
0 0.745825 0.596144 0.012873 0.016747
0 0.735942 0.589211 0.012870 0.015789
0 0.720136 0.604313 0.014619 0.022376
0 0.735311 0.502924 0.010321 0.013757
0 0.758799 0.495927 0.013158 0.020164
0 0.842371 0.280353 0.010526 0.014433
0 0.875569 0.599306 0.006077 0.008107
0 0.929242 0.625005 0.005485 0.010874
0 0.983484 0.651330 0.006606 0.009722
0 0.995498 0.670148 0.005233 0.008695
0 0.991937 0.671351 0.004290 0.008812
0 0.989878 0.667460 0.004290 0.009496
0 0.996356 0.640075 0.006176 0.010435
0 0.991981 0.637328 0.004427 0.010709
0 0.995532 0.630327 0.004529 0.007964
0 0.908665 0.760048 0.005493 0.008692
0 0.912012 0.767714 0.004633 0.009382
0 0.923766 0.742374 0.004463 0.008352
0 0.928958 0.755013 0.004375 0.007321
0 0.910425 0.676303 0.004375 0.006407
0 0.913771 0.678134 0.003517 0.002518
0 0.916258 0.683854 0.004205 0.006407
0 0.921235 0.685457 0.004548 0.007091
0 0.915487 0.691349 0.003177 0.006981
0 0.919047 0.694094 0.003259 0.007895
0 0.696138 0.749978 0.014731 0.020212
0 0.789438 0.845199 0.012599 0.022774
0 0.829897 0.915373 0.012382 0.020782
0 0.718154 0.931424 0.010677 0.020164
0 0.701325 0.938935 0.008747 0.015026
0 0.638683 0.967995 0.011861 0.024909
0 0.628229 0.968392 0.007264 0.017792
0 0.698953 0.972445 0.010822 0.018385
0 0.705625 0.965426 0.010230 0.014631
0 0.672118 0.978871 0.004597 0.009094
0 0.685536 0.995267 0.008895 0.009466
0 0.607688 0.878814 0.008895 0.018286
0 0.630917 0.896526 0.008895 0.015486
0 0.446458 0.888004 0.015121 0.025278
0 0.352821 0.772723 0.010461 0.021352
0 0.145674 0.829077 0.018191 0.021181
0 0.033332 0.811382 0.017294 0.031031
0 0.069572 0.989406 0.016902 0.020362
0 0.045406 0.989209 0.013344 0.021151
0 0.124474 0.754907 0.012456 0.020874
0 0.145273 0.460066 0.017508 0.019072
0 0.025700 0.427094 0.010255 0.015651
0 0.030273 0.422317 0.010748 0.014993
0 0.090565 0.330364 0.016398 0.021181
0 0.216875 0.402955 0.014348 0.020157
0 0.187281 0.407566 0.010504 0.016396
0 0.233276 0.235649 0.008032 0.011700
0 0.198927 0.152454 0.010502 0.014660
0 0.217399 0.148913 0.012604 0.021414
0 0.209490 0.153443 0.009885 0.015651
0 0.184964 0.155830 0.011491 0.013838
0 0.161305 0.140510 0.010378 0.012518
0 0.168594 0.155007 0.010378 0.017792
0 0.446495 0.186773 0.007031 0.010329
0 0.451069 0.143405 0.008224 0.008001
0 0.435374 0.149987 0.009438 0.009726
0 0.501179 0.207010 0.010230 0.012061
0 0.591683 0.250998 0.007637 0.012471
0 0.509335 0.268898 0.007294 0.011626
0 0.566251 0.321891 0.006094 0.006751
