0 0.451729 0.497181 0.023469 0.006739
0 0.006680 0.426102 0.013359 0.007765
0 0.994405 0.374931 0.011189 0.014980
0 0.997010 0.362186 0.005980 0.011401
1 0.278709 0.377359 0.028298 0.009251
1 0.497877 0.642979 0.012472 0.007009
0 0.380741 0.437551 0.016217 0.013048
0 0.544983 0.150704 0.017709 0.006930
1 0.424444 0.031260 0.017764 0.010437
0 0.874436 0.391476 0.030204 0.014296
0 0.884493 0.404603 0.029890 0.015595
1 0.480608 0.590634 0.006624 0.005052
0 0.381773 0.453390 0.036454 0.017679
0 0.360809 0.168538 0.016244 0.010394
0 0.348563 0.168812 0.010892 0.007267
0 0.305589 0.210888 0.018888 0.010020
0 0.338219 0.424714 0.037109 0.017433
0 0.687789 0.445673 0.029356 0.014149
0 0.547310 0.205804 0.015479 0.008333
0 0.907563 0.307552 0.032087 0.015898
0 0.511068 0.373053 0.034581 0.013864
0 0.860083 0.404056 0.026322 0.015077
0 0.886154 0.415243 0.035017 0.013457
0 0.428252 0.362312 0.032825 0.015972
0 0.416842 0.499714 0.034113 0.008356
0 0.436534 0.490308 0.024422 0.007331
