0 0.231316 0.328354 0.023480 0.019701
0 0.290852 0.297540 0.023633 0.021949
0 0.174543 0.340351 0.018823 0.015515
0 0.539136 0.410199 0.014879 0.013380
0 0.664874 0.440158 0.007387 0.005348
0 0.656360 0.505044 0.017251 0.012500
0 0.800217 0.373348 0.011824 0.010069
0 0.313565 0.389790 0.011276 0.009789
0 0.353951 0.391711 0.013194 0.009841
0 0.414141 0.705395 0.020556 0.021349
0 0.134083 0.399465 0.020504 0.016859
0 0.420228 0.745079 0.019229 0.017105
0 0.791462 0.372097 0.009474 0.013136
0 0.839684 0.388697 0.012219 0.007700
0 0.817973 0.388993 0.012584 0.008056
0 0.440685 0.652891 0.009156 0.011138
0 0.429876 0.640643 0.014181 0.008819
0 0.368936 0.636240 0.016923 0.011055
0 0.668818 0.489997 0.013045 0.010515
0 0.927831 0.306523 0.012321 0.011752
0 0.935663 0.311356 0.013710 0.012322
0 0.401336 0.677170 0.013264 0.012887
0 0.756937 0.282562 0.015190 0.012876
0 0.929799 0.296787 0.013545 0.011393
0 0.837403 0.277425 0.019185 0.012618
0 0.799322 0.333420 0.018096 0.015968
0 0.639307 0.348958 0.008688 0.007467
0 0.625711 0.352807 0.009302 0.006020
0 0.542410 0.497397 0.008973 0.007766
0 0.536981 0.489671 0.011871 0.011853
0 0.553019 0.491547 0.016806 0.010940
0 0.534609 0.499079 0.008787 0.009331
0 0.582816 0.515199 0.008110 0.008133
0 0.952505 0.385295 0.010428 0.005354
0 0.933085 0.508362 0.012010 0.007958
0 0.842478 0.509408 0.011689 0.007083
0 0.855080 0.647566 0.018421 0.019457
0 0.809046 0.654796 0.006732 0.010211
0 0.808183 0.669004 0.013377 0.008243
0 0.645091 0.978676 0.010307 0.007944
0 0.695870 0.902430 0.014196 0.016675
0 0.677568 0.760662 0.026626 0.013100
0 0.569476 0.744592 0.014624 0.014402
0 0.594192 0.678698 0.016469 0.013843
0 0.495691 0.527740 0.008143 0.006527
0 0.504192 0.524268 0.009649 0.008070
0 0.568485 0.464851 0.013388 0.011998
0 0.670980 0.505241 0.013933 0.013185
0 0.689781 0.885591 0.018107 0.013144
0 0.956245 0.829975 0.015874 0.017429
0 0.635121 0.877307 0.011031 0.007157
0 0.470159 0.851398 0.018600 0.014693
0 0.453576 0.845088 0.015939 0.012999
0 0.347231 0.955418 0.017811 0.012996
0 0.208814 0.881868 0.027160 0.023380
0 0.347153 0.503400 0.010387 0.006253
0 0.275375 0.470130 0.016334 0.009816
0 0.339602 0.377669 0.011550 0.009328
0 0.948110 0.158941 0.012763 0.008150
0 0.835897 0.343084 0.012050 0.008207
0 0.866612 0.312711 0.018969 0.017544
0 0.760861 0.532216 0.016473 0.013939
0 0.613885 0.394413 0.013268 0.010663
0 0.269187 0.248771 0.024126 0.018632
0 0.318110 0.550973 0.010782 0.009896
0 0.838388 0.263801 0.013999 0.012695
0 0.831787 0.434720 0.012025 0.010060
0 0.827390 0.263475 0.016484 0.013517
0 0.838620 0.460577 0.012694 0.008117
0 0.906762 0.488887 0.008370 0.007133
0 0.841605 0.651553 0.022061 0.017086
0 0.681539 0.644729 0.016118 0.012993
0 0.522367 0.655144 0.015610 0.011691
0 0.317895 0.938814 0.018567 0.015869
0 0.339545 0.799782 0.014463 0.013879
0 0.206391 0.774489 0.016758 0.015973
0 0.509936 0.698041 0.014280 0.012410
0 0.479313 0.685824 0.019591 0.012892
0 0.376674 0.702267 0.018129 0.014309
0 0.335694 0.664919 0.017398 0.011702
0 0.281345 0.636508 0.009094 0.012911
0 0.228253 0.495692 0.008728 0.008194
0 0.270073 0.499852 0.011404 0.008553
0 0.287255 0.305851 0.023246 0.018671
0 0.252924 0.298403 0.017683 0.018095
0 0.232986 0.317941 0.022098 0.012549
0 0.201201 0.336116 0.020735 0.014808
0 0.187423 0.331171 0.019189 0.015559
0 0.068748 0.346809 0.022292 0.011118
0 0.151488 0.365181 0.008940 0.015362
0 0.854755 0.150959 0.013202 0.009709
0 0.910609 0.305610 0.017891 0.010803
0 0.707058 0.338783 0.011001 0.009019
0 0.707310 0.383374 0.010161 0.004194
0 0.989719 0.447582 0.009211 0.006277
0 0.898984 0.619690 0.014605 0.018092
0 0.861619 0.597414 0.017683 0.008840
0 0.910106 0.595378 0.022230 0.018947
0 0.822131 0.439060 0.012317 0.008920
0 0.782471 0.289781 0.013377 0.010395
0 0.739192 0.387802 0.015519 0.010334
0 0.591977 0.417497 0.013004 0.011250
0 0.601133 0.408598 0.013523 0.007974
0 0.607533 0.409971 0.010753 0.010392
0 0.314017 0.406414 0.018019 0.017105
0 0.424918 0.372115 0.017577 0.011593
0 0.408081 0.371960 0.017032 0.011239
0 0.360746 0.475535 0.013596 0.011815
0 0.420855 0.496582 0.008955 0.009293
0 0.441718 0.486305 0.014730 0.011787
0 0.528289 0.625444 0.012427 0.014331
0 0.532257 0.608728 0.017306 0.013169
0 0.599958 0.583118 0.010369 0.009120
0 0.597379 0.584382 0.012054 0.013775
0 0.765285 0.767319 0.022237 0.010757
0 0.747074 0.821434 0.026795 0.024715
0 0.667082 0.824405 0.026086 0.022122
0 0.578363 0.901634 0.021126 0.016711
0 0.471312 0.921154 0.007822 0.006086
0 0.719768 0.962719 0.019740 0.017023
0 0.699717 0.927130 0.021261 0.018361
0 0.561734 0.867179 0.027094 0.023257
0 0.516541 0.884279 0.017811 0.014556
0 0.401224 0.834594 0.013779 0.010362
0 0.410938 0.833111 0.010742 0.008936
0 0.305972 0.774105 0.020373 0.017393
0 0.341590 0.775064 0.017471 0.014811
0 0.354360 0.766597 0.024379 0.022075
0 0.368995 0.750592 0.020541 0.020406
0 0.503904 0.819474 0.021140 0.019342
0 0.240822 0.618492 0.007887 0.011382
0 0.276137 0.583917 0.013297 0.011595
0 0.385314 0.450293 0.014656 0.013076
0 0.399806 0.452911 0.013304 0.012226
0 0.393538 0.464753 0.016484 0.013651
0 0.305044 0.443531 0.012719 0.012966
0 0.642250 0.498309 0.017138 0.011650
0 0.648989 0.509057 0.013644 0.008750
0 0.382429 0.895698 0.013578 0.013599
0 0.423238 0.986789 0.016674 0.014268
0 0.402504 0.980404 0.017800 0.016165
0 0.381149 0.994169 0.017526 0.011661
0 0.403068 0.962765 0.018001 0.016911
0 0.403651 0.864012 0.012551 0.012536
0 0.459008 0.787485 0.018527 0.016620
0 0.709764 0.732282 0.015106 0.017673
0 0.646703 0.444953 0.006842 0.005762
0 0.666358 0.406913 0.017189 0.017736
0 0.721261 0.351827 0.009423 0.009751
0 0.738677 0.291846 0.015914 0.013451
0 0.694145 0.288232 0.011184 0.008498
0 0.688556 0.293448 0.009262 0.010329
0 0.671758 0.298235 0.011177 0.010691
0 0.655314 0.312593 0.008684 0.010033
0 0.586756 0.479553 0.008023 0.006678
0 0.593543 0.476641 0.012511 0.012223
0 0.677087 0.437781 0.006944 0.006116
0 0.642670 0.608485 0.015976 0.010518
0 0.567670 0.587208 0.018008 0.015688
0 0.580928 0.698403 0.007807 0.006823
0 0.238529 0.672427 0.013768 0.011796
0 0.233419 0.694737 0.019477 0.015800
0 0.317865 0.806395 0.021279 0.018893
1 0.939083 0.836871 0.019072 0.014361
0 0.915309 0.968823 0.016831 0.010030
0 0.854514 0.965023 0.008904 0.006384
0 0.673851 0.885774 0.014733 0.011543
0 0.685857 0.890522 0.014952 0.013835
0 0.565333 0.696014 0.008275 0.007105
0 0.419079 0.533406 0.009978 0.010990
0 0.464380 0.558443 0.014265 0.008723
0 0.498607 0.543492 0.009518 0.008717
0 0.586882 0.244221 0.010526 0.010027
0 0.613416 0.506298 0.014273 0.010847
0 0.587719 0.524704 0.013465 0.007763
0 0.612198 0.527031 0.015464 0.015757
0 0.401464 0.636900 0.011685 0.009386
0 0.466705 0.706780 0.019477 0.017223
0 0.203677 0.756088 0.012368 0.014172
0 0.233602 0.892266 0.026283 0.020326
0 0.285243 0.912340 0.016444 0.012278
0 0.371533 0.561961 0.012730 0.007695
0 0.071469 0.277305 0.015643 0.015280
0 0.797697 0.848350 0.022368 0.018739
0 0.590313 0.621656 0.010530 0.008224
0 0.691886 0.201946 0.013596 0.012171
0 0.813792 0.234027 0.019024 0.016595
0 0.162399 0.355181 0.022277 0.019134
0 0.913024 0.846872 0.021254 0.015302
0 0.428335 0.651246 0.019974 0.017464
0 0.378830 0.357495 0.014211 0.009572
0 0.407431 0.414963 0.015914 0.011658
0 0.644240 0.792673 0.026630 0.024709
0 0.642889 0.809842 0.022584 0.013819
0 0.616923 0.802123 0.023363 0.022229
0 0.577467 0.827486 0.026469 0.022012
0 0.548531 0.834267 0.024883 0.025343
0 0.669841 0.907109 0.013001 0.012530
0 0.403856 0.765282 0.011433 0.016963
0 0.439700 0.763721 0.014020 0.012788
0 0.277606 0.606155 0.008589 0.008007
0 0.984238 0.117877 0.007964 0.007486
0 0.960395 0.118776 0.018004 0.017146
0 0.969572 0.214098 0.015205 0.009183
0 0.964145 0.220074 0.014656 0.010115
0 0.955099 0.216413 0.010161 0.008829
0 0.839653 0.702286 0.017939 0.014885
0 0.935150 0.777292 0.019064 0.015729
0 0.505747 0.781287 0.019945 0.015206
0 0.183607 0.789845 0.017003 0.014422
0 0.279245 0.833823 0.027065 0.021834
0 0.266913 0.848376 0.026977 0.023846
0 0.212725 0.918447 0.027452 0.020491
0 0.707007 0.902755 0.019349 0.014912
0 0.711552 0.850943 0.021071 0.019370
0 0.314258 0.292293 0.023092 0.022579
0 0.276725 0.276554 0.026096 0.021453
0 0.943271 0.137902 0.015058 0.012278
0 0.941778 0.269180 0.024024 0.018991
0 0.795011 0.257571 0.016557 0.015439
0 0.742098 0.290784 0.017412 0.013586
0 0.808425 0.357222 0.018165 0.014438
0 0.746265 0.331721 0.014203 0.011140
0 0.766864 0.347107 0.016923 0.014285
0 0.639126 0.338363 0.014656 0.012856
0 0.982553 0.390245 0.011232 0.008490
0 0.985610 0.439889 0.012332 0.008544
0 0.893549 0.474341 0.011513 0.008550
0 0.946637 0.676974 0.017251 0.012664
0 0.591338 0.912157 0.020614 0.017462
0 0.544530 0.656254 0.021349 0.017245
0 0.550870 0.618991 0.017851 0.013882
0 0.225932 0.708525 0.023575 0.017928
0 0.240872 0.705418 0.021531 0.019005
0 0.430493 0.888938 0.015665 0.013512
0 0.412975 0.764063 0.016813 0.014309
0 0.330775 0.771694 0.022953 0.019923
0 0.387736 0.756501 0.021531 0.018868
0 0.251107 0.878890 0.021849 0.018975
0 0.430422 0.971558 0.018110 0.015052
0 0.368511 0.949005 0.019777 0.014841
0 0.409740 0.475060 0.014839 0.012840
0 0.193421 0.590954 0.014825 0.010263
0 0.171482 0.597633 0.012394 0.010008
0 0.243246 0.334822 0.021155 0.019698
