0 0.343795 0.010288 0.008869 0.011638
0 0.392457 0.020377 0.008645 0.011393
0 0.398027 0.057452 0.007683 0.011983
0 0.401763 0.025959 0.005930 0.011028
0 0.405616 0.026915 0.003552 0.009630
0 0.311288 0.229868 0.005024 0.006386
0 0.307569 0.225526 0.004874 0.006330
0 0.297958 0.196369 0.011887 0.014044
0 0.330379 0.223829 0.005202 0.007172
0 0.429552 0.217140 0.005064 0.006934
0 0.389658 0.191128 0.005700 0.008201
0 0.432948 0.221246 0.004421 0.006926
0 0.434952 0.210031 0.006305 0.007138
0 0.523214 0.195829 0.006205 0.011768
0 0.445750 0.187475 0.007021 0.012142
0 0.509787 0.208409 0.006586 0.010740
0 0.510593 0.198268 0.007188 0.009171
0 0.492704 0.171332 0.003619 0.005417
0 0.604298 0.221544 0.007737 0.012445
0 0.597984 0.214937 0.009149 0.009403
0 0.610949 0.226416 0.006173 0.012704
0 0.821650 0.222580 0.005314 0.007057
0 0.829981 0.218112 0.005375 0.009429
0 0.831176 0.218867 0.007317 0.009231
0 0.873689 0.147212 0.006144 0.009693
0 0.851396 0.156219 0.005521 0.007027
0 0.822938 0.230805 0.004130 0.004402
0 0.836142 0.203997 0.005282 0.005803
0 0.827799 0.206832 0.004845 0.006196
0 0.824048 0.205848 0.003715 0.005167
0 0.837370 0.211422 0.003839 0.006130
0 0.866700 0.130725 0.004817 0.006036
0 0.816236 0.215686 0.004152 0.005509
0 0.863578 0.136275 0.004883 0.006705
0 0.814180 0.197787 0.003557 0.004875
0 0.831839 0.219619 0.006099 0.007091
0 0.855484 0.150295 0.005640 0.006560
0 0.816195 0.222174 0.004746 0.006476
0 0.886335 0.134983 0.005365 0.008479
0 0.884452 0.147452 0.006001 0.008955
0 0.882367 0.131311 0.004466 0.007140
0 0.304661 0.253769 0.009391 0.011475
0 0.308008 0.285777 0.010205 0.016099
0 0.314465 0.251390 0.009197 0.012653
0 0.319113 0.279372 0.009937 0.014171
0 0.314890 0.317615 0.008747 0.014115
0 0.311685 0.243176 0.008654 0.009063
0 0.390852 0.285068 0.005069 0.005408
0 0.503451 0.323645 0.006955 0.011872
0 0.460106 0.331173 0.008904 0.012574
0 0.504318 0.255962 0.007182 0.010684
0 0.513234 0.248815 0.006663 0.011209
0 0.506643 0.264107 0.006228 0.009154
0 0.512449 0.266065 0.007061 0.012214
0 0.523604 0.267068 0.005423 0.010148
0 0.486588 0.276284 0.007922 0.013928
0 0.491077 0.284327 0.004677 0.008496
0 0.587741 0.247056 0.007756 0.011048
0 0.593298 0.239501 0.006275 0.010127
0 0.572938 0.238590 0.008552 0.009344
0 0.602119 0.236844 0.005079 0.005852
0 0.530217 0.347781 0.007630 0.006192
0 0.604470 0.242464 0.007880 0.006775
0 0.680270 0.245584 0.008552 0.014761
0 0.690341 0.254515 0.007695 0.012547
0 0.726338 0.336508 0.006624 0.011734
0 0.733309 0.328690 0.006567 0.009431
0 0.707255 0.293190 0.003344 0.004757
0 0.819051 0.341767 0.006665 0.010633
0 0.798282 0.237184 0.005407 0.006532
0 0.803157 0.309304 0.007625 0.010800
0 0.818978 0.235974 0.004215 0.004112
0 0.873711 0.268169 0.006818 0.007546
0 0.814878 0.241657 0.004715 0.006725
0 0.792192 0.301757 0.005437 0.008943
0 0.814161 0.321603 0.008641 0.009658
0 0.819060 0.239864 0.004765 0.005331
0 0.898639 0.260119 0.006676 0.008922
0 0.068052 0.421111 0.011722 0.012116
0 0.094001 0.367585 0.011563 0.014913
0 0.105269 0.368761 0.010868 0.013815
0 0.232851 0.357255 0.008956 0.012348
0 0.241652 0.356859 0.009289 0.011964
0 0.218353 0.405461 0.011638 0.015649
0 0.357906 0.461181 0.006200 0.010016
0 0.452066 0.361670 0.010898 0.016239
0 0.609917 0.365295 0.007030 0.010178
0 0.567283 0.358901 0.005096 0.007569
0 0.555336 0.408257 0.003749 0.005606
0 0.677507 0.385556 0.008394 0.008310
0 0.653499 0.444294 0.004824 0.006573
0 0.755098 0.357864 0.009293 0.013974
0 0.753000 0.412496 0.008301 0.010367
0 0.745301 0.422150 0.008715 0.012839
0 0.743508 0.394155 0.007632 0.008302
0 0.836389 0.451754 0.010685 0.013999
0 0.848386 0.448818 0.012163 0.014704
0 0.120171 0.525234 0.013107 0.016007
0 0.168400 0.478466 0.007745 0.010991
0 0.214080 0.569755 0.010518 0.012780
0 0.229097 0.559076 0.009705 0.014404
0 0.427018 0.519610 0.010822 0.011427
0 0.423442 0.556633 0.008770 0.013016
0 0.433800 0.548402 0.008148 0.011896
0 0.411218 0.565822 0.004533 0.007836
0 0.522093 0.513892 0.008446 0.011502
0 0.441517 0.543536 0.005841 0.010260
0 0.529986 0.524098 0.007314 0.016459
0 0.730787 0.518203 0.008165 0.013053
0 0.720826 0.525266 0.007300 0.010941
0 0.836558 0.547108 0.010603 0.017387
0 0.832116 0.534151 0.009467 0.011871
0 0.836478 0.567166 0.007811 0.009159
0 0.828448 0.566803 0.006102 0.009501
0 0.796179 0.504172 0.005001 0.007038
0 0.937932 0.499853 0.008594 0.012549
0 0.236506 0.645220 0.006665 0.007609
0 0.253935 0.626968 0.005900 0.006701
0 0.329079 0.642119 0.005978 0.008195
0 0.426924 0.698492 0.009225 0.006526
0 0.420552 0.695157 0.009967 0.012209
0 0.434887 0.696096 0.007420 0.011317
0 0.572761 0.614447 0.008102 0.010005
0 0.573271 0.594910 0.007739 0.010280
0 0.675542 0.696375 0.011289 0.010759
0 0.668379 0.657291 0.006627 0.014472
0 0.318196 0.703501 0.011366 0.003493
0 0.277269 0.738057 0.007745 0.012987
0 0.310301 0.710847 0.009140 0.015325
0 0.442007 0.705191 0.006745 0.006873
0 0.469465 0.790477 0.007741 0.009559
0 0.568594 0.709287 0.008551 0.012316
0 0.576888 0.707267 0.010008 0.011025
0 0.644164 0.742006 0.006727 0.013560
0 0.891808 0.732369 0.007449 0.010836
0 0.940612 0.812562 0.009710 0.011825
0 0.950916 0.813429 0.010545 0.009913
0 0.887234 0.718642 0.006499 0.010347
0 0.881868 0.747631 0.008226 0.010983
0 0.163312 0.840775 0.005318 0.007535
0 0.169588 0.842828 0.007041 0.008582
0 0.160913 0.848230 0.005853 0.007543
0 0.311114 0.830213 0.009164 0.014928
0 0.435427 0.894270 0.006338 0.009248
0 0.698355 0.836520 0.006798 0.011750
0 0.674552 0.842285 0.008560 0.014340
0 0.731498 0.870909 0.007982 0.013505
0 0.724292 0.862398 0.011002 0.014212
0 0.737005 0.863767 0.009624 0.011587
0 0.771625 0.833724 0.011125 0.013162
0 0.709305 0.842591 0.012804 0.018115
0 0.748530 0.840271 0.008282 0.012993
0 0.759048 0.849679 0.006522 0.009801
0 0.755916 0.846580 0.007473 0.014347
0 0.758029 0.847698 0.007924 0.013520
0 0.755854 0.844508 0.007168 0.010403
0 0.935304 0.915141 0.008882 0.011947
0 0.932826 0.926952 0.009365 0.011702
0 0.961010 0.891773 0.007435 0.010761
