0 0.181326 0.477070 0.005945 0.008201
0 0.188688 0.485249 0.004841 0.007349
0 0.167792 0.590170 0.006340 0.010049
0 0.188765 0.598058 0.005800 0.009140
0 0.763777 0.785671 0.007546 0.012753
0 0.768582 0.778036 0.006719 0.010594
0 0.787681 0.779574 0.003585 0.010234
0 0.786230 0.741955 0.005989 0.010049
0 0.779711 0.739837 0.007622 0.008707
0 0.814437 0.762618 0.008256 0.009290
0 0.812024 0.749894 0.007713 0.011082
0 0.820987 0.780584 0.007960 0.011493
0 0.822488 0.761251 0.008543 0.010721
0 0.824456 0.706421 0.009073 0.009333
0 0.820808 0.769570 0.006209 0.007507
0 0.819423 0.747307 0.008570 0.014250
0 0.813710 0.720195 0.009873 0.011716
0 0.825929 0.773099 0.007329 0.009765
0 0.815003 0.775760 0.006845 0.010211
0 0.824592 0.790622 0.006747 0.011015
0 0.824452 0.742002 0.005681 0.010537
0 0.834632 0.868184 0.007694 0.011617
0 0.843549 0.866087 0.008859 0.010027
0 0.867677 0.856469 0.005500 0.011245
0 0.875705 0.892532 0.002977 0.012794
0 0.858767 0.867175 0.007983 0.009948
0 0.905398 0.898439 0.009252 0.015013
0 0.894551 0.837318 0.006960 0.009931
0 0.889021 0.841780 0.008191 0.012989
