0 0.427396 0.327748 0.005867 0.007558
0 0.421390 0.336521 0.005226 0.006479
0 0.443671 0.311705 0.006787 0.006098
0 0.394141 0.394291 0.005845 0.009095
0 0.389028 0.392297 0.005037 0.006742
0 0.384813 0.380733 0.004924 0.006626
0 0.364507 0.438214 0.006164 0.009167
0 0.421961 0.359450 0.007502 0.008165
0 0.428743 0.377360 0.006065 0.007985
0 0.356930 0.437981 0.005616 0.006813
0 0.556845 0.440696 0.010154 0.010457
0 0.577487 0.357671 0.006340 0.008523
0 0.589777 0.374005 0.005690 0.007300
0 0.406006 0.471727 0.006467 0.007383
0 0.402105 0.488228 0.006226 0.007618
0 0.408002 0.551710 0.007841 0.010344
0 0.399000 0.545600 0.006816 0.008904
0 0.414622 0.474889 0.006597 0.009574
0 0.377616 0.503697 0.006290 0.007085
0 0.357018 0.524977 0.005908 0.010061
0 0.406806 0.485908 0.005267 0.006202
0 0.374121 0.486747 0.005889 0.008125
0 0.465977 0.613832 0.007394 0.011591
