0 0.280308 0.041726 0.004721 0.007557
0 0.279235 0.053263 0.005029 0.007144
0 0.496476 0.303158 0.005329 0.009011
0 0.592779 0.301716 0.005762 0.008719
0 0.217843 0.452719 0.007493 0.010575
0 0.341054 0.373492 0.005199 0.008073
0 0.511435 0.421695 0.005904 0.008602
0 0.512162 0.415116 0.004079 0.005833
0 0.573492 0.414618 0.006899 0.011597
0 0.556171 0.355824 0.006549 0.009638
0 0.595796 0.460897 0.006782 0.009555
0 0.550601 0.358182 0.006790 0.009543
0 0.082924 0.528483 0.005868 0.007005
0 0.086119 0.531997 0.003201 0.008214
0 0.056194 0.533033 0.007167 0.008960
0 0.078399 0.530418 0.004434 0.006040
0 0.089251 0.532019 0.003064 0.006492
0 0.241278 0.491511 0.010568 0.011804
0 0.243760 0.500592 0.007515 0.008840
0 0.252021 0.496477 0.006853 0.009492
0 0.242782 0.491628 0.007602 0.011106
0 0.235748 0.498602 0.008460 0.009661
0 0.252055 0.469813 0.006739 0.003954
0 0.222742 0.543127 0.005828 0.007594
0 0.259177 0.472927 0.007178 0.010181
0 0.239511 0.507880 0.008232 0.010241
0 0.229012 0.540019 0.007119 0.009071
0 0.196528 0.536590 0.007304 0.008507
0 0.214795 0.512914 0.007491 0.009946
0 0.347681 0.528351 0.006393 0.010006
0 0.359800 0.502772 0.005663 0.008526
0 0.389569 0.530156 0.007476 0.007501
0 0.354045 0.503713 0.006227 0.009010
0 0.368755 0.517789 0.005959 0.010256
0 0.401391 0.511415 0.008084 0.011407
0 0.395888 0.516961 0.005598 0.009886
0 0.360090 0.522524 0.005038 0.006649
0 0.379171 0.522823 0.006390 0.010697
0 0.353322 0.539401 0.004889 0.010827
0 0.568540 0.482223 0.005624 0.011173
0 0.239593 0.598435 0.008015 0.009645
0 0.239259 0.586801 0.006911 0.004002
0 0.247328 0.597593 0.005924 0.007893
0 0.287506 0.667961 0.005213 0.006875
0 0.294562 0.695321 0.006614 0.008989
0 0.306898 0.678094 0.005719 0.009385
0 0.333579 0.589382 0.006123 0.009011
0 0.291611 0.671286 0.003956 0.006223
0 0.271220 0.686003 0.004493 0.008677
0 0.318695 0.613103 0.004596 0.006629
0 0.292384 0.688886 0.004325 0.008038
0 0.467939 0.665018 0.003626 0.008189
0 0.022631 0.805713 0.008068 0.010934
0 0.026172 0.814709 0.006503 0.008009
0 0.059366 0.794205 0.008893 0.012906
0 0.013502 0.784103 0.009424 0.012271
0 0.228348 0.812588 0.006939 0.010606
0 0.347985 0.765153 0.005784 0.011532
0 0.348393 0.743919 0.004969 0.008211
0 0.358946 0.732447 0.006992 0.011143
0 0.360778 0.769517 0.007125 0.010554
0 0.353399 0.732799 0.005043 0.011226
0 0.355802 0.790530 0.005872 0.008568
0 0.352083 0.809222 0.002411 0.011289
0 0.252976 0.853324 0.007309 0.012153
0 0.233453 0.849965 0.006419 0.010456
0 0.349277 0.885259 0.003187 0.012651
0 0.343733 0.891118 0.006270 0.009113
0 0.675962 0.872158 0.005918 0.008759
0 0.718100 0.859638 0.009141 0.012609
