0 0.344867 0.384841 0.006159 0.009353
0 0.343335 0.376494 0.006258 0.009528
0 0.366844 0.559908 0.007539 0.013523
0 0.275800 0.633156 0.009027 0.012439
0 0.281937 0.640691 0.007897 0.013628
0 0.372103 0.619910 0.008884 0.013671
0 0.473690 0.776218 0.010302 0.020729
0 0.385782 0.900174 0.010529 0.021720
0 0.400243 0.858576 0.013586 0.016412
0 0.367513 0.920180 0.010716 0.016500
0 0.386341 0.856891 0.011233 0.015463
0 0.355509 0.902975 0.009264 0.017744
0 0.368931 0.899386 0.010504 0.017178
0 0.392577 0.874212 0.010925 0.019448
0 0.379814 0.834320 0.015454 0.017324
0 0.396191 0.900850 0.011776 0.015231
0 0.372666 0.910416 0.009644 0.012317
0 0.394388 0.901017 0.008168 0.014889
0 0.407876 0.854749 0.007633 0.015344
0 0.373065 0.880052 0.006647 0.017845
0 0.399682 0.914623 0.006782 0.009382
0 0.449117 0.868283 0.009529 0.018365
