0 0.348567 0.295222 0.004620 0.012301
0 0.326933 0.241928 0.006650 0.008744
0 0.333372 0.240737 0.005721 0.007206
0 0.358837 0.297579 0.007136 0.010208
0 0.353117 0.295945 0.004479 0.011950
0 0.520958 0.293975 0.006396 0.010440
0 0.542248 0.307355 0.006513 0.008601
0 0.807628 0.341457 0.007381 0.011633
0 0.008840 0.372067 0.008557 0.012118
0 0.007822 0.362954 0.005904 0.007414
0 0.172107 0.433571 0.006655 0.010407
0 0.179848 0.438077 0.006183 0.007819
0 0.196765 0.442730 0.008143 0.011965
0 0.190453 0.445747 0.007216 0.007572
0 0.295369 0.431759 0.007974 0.012201
0 0.294513 0.416594 0.007212 0.010832
0 0.288415 0.405864 0.008183 0.012239
0 0.291927 0.424248 0.007147 0.009387
0 0.284831 0.390391 0.004436 0.004916
0 0.311027 0.482038 0.007747 0.011987
0 0.435745 0.480031 0.005703 0.011646
0 0.409857 0.537766 0.006871 0.015695
0 0.409688 0.535609 0.006532 0.010930
0 0.410387 0.541060 0.006698 0.009459
0 0.421212 0.470121 0.006098 0.004458
0 0.504735 0.488931 0.006590 0.010924
0 0.586239 0.553226 0.006588 0.012061
0 0.581450 0.554962 0.004860 0.009465
0 0.619799 0.483008 0.005947 0.008178
0 0.623975 0.488494 0.005770 0.007891
0 0.038858 0.677171 0.008609 0.011742
0 0.113967 0.638511 0.007006 0.007878
0 0.186430 0.694519 0.006637 0.007395
0 0.434154 0.811819 0.006803 0.010914
0 0.425189 0.787288 0.005550 0.011459
0 0.377582 0.767118 0.005845 0.010234
0 0.431348 0.733101 0.004315 0.007376
0 0.436588 0.786841 0.003946 0.007435
0 0.420982 0.788418 0.003483 0.006757
0 0.436851 0.780089 0.003491 0.008249
0 0.358577 0.783370 0.006758 0.009030
0 0.464679 0.808755 0.006137 0.008530
0 0.441276 0.799830 0.005242 0.007738
0 0.466565 0.788070 0.005031 0.007970
0 0.469816 0.808335 0.005414 0.008775
0 0.462978 0.792224 0.004098 0.006342
0 0.618203 0.747803 0.005195 0.006600
0 0.621004 0.741899 0.003610 0.004807
0 0.120469 0.901542 0.006643 0.007305
