0 0.160675 0.344465 0.007834 0.011413
0 0.123194 0.333598 0.007527 0.010332
0 0.150317 0.348372 0.009439 0.005011
0 0.111989 0.346737 0.008212 0.007805
0 0.243120 0.272183 0.008931 0.009711
0 0.197777 0.316442 0.007451 0.016637
0 0.255975 0.240088 0.004717 0.007357
0 0.251618 0.322231 0.007611 0.011448
0 0.321455 0.314612 0.007678 0.009151
0 0.309698 0.342961 0.007665 0.011604
0 0.307347 0.305605 0.006939 0.011560
0 0.316531 0.333159 0.007140 0.009471
0 0.324902 0.323391 0.005471 0.007336
0 0.332906 0.327151 0.006034 0.009379
0 0.348793 0.340713 0.004168 0.010107
0 0.271625 0.342339 0.004321 0.006285
0 0.352068 0.340898 0.002382 0.009939
0 0.530727 0.329466 0.006709 0.009455
0 0.961295 0.309408 0.007234 0.009186
0 0.948783 0.306034 0.006350 0.007902
0 0.950435 0.296815 0.006862 0.008540
0 0.920648 0.280280 0.007287 0.010129
0 0.946258 0.287628 0.005380 0.008019
0 0.077801 0.390713 0.007679 0.010185
0 0.103309 0.455469 0.008899 0.013278
0 0.111694 0.459829 0.008930 0.012044
0 0.110258 0.430697 0.009930 0.011661
0 0.114954 0.447996 0.010513 0.014716
0 0.100696 0.424368 0.009411 0.012680
0 0.151464 0.354113 0.008860 0.006312
0 0.150953 0.367792 0.010761 0.012319
0 0.154654 0.390015 0.008890 0.013716
0 0.116434 0.358514 0.008319 0.013101
0 0.168329 0.385647 0.007476 0.009073
0 0.244470 0.385973 0.006868 0.008814
0 0.261038 0.411290 0.004239 0.010204
0 0.290502 0.445802 0.007207 0.010434
0 0.297366 0.406195 0.006026 0.010270
0 0.294325 0.439565 0.008150 0.009518
0 0.291535 0.405832 0.006392 0.010023
0 0.337906 0.446103 0.006694 0.011603
0 0.328013 0.434544 0.005353 0.005460
0 0.331438 0.444756 0.006621 0.010356
0 0.318477 0.434124 0.006338 0.006463
0 0.282440 0.429025 0.005958 0.008027
0 0.318000 0.366259 0.006561 0.010356
0 0.327612 0.371962 0.006359 0.008953
0 0.339848 0.372208 0.005415 0.008440
0 0.348135 0.427892 0.005470 0.010275
0 0.303043 0.457610 0.006599 0.009656
0 0.295609 0.451445 0.005697 0.007778
0 0.390134 0.432115 0.006329 0.009843
0 0.388228 0.442070 0.005348 0.008036
0 0.395423 0.436049 0.006194 0.009608
0 0.400579 0.357978 0.006844 0.009738
0 0.394730 0.429175 0.004717 0.007049
0 0.394101 0.420693 0.005361 0.008601
0 0.396863 0.352652 0.006303 0.003460
0 0.368157 0.408047 0.005095 0.008132
0 0.404514 0.445498 0.005347 0.009217
0 0.486381 0.402014 0.005790 0.008831
0 0.480442 0.399767 0.006034 0.009045
0 0.535468 0.427670 0.007198 0.011652
0 0.563458 0.424432 0.006594 0.008362
0 0.541896 0.445840 0.006358 0.010248
0 0.724522 0.381735 0.007619 0.011104
0 0.734687 0.383593 0.005437 0.007157
0 0.758502 0.452179 0.006521 0.010818
0 0.904091 0.384262 0.007698 0.011433
0 0.898937 0.379555 0.007172 0.009371
0 0.886167 0.410699 0.007864 0.011451
0 0.248226 0.495957 0.004478 0.010218
0 0.260127 0.490844 0.006062 0.009376
0 0.234444 0.501831 0.005040 0.006823
0 0.325302 0.553445 0.007731 0.008322
0 0.299444 0.535648 0.007136 0.011727
0 0.292105 0.534560 0.007867 0.010382
0 0.313884 0.553303 0.005823 0.012605
0 0.297357 0.549793 0.007804 0.012615
0 0.336934 0.557888 0.005925 0.009495
0 0.320200 0.496700 0.006639 0.009112
0 0.318402 0.543944 0.008571 0.009344
0 0.296069 0.527358 0.006863 0.008775
0 0.309191 0.525848 0.005365 0.010041
0 0.333354 0.481819 0.006580 0.012901
0 0.320448 0.486174 0.006775 0.013176
0 0.337419 0.546300 0.005553 0.008370
0 0.303852 0.555774 0.006619 0.012345
0 0.305871 0.535929 0.006545 0.009276
0 0.338784 0.479416 0.006853 0.009758
0 0.318545 0.553992 0.006515 0.011138
0 0.331603 0.502484 0.007276 0.010167
0 0.266995 0.569849 0.007291 0.010473
0 0.273881 0.473723 0.006275 0.009204
0 0.329531 0.472632 0.007114 0.009591
0 0.367113 0.494827 0.005403 0.006432
0 0.521865 0.509304 0.005096 0.008828
0 0.490299 0.541644 0.006373 0.011419
0 0.478527 0.550544 0.005219 0.008369
0 0.580109 0.485286 0.006854 0.011611
0 0.615235 0.572900 0.002400 0.006637
0 0.618140 0.541086 0.006091 0.009376
0 0.761990 0.494482 0.005485 0.008743
0 0.763224 0.485536 0.005054 0.007783
0 0.134902 0.692062 0.009524 0.013682
0 0.165639 0.599030 0.006533 0.007322
0 0.223242 0.611981 0.008380 0.012522
0 0.227634 0.658352 0.005154 0.009160
0 0.176934 0.671538 0.002991 0.007488
0 0.214916 0.664946 0.005303 0.007747
0 0.186149 0.655844 0.005542 0.008955
0 0.219719 0.658179 0.006447 0.008652
0 0.243249 0.622530 0.007095 0.012998
0 0.224524 0.650522 0.006322 0.008749
0 0.198578 0.619122 0.006126 0.009119
0 0.599582 0.665016 0.005185 0.007613
0 0.594569 0.676374 0.005798 0.006879
0 0.611530 0.621401 0.005001 0.008937
0 0.629811 0.590557 0.005688 0.009529
0 0.650297 0.660108 0.004648 0.007948
0 0.786076 0.598153 0.006795 0.011335
0 0.715263 0.598940 0.005896 0.011413
0 0.170100 0.718011 0.008260 0.013020
0 0.146574 0.763218 0.008246 0.011907
0 0.139483 0.705306 0.008691 0.007102
0 0.168299 0.707959 0.006613 0.010244
0 0.173080 0.704823 0.004718 0.006137
0 0.134333 0.767912 0.006878 0.013033
0 0.132417 0.738123 0.006851 0.012892
0 0.103877 0.708301 0.012755 0.012831
0 0.197037 0.788811 0.006191 0.008687
0 0.194480 0.769245 0.007036 0.010055
0 0.179725 0.717905 0.008373 0.010902
0 0.196378 0.710682 0.007981 0.012615
0 0.201326 0.781543 0.007173 0.008011
0 0.340615 0.783933 0.005243 0.008288
0 0.430215 0.798149 0.006397 0.012935
0 0.427501 0.789729 0.004858 0.007427
0 0.528633 0.769020 0.004349 0.005129
0 0.654550 0.706438 0.004892 0.008765
0 0.655450 0.728426 0.005101 0.009157
0 0.657893 0.770108 0.005677 0.009055
0 0.717560 0.716751 0.006770 0.009867
0 0.045043 0.918309 0.010852 0.017264
0 0.319951 0.925794 0.007833 0.008317
0 0.298001 0.892933 0.009598 0.012532
0 0.306524 0.930531 0.009925 0.010165
0 0.354482 0.908106 0.007196 0.013949
0 0.492402 0.928451 0.006547 0.011841
0 0.500887 0.928609 0.006788 0.011728
0 0.485777 0.914495 0.008389 0.013240
0 0.527768 0.833362 0.002904 0.010866
0 0.647169 0.892452 0.008775 0.013143
0 0.690414 0.861036 0.008830 0.014844
0 0.722823 0.918125 0.004740 0.008434
0 0.833313 0.850986 0.005229 0.009071
