0 0.436525 0.355421 0.011415 0.009087
0 0.427121 0.360280 0.009288 0.009070
0 0.580347 0.421344 0.008897 0.011869
0 0.673707 0.380663 0.010407 0.009382
0 0.427771 0.487088 0.010540 0.008500
0 0.515414 0.447038 0.012488 0.011112
0 0.490197 0.464323 0.009205 0.007120
0 0.537510 0.445048 0.012719 0.011398
0 0.491899 0.471891 0.009019 0.007301
0 0.484780 0.476126 0.010397 0.008733
0 0.520901 0.593760 0.013424 0.011063
0 0.512190 0.598265 0.011390 0.011348
0 0.483897 0.530759 0.011007 0.008887
0 0.839717 0.561203 0.009855 0.008026
0 0.721762 0.643346 0.009185 0.007048
