0 0.485531 0.282724 0.022274 0.012076
0 0.295341 0.776977 0.039163 0.010689
0 0.541914 0.008818 0.025655 0.011515
0 0.476335 0.312850 0.025710 0.009018
0 0.246393 0.295909 0.018557 0.006798
0 0.361294 0.358764 0.021322 0.012845
0 0.333139 0.347796 0.023062 0.010573
0 0.337464 0.355496 0.018122 0.009459
0 0.985542 0.245408 0.019664 0.011272
0 0.003951 0.130730 0.007902 0.005955
0 0.046278 0.125381 0.009361 0.003638
0 0.450471 0.322607 0.019554 0.011434
0 0.063301 0.100104 0.011404 0.007530
0 0.776784 0.422504 0.019604 0.007855
0 0.788618 0.439745 0.017654 0.010342
0 0.309559 0.311525 0.022841 0.011047
0 0.509328 0.279640 0.023744 0.011964
0 0.033882 0.098251 0.012808 0.006771
0 0.321916 0.320610 0.021256 0.011508
0 0.448337 0.288028 0.017698 0.009777
0 0.577690 0.005353 0.025204 0.010707
0 0.466520 0.285888 0.022357 0.013046
0 0.034124 0.131465 0.011850 0.005379
0 0.552891 0.003881 0.024394 0.007763
0 0.424978 0.287687 0.023888 0.010285
0 0.558907 0.015574 0.013838 0.010072
0 0.037062 0.136156 0.009080 0.006086
0 0.497974 0.213651 0.036542 0.014296
0 0.048976 0.122813 0.007467 0.003036
0 0.305074 0.129480 0.023309 0.009601
0 0.517442 0.265889 0.014796 0.010484
0 0.514741 0.300105 0.023513 0.012691
0 0.511790 0.291491 0.017423 0.006518
0 0.405600 0.290613 0.023877 0.010035
1 0.793612 0.495547 0.018436 0.008162
0 0.489017 0.291544 0.024069 0.011143
