0 0.297503 0.362876 0.012395 0.006178
1 0.939576 0.507101 0.011046 0.004891
0 0.761713 0.303529 0.013348 0.006166
0 0.778882 0.284701 0.011949 0.005880
0 0.646999 0.269092 0.014009 0.006696
0 0.670061 0.314810 0.015308 0.007121
0 0.456393 0.356468 0.014372 0.006845
0 0.653301 0.172343 0.012990 0.005905
0 0.658976 0.305766 0.013767 0.007614
0 0.474251 0.364869 0.015771 0.007515
0 0.057472 0.212567 0.015253 0.007093
0 0.656735 0.311873 0.011894 0.006994
0 0.651536 0.169292 0.013767 0.005756
0 0.705556 0.285680 0.012115 0.005635
0 0.707126 0.291409 0.013161 0.006617
0 0.539675 0.592857 0.009637 0.004812
0 0.505578 0.325572 0.013601 0.005508
0 0.467269 0.324984 0.013326 0.007180
0 0.666726 0.311162 0.013166 0.007741
