0 0.638629 0.358433 0.023073 0.010764
0 0.890363 0.380033 0.023018 0.007775
0 0.965091 0.383310 0.016514 0.011114
0 0.878166 0.374788 0.015617 0.005062
0 0.362203 0.320459 0.020363 0.010843
0 0.741423 0.335095 0.011988 0.009556
1 0.759942 0.601171 0.010237 0.004325
0 0.623995 0.378378 0.022296 0.012192
0 0.937417 0.312197 0.018007 0.008929
0 0.894948 0.373810 0.020072 0.008581
0 0.270162 0.330810 0.013243 0.006942
0 0.976451 0.359821 0.019697 0.009177
0 0.810278 0.388113 0.018948 0.008854
0 0.631052 0.369027 0.013700 0.010156
0 0.283403 0.332685 0.022621 0.009675
0 0.984912 0.351679 0.018238 0.008363
0 0.957445 0.377928 0.020154 0.008038
0 0.362252 0.727393 0.016685 0.007763
0 0.794235 0.603831 0.014438 0.006218
