0 0.824361 0.408581 0.028414 0.012917
0 0.823428 0.417122 0.026713 0.010702
0 0.111390 0.460735 0.041327 0.017626
0 0.761743 0.444462 0.033431 0.013467
0 0.185096 0.362763 0.036250 0.017227
0 0.279904 0.380606 0.034521 0.016302
0 0.795096 0.182836 0.023629 0.011932
0 0.805262 0.400790 0.023012 0.012651
0 0.742665 0.435893 0.021982 0.012510
0 0.123544 0.496530 0.025953 0.007217
0 0.079449 0.427411 0.042313 0.019444
0 0.800944 0.173736 0.026107 0.011734
0 0.621839 0.417701 0.030551 0.014549
0 0.629130 0.431629 0.029009 0.014965
0 0.627395 0.442299 0.032434 0.013120
0 0.604934 0.430007 0.028260 0.015084
0 0.760807 0.394933 0.027990 0.013070
0 0.752423 0.408284 0.029185 0.014137
0 0.672773 0.335409 0.030402 0.015327
0 0.445292 0.466344 0.031002 0.015079
