0 0.821689 0.653765 0.012164 0.009597
0 0.867182 0.369142 0.011404 0.010005
0 0.927248 0.446384 0.014108 0.012116
0 0.939529 0.451262 0.012573 0.010474
0 0.952869 0.451650 0.013560 0.010263
0 0.840479 0.379838 0.012463 0.008964
0 0.868620 0.360263 0.012701 0.008838
0 0.266740 0.825103 0.023114 0.020463
0 0.226820 0.649944 0.019934 0.010573
0 0.250810 0.520413 0.012460 0.008128
0 0.183264 0.524009 0.014035 0.010365
0 0.193724 0.525670 0.011974 0.011319
0 0.091177 0.466730 0.010175 0.009539
1 0.259786 0.788993 0.021283 0.012278
0 0.799876 0.669862 0.009700 0.008583
0 0.222577 0.460700 0.006528 0.005228
0 0.430384 0.422115 0.010358 0.011275
0 0.329503 0.702124 0.014890 0.013668
0 0.404684 0.268276 0.013096 0.008936
0 0.412696 0.226882 0.006904 0.008413
0 0.575534 0.274698 0.008918 0.007018
0 0.870375 0.481693 0.007474 0.006598
0 0.901986 0.527967 0.016787 0.012075
0 0.887719 0.531817 0.015219 0.013750
0 0.934218 0.596890 0.010051 0.007185
0 0.971820 0.593849 0.009912 0.008684
0 0.259645 0.750555 0.009985 0.008912
0 0.130190 0.396112 0.017061 0.010326
0 0.540910 0.279682 0.010782 0.007867
0 0.932507 0.567843 0.013640 0.011255
0 0.921171 0.548406 0.008578 0.006395
0 0.937886 0.544304 0.014726 0.007303
0 0.893999 0.658048 0.012982 0.009441
0 0.882288 0.658936 0.011842 0.008257
0 0.879728 0.688263 0.012884 0.010233
0 0.737500 0.707141 0.008406 0.007812
0 0.731067 0.710047 0.006652 0.006058
0 0.786409 0.712589 0.013900 0.011894
0 0.802526 0.821220 0.011060 0.009748
0 0.776626 0.851346 0.009437 0.010230
0 0.787021 0.858513 0.009137 0.008418
0 0.569444 0.932311 0.014298 0.011787
0 0.235404 0.945260 0.013944 0.013761
0 0.209483 0.957142 0.010157 0.009778
0 0.241499 0.921639 0.013794 0.007730
0 0.247599 0.929655 0.013414 0.015576
0 0.287723 0.917597 0.016659 0.015902
0 0.229105 0.927437 0.018567 0.015345
0 0.189229 0.905170 0.010365 0.010027
0 0.081530 0.936861 0.011641 0.014803
0 0.410640 0.918573 0.014211 0.014093
0 0.092615 0.891195 0.008790 0.009435
0 0.100954 0.891223 0.008487 0.008355
0 0.188874 0.749587 0.015219 0.014921
0 0.254415 0.681675 0.010994 0.012166
0 0.457644 0.238816 0.011802 0.008520
0 0.501515 0.552693 0.019733 0.011187
0 0.426330 0.595614 0.012127 0.008772
0 0.238768 0.175005 0.010694 0.009841
0 0.265280 0.877604 0.016736 0.015422
0 0.707348 0.628309 0.010011 0.006996
0 0.805121 0.544667 0.010154 0.009208
0 0.801862 0.527530 0.016217 0.013586
0 0.663476 0.344238 0.009028 0.008279
0 0.851928 0.347427 0.014572 0.008270
0 0.401645 0.925450 0.013889 0.013355
0 0.838096 0.350965 0.013962 0.009622
0 0.965665 0.599520 0.012968 0.010444
0 0.738525 0.755181 0.013958 0.011908
0 0.261429 0.087649 0.018911 0.017349
0 0.424598 0.088747 0.018129 0.017023
0 0.390800 0.124886 0.017668 0.017004
0 0.809532 0.517586 0.018655 0.014888
0 0.832047 0.525376 0.019474 0.016020
0 0.095450 0.862966 0.015007 0.015318
0 0.140289 0.923161 0.014583 0.014254
0 0.187624 0.864357 0.014079 0.013457
0 0.739476 0.766314 0.013271 0.011351
0 0.161818 0.733268 0.011078 0.009622
0 0.869243 0.764834 0.011974 0.010573
0 0.738480 0.293121 0.011053 0.008254
0 0.775481 0.382777 0.012087 0.009490
0 0.924512 0.583295 0.009105 0.006678
0 0.581608 0.665481 0.012493 0.009279
0 0.435936 0.659582 0.013041 0.011724
0 0.319748 0.708746 0.011732 0.010107
0 0.198755 0.889874 0.013147 0.012111
0 0.720154 0.388705 0.011732 0.008555
0 0.355780 0.791575 0.021524 0.021669
0 0.230636 0.907104 0.013684 0.009970
0 0.882018 0.593569 0.009722 0.005729
0 0.727200 0.376028 0.010475 0.008492
1 0.815161 0.362146 0.006506 0.008827
0 0.937993 0.503180 0.014028 0.010861
0 0.828777 0.361606 0.010720 0.008662
0 0.823169 0.363850 0.012683 0.010376
0 0.916453 0.529346 0.019529 0.012157
0 0.340537 0.915754 0.016806 0.015565
0 0.426526 0.079893 0.016407 0.011168
0 0.239881 0.772678 0.018885 0.012363
0 0.376637 0.768750 0.014079 0.010395
0 0.882052 0.502882 0.019346 0.013150
0 0.351718 0.848188 0.014949 0.011595
0 0.732549 0.540022 0.018110 0.012643
0 0.781764 0.361861 0.012372 0.007571
0 0.774603 0.363994 0.012233 0.008081
0 0.416433 0.960643 0.015007 0.015260
0 0.400049 0.638947 0.018461 0.017675
0 0.529209 0.660463 0.011407 0.007697
0 0.536139 0.667419 0.011517 0.011297
0 0.520490 0.667959 0.014810 0.014707
0 0.518986 0.679593 0.013666 0.009975
0 0.529963 0.685633 0.012076 0.014139
0 0.261572 0.863723 0.014401 0.014101
0 0.261230 0.849856 0.015990 0.015118
0 0.268202 0.852130 0.010987 0.012845
0 0.276261 0.956975 0.013341 0.013446
0 0.610334 0.919804 0.019368 0.015047
0 0.831860 0.772829 0.009598 0.007489
0 0.821471 0.777451 0.012138 0.010203
0 0.824508 0.786691 0.011327 0.008410
0 0.728772 0.639265 0.013450 0.011168
0 0.800362 0.626053 0.014145 0.009583
0 0.981725 0.563893 0.016323 0.008388
0 0.040333 0.302255 0.010307 0.008073
0 0.062540 0.131996 0.015643 0.011404
0 0.910932 0.548942 0.013121 0.010219
0 0.876678 0.541679 0.015190 0.013298
0 0.744302 0.557289 0.012807 0.010970
0 0.822346 0.624864 0.012529 0.013046
0 0.829329 0.623084 0.019024 0.014030
0 0.841338 0.627408 0.015468 0.011538
