0 0.587644 0.100000 0.016685 0.017675
0 0.184788 0.907061 0.008443 0.008196
0 0.194421 0.896809 0.007452 0.005839
0 0.273575 0.637397 0.009978 0.007349
0 0.207330 0.609223 0.017482 0.008649
0 0.199148 0.593102 0.012895 0.008210
0 0.049830 0.357299 0.012416 0.004542
0 0.035685 0.343910 0.013074 0.006187
0 0.103028 0.395677 0.035296 0.026743
0 0.458918 0.217785 0.017544 0.015362
0 0.256411 0.132766 0.005117 0.004359
0 0.247851 0.147966 0.011491 0.011009
0 0.992754 0.147268 0.014463 0.010940
0 0.916906 0.711179 0.011407 0.009803
0 0.991550 0.887859 0.007420 0.006771
0 0.853235 0.496231 0.013341 0.010389
0 0.844938 0.481908 0.012098 0.008607
0 0.404320 0.455980 0.027368 0.011560
0 0.482390 0.441139 0.023655 0.019986
0 0.566049 0.704298 0.010526 0.010066
0 0.569777 0.713013 0.009649 0.009348
0 0.668648 0.073305 0.011477 0.016439
0 0.647867 0.499855 0.014960 0.009479
0 0.660826 0.515846 0.009415 0.009274
0 0.541190 0.594923 0.008907 0.007275
0 0.890128 0.887866 0.007383 0.006527
0 0.867876 0.940959 0.005702 0.004523
0 0.832535 0.806039 0.008337 0.006140
0 0.895632 0.965829 0.006323 0.005156
0 0.991776 0.697092 0.006067 0.003509
0 0.912630 0.709622 0.014653 0.012237
0 0.317277 0.667834 0.009364 0.009989
0 0.017420 0.483328 0.017500 0.011414
0 0.094635 0.209921 0.012719 0.010927
0 0.078686 0.204119 0.013849 0.011724
0 0.059525 0.177122 0.018202 0.012467
0 0.736263 0.977595 0.005179 0.004213
0 0.775309 0.920809 0.005428 0.004342
0 0.987650 0.370260 0.005936 0.007341
0 0.833863 0.803413 0.008882 0.006990
0 0.982931 0.546645 0.009254 0.006875
0 0.989072 0.556711 0.010219 0.006743
0 0.679443 0.291183 0.016992 0.013906
0 0.349161 0.554027 0.023037 0.016952
0 0.877043 0.780241 0.008077 0.006113
0 0.856241 0.843109 0.009945 0.005510
0 0.106902 0.900418 0.009916 0.009712
0 0.156729 0.908553 0.007420 0.007188
0 0.375031 0.136578 0.012058 0.011198
0 0.403752 0.134134 0.017964 0.015291
0 0.170943 0.145366 0.008904 0.007843
0 0.064952 0.197263 0.021192 0.014800
0 0.055106 0.329024 0.018947 0.011025
0 0.103913 0.320042 0.018037 0.013303
0 0.297805 0.447337 0.015004 0.014937
0 0.059053 0.474923 0.016886 0.012434
0 0.353041 0.546257 0.023355 0.017925
0 0.195011 0.763632 0.008077 0.007385
0 0.208317 0.749091 0.010932 0.009147
0 0.197710 0.741587 0.010545 0.009852
0 0.230837 0.621298 0.015614 0.013649
0 0.238417 0.634168 0.015461 0.013813
0 0.383388 0.667854 0.009759 0.007867
0 0.356524 0.664331 0.012478 0.010340
0 0.381939 0.644598 0.011078 0.007815
0 0.752900 0.878017 0.007847 0.007031
0 0.820570 0.850581 0.008333 0.007105
0 0.215190 0.887486 0.009781 0.009211
0 0.158812 0.847024 0.009211 0.009158
0 0.900205 0.928385 0.005658 0.005658
0 0.885051 0.920211 0.007368 0.006743
0 0.892856 0.918204 0.009039 0.007664
0 0.580194 0.725047 0.010614 0.009737
0 0.584717 0.684698 0.009843 0.008158
0 0.602527 0.664704 0.009565 0.008355
0 0.612368 0.630692 0.009474 0.007618
0 0.601027 0.621376 0.007946 0.006672
0 0.442103 0.588761 0.006473 0.005674
0 0.380775 0.580662 0.009137 0.007777
0 0.430471 0.518945 0.016601 0.012939
0 0.932273 0.978133 0.008808 0.008443
0 0.874899 0.792803 0.008410 0.009213
0 0.673807 0.372245 0.010822 0.006146
1 0.118434 0.315583 0.017058 0.015973
1 0.382054 0.260880 0.007675 0.006058
0 0.611972 0.640278 0.009492 0.006998
0 0.006579 0.465826 0.010687 0.006631
0 0.096875 0.849465 0.010490 0.009183
0 0.098933 0.871069 0.011893 0.011447
0 0.100828 0.860373 0.012526 0.010581
0 0.112171 0.888679 0.009868 0.010625
0 0.198286 0.928096 0.008553 0.008714
0 0.202597 0.929918 0.006656 0.006277
0 0.421016 0.815529 0.010599 0.009402
0 0.433187 0.799630 0.007675 0.008470
0 0.218368 0.895625 0.008951 0.008695
0 0.144178 0.684579 0.025270 0.022426
0 0.341497 0.564420 0.022591 0.019235
0 0.280757 0.631332 0.011440 0.010526
0 0.305598 0.666954 0.012050 0.010663
0 0.386732 0.637823 0.010051 0.008854
0 0.273059 0.714755 0.011316 0.010107
0 0.280174 0.718581 0.011846 0.011050
0 0.167699 0.676436 0.011583 0.009265
0 0.170786 0.730636 0.012018 0.010000
0 0.351422 0.659010 0.010833 0.009671
0 0.343593 0.661675 0.010965 0.009211
0 0.752332 0.602747 0.019386 0.014627
0 0.738469 0.601206 0.019993 0.018037
0 0.584711 0.577079 0.017551 0.014921
0 0.598293 0.568673 0.008955 0.007511
0 0.580468 0.641900 0.009064 0.008936
0 0.588390 0.721192 0.011473 0.009326
0 0.388933 0.669668 0.009518 0.008026
0 0.283260 0.614679 0.012865 0.010060
0 0.237014 0.645178 0.012741 0.009474
0 0.219589 0.621520 0.013768 0.012667
0 0.218732 0.600565 0.015051 0.012708
0 0.225459 0.609234 0.017635 0.012042
0 0.209276 0.541191 0.016930 0.015058
0 0.565175 0.480345 0.025556 0.020395
0 0.536162 0.453954 0.024284 0.019723
0 0.385439 0.440932 0.021981 0.023136
0 0.406016 0.443973 0.030694 0.022848
0 0.172999 0.124095 0.012474 0.010779
0 0.181707 0.146820 0.011440 0.009923
0 0.371162 0.174252 0.018860 0.017473
0 0.390119 0.186879 0.019485 0.017113
0 0.499585 0.250777 0.020588 0.016209
0 0.582719 0.236425 0.018494 0.014720
0 0.671049 0.221012 0.013019 0.011606
0 0.661201 0.141945 0.017306 0.016768
0 0.498264 0.177623 0.016776 0.015751
0 0.775208 0.274638 0.020007 0.016091
0 0.696564 0.180058 0.011623 0.009457
0 0.018178 0.277172 0.021663 0.017815
0 0.165503 0.687510 0.013469 0.011516
0 0.595523 0.979446 0.013202 0.011272
0 0.686213 0.953169 0.006140 0.005345
0 0.927014 0.727368 0.013596 0.010625
0 0.935844 0.561001 0.011696 0.008114
0 0.970194 0.887559 0.003838 0.003736
0 0.961422 0.885658 0.005227 0.004742
0 0.979545 0.849113 0.007336 0.006176
0 0.993324 0.828687 0.006290 0.004523
0 0.976550 0.834348 0.006652 0.004605
0 0.938549 0.764794 0.007632 0.005768
0 0.975329 0.913144 0.004532 0.004221
0 0.820947 0.916044 0.008531 0.006316
0 0.797069 0.949661 0.006842 0.006044
0 0.770534 0.994720 0.004444 0.004644
0 0.852495 0.959914 0.005157 0.005156
0 0.870148 0.972648 0.004938 0.003755
0 0.987511 0.969252 0.006433 0.005345
0 0.984362 0.965384 0.004645 0.003810
0 0.980797 0.965493 0.004313 0.003317
0 0.977029 0.897815 0.009737 0.008251
0 0.901762 0.866261 0.008406 0.007127
0 0.842515 0.840107 0.006615 0.006798
0 0.772226 0.634927 0.008728 0.006022
0 0.774331 0.636835 0.011184 0.004641
0 0.809642 0.583136 0.007515 0.005855
0 0.880402 0.472978 0.014715 0.009805
0 0.902966 0.415695 0.015106 0.011368
0 0.878344 0.346963 0.010658 0.009178
0 0.877741 0.380795 0.017982 0.012566
1 0.965848 0.175655 0.011140 0.013470
0 0.702860 0.103394 0.012986 0.009578
0 0.635981 0.169291 0.012504 0.012283
0 0.634163 0.190295 0.013567 0.011998
0 0.539793 0.235611 0.005267 0.004139
0 0.583562 0.266702 0.009426 0.006946
0 0.503739 0.360898 0.011981 0.012788
0 0.400051 0.507473 0.012741 0.010647
0 0.322946 0.528983 0.021199 0.012823
0 0.252403 0.762937 0.008739 0.007870
0 0.206923 0.703827 0.008406 0.007155
0 0.222295 0.705254 0.008406 0.007103
0 0.181800 0.649053 0.011685 0.005447
0 0.194115 0.640831 0.013706 0.009857
0 0.203748 0.630813 0.010106 0.009334
0 0.219916 0.479404 0.011681 0.010293
0 0.274264 0.479291 0.012124 0.007908
0 0.242160 0.404138 0.024664 0.023983
0 0.184238 0.291527 0.008790 0.008980
0 0.078531 0.277412 0.011433 0.008454
0 0.085928 0.271113 0.011140 0.009342
0 0.026347 0.210436 0.012423 0.010340
0 0.265621 0.159890 0.010263 0.006283
0 0.182995 0.430114 0.022679 0.019098
0 0.326531 0.657167 0.010789 0.009444
0 0.330411 0.654143 0.009507 0.010666
0 0.428893 0.783825 0.009912 0.010990
0 0.436612 0.786852 0.008421 0.007042
0 0.621369 0.810632 0.005267 0.005129
0 0.706601 0.829619 0.006213 0.006223
0 0.967251 0.887344 0.004020 0.004276
0 0.979165 0.977638 0.006685 0.005485
0 0.938436 0.971573 0.007164 0.005647
0 0.927692 0.972108 0.008629 0.007812
0 0.907710 0.989298 0.003819 0.004178
0 0.913916 0.989150 0.005969 0.005526
0 0.844757 0.990817 0.006217 0.005411
0 0.800471 0.995574 0.005263 0.005688
0 0.797840 0.983059 0.006104 0.005373
0 0.830287 0.989238 0.006685 0.007149
0 0.800519 0.968043 0.006842 0.006711
0 0.813436 0.967862 0.006360 0.005362
0 0.673768 0.928607 0.010132 0.009901
0 0.675378 0.908564 0.005815 0.005537
0 0.648374 0.896113 0.007507 0.004737
0 0.635802 0.898480 0.005530 0.005266
0 0.188348 0.863155 0.009254 0.008059
0 0.205786 0.906865 0.008077 0.007185
0 0.130702 0.904518 0.008896 0.010620
0 0.201815 0.881730 0.006290 0.008810
0 0.169190 0.891250 0.004558 0.003865
0 0.189806 0.769608 0.007091 0.004139
0 0.184488 0.767936 0.008516 0.004633
0 0.156091 0.480881 0.008366 0.006790
0 0.965704 0.532525 0.008374 0.006277
0 0.980764 0.542571 0.008151 0.005811
0 0.969048 0.542325 0.008264 0.006743
0 0.876014 0.736983 0.008732 0.005485
0 0.994435 0.741018 0.011129 0.010672
0 0.404190 0.745907 0.008191 0.006464
0 0.411504 0.743329 0.008512 0.006384
0 0.586729 0.603821 0.006864 0.004879
0 0.538216 0.587725 0.008107 0.006990
0 0.679457 0.543213 0.009324 0.008268
0 0.653655 0.537814 0.009474 0.008725
0 0.699313 0.381528 0.015044 0.014208
0 0.710749 0.369916 0.017741 0.012574
0 0.693743 0.297617 0.017186 0.014526
0 0.686365 0.149260 0.015281 0.011826
0 0.570356 0.112242 0.017460 0.018536
0 0.204603 0.596997 0.015691 0.010737
