0 0.549868 0.386162 0.005872 0.010095
1 0.429507 0.587304 0.005049 0.008556
0 0.464271 0.575417 0.004545 0.006842
0 0.460918 0.579254 0.005170 0.007792
0 0.498440 0.625645 0.004501 0.010610
0 0.893248 0.185751 0.008498 0.008096
0 0.882852 0.176853 0.006993 0.010307
0 0.921658 0.161270 0.006195 0.006970
0 0.890015 0.171948 0.006538 0.005534
1 0.889216 0.169267 0.005746 0.004836
0 0.873314 0.197193 0.006365 0.008034
0 0.505757 0.618098 0.005214 0.009536
0 0.502467 0.619360 0.005258 0.010168
0 0.554258 0.612491 0.007530 0.008841
0 0.881113 0.210504 0.005296 0.006871
0 0.895530 0.177796 0.006099 0.007939
0 0.901779 0.175972 0.004649 0.007749
0 0.982526 0.133724 0.005809 0.010066
0 0.988572 0.117188 0.005587 0.008900
0 0.975850 0.097272 0.006683 0.009448
0 0.968562 0.096999 0.007086 0.007200
0 0.983969 0.113825 0.005663 0.009229
1 0.797573 0.227882 0.003775 0.005501
0 0.704973 0.486349 0.006179 0.009554
0 0.715547 0.490493 0.004224 0.009349
0 0.718836 0.486318 0.003791 0.006517
0 0.719095 0.492295 0.003333 0.005439
0 0.823709 0.514218 0.006294 0.009152
1 0.750511 0.541685 0.005792 0.008677
1 0.745029 0.536590 0.006077 0.006038
1 0.740917 0.541352 0.003813 0.007792
1 0.763738 0.544019 0.003934 0.004689
1 0.773213 0.548226 0.004529 0.007394
0 0.748157 0.608904 0.004646 0.007785
1 0.756021 0.615417 0.004290 0.007310
0 0.653956 0.612955 0.005345 0.007584
0 0.938029 0.610400 0.005422 0.007891
1 0.942478 0.603035 0.003476 0.005406
0 0.946035 0.603891 0.005052 0.007007
0 0.955414 0.590073 0.004825 0.006177
1 0.898509 0.487849 0.005592 0.006641
0 0.545813 0.388070 0.006072 0.008640
0 0.507392 0.624002 0.005546 0.009854
1 0.798369 0.959700 0.007429 0.012675
0 0.680979 0.848750 0.004205 0.008640
0 0.684737 0.853944 0.003991 0.008107
1 0.531123 0.227959 0.004668 0.006356
1 0.559064 0.590983 0.007026 0.012310
0 0.577357 0.597573 0.004616 0.008735
0 0.582618 0.587317 0.004035 0.008421
0 0.587393 0.590159 0.005060 0.006524
0 0.583215 0.598836 0.003865 0.005238
0 0.175143 0.749123 0.006371 0.010534
0 0.629837 0.740700 0.006368 0.007891
0 0.718824 0.715897 0.004830 0.010698
0 0.704660 0.711473 0.006798 0.009730
0 0.688865 0.710327 0.005976 0.009397
0 0.777293 0.742944 0.008840 0.014419
0 0.784955 0.750605 0.007662 0.012979
0 0.691251 0.798999 0.004981 0.009094
0 0.902329 0.797902 0.006889 0.011740
1 0.874056 0.778900 0.007914 0.010095
0 0.151208 0.934479 0.006138 0.008103
0 0.157619 0.950031 0.005321 0.009740
0 0.164986 0.943573 0.006957 0.011012
0 0.298032 0.910418 0.005115 0.009324
0 0.307673 0.891623 0.005740 0.009401
0 0.387034 0.729539 0.004172 0.007968
0 0.435245 0.702308 0.005321 0.008512
0 0.435452 0.698653 0.004753 0.005786
0 0.460047 0.685069 0.006305 0.009613
0 0.716819 0.871166 0.005321 0.008947
0 0.719560 0.867454 0.006713 0.006985
0 0.734182 0.813534 0.006483 0.009963
1 0.718957 0.819114 0.006680 0.010230
1 0.737564 0.782505 0.008533 0.011817
1 0.726176 0.756696 0.006974 0.010490
0 0.862574 0.781318 0.004419 0.009287
0 0.867153 0.786449 0.005085 0.006451
0 0.790062 0.955671 0.005896 0.012226
