0 0.476508 0.442343 0.006458 0.011104
0 0.621147 0.182480 0.004723 0.006224
0 0.688694 0.020755 0.004986 0.007833
0 0.088077 0.535420 0.005929 0.008896
0 0.129689 0.242058 0.004147 0.006199
0 0.084124 0.531464 0.006176 0.006590
0 0.131371 0.245919 0.005647 0.007438
0 0.571371 0.754592 0.005148 0.009061
0 0.546887 0.668035 0.004942 0.010435
0 0.371556 0.077432 0.003347 0.007094
0 0.197634 0.506968 0.004057 0.004631
0 0.987037 0.211559 0.004205 0.007664
0 0.721058 0.028145 0.005395 0.008205
0 0.624697 0.274485 0.003961 0.008012
0 0.801147 0.547659 0.006938 0.009346
0 0.467185 0.597253 0.004002 0.005932
0 0.811723 0.659541 0.006006 0.009265
0 0.682829 0.376690 0.004529 0.006590
0 0.749844 0.567489 0.005504 0.009152
0 0.529966 0.095172 0.004131 0.007237
0 0.702721 0.217178 0.007475 0.011148
0 0.824242 0.688995 0.008150 0.008823
0 0.600088 0.128829 0.002478 0.005033
0 0.139956 0.422337 0.005406 0.007094
0 0.824311 0.182833 0.002744 0.004920
0 0.698453 0.022049 0.005803 0.009470
0 0.803936 0.239971 0.003706 0.004613
0 0.616646 0.325877 0.004624 0.007113
0 0.514448 0.063861 0.004246 0.010069
0 0.655454 0.302133 0.005058 0.008432
0 0.517693 0.049541 0.003660 0.011012
0 0.831857 0.533406 0.005436 0.011725
0 0.489252 0.095172 0.006491 0.011645
0 0.518442 0.631727 0.005721 0.008198
0 0.617363 0.180316 0.005691 0.007664
0 0.613265 0.185099 0.005351 0.008421
0 0.493442 0.061106 0.005666 0.006451
0 0.649009 0.293244 0.004778 0.009470
0 0.139493 0.273235 0.003788 0.004481
0 0.881724 0.101656 0.004117 0.010022
0 0.104649 0.377308 0.005663 0.008922
0 0.707995 0.412918 0.005436 0.009061
0 0.939416 0.248456 0.004890 0.007094
0 0.746447 0.569635 0.004863 0.010775
0 0.937098 0.263728 0.004032 0.004920
0 0.693501 0.016447 0.006283 0.005921
0 0.514438 0.646122 0.003432 0.004576
0 0.553557 0.205895 0.005491 0.010270
0 0.625440 0.135733 0.003320 0.004901
0 0.486266 0.115060 0.004918 0.008629
0 0.382973 0.196120 0.005704 0.006553
0 0.194449 0.512346 0.003394 0.004028
0 0.715572 0.361177 0.004942 0.006425
0 0.452941 0.033357 0.004386 0.004901
0 0.288612 0.545038 0.004449 0.008067
0 0.787503 0.276955 0.003213 0.007083
0 0.496098 0.093834 0.008851 0.010227
0 0.788554 0.255046 0.004076 0.010048
0 0.310177 0.224726 0.003791 0.005146
0 0.076154 0.532273 0.004572 0.007083
0 0.106138 0.490464 0.005499 0.005950
0 0.806469 0.246561 0.004819 0.007909
0 0.439204 0.107509 0.005546 0.010069
0 0.614276 0.322321 0.003832 0.008640
0 0.310927 0.219625 0.005291 0.004287
0 0.558229 0.199940 0.004507 0.009507
0 0.721118 0.066976 0.002714 0.005347
0 0.451579 0.035780 0.003004 0.003425
0 0.678917 0.379642 0.004117 0.006455
0 0.881106 0.113668 0.004120 0.005764
0 0.478083 0.553878 0.004745 0.009094
0 0.780269 0.545943 0.005576 0.008772
0 0.530247 0.260947 0.003706 0.004254
0 0.595721 0.099640 0.004128 0.005508
0 0.639401 0.515420 0.005650 0.007047
0 0.493973 0.056149 0.005074 0.008812
0 0.641175 0.224693 0.004860 0.009379
0 0.980558 0.206811 0.003089 0.008008
0 0.266923 0.393405 0.004268 0.007591
0 0.541043 0.512939 0.004290 0.008341
0 0.404016 0.070464 0.004984 0.007193
0 0.193621 0.508098 0.003229 0.005793
0 0.407607 0.179073 0.006787 0.009441
0 0.647326 0.333947 0.005546 0.006659
0 0.212256 0.234368 0.004841 0.005219
0 0.410508 0.186550 0.003736 0.004459
0 0.545721 0.515521 0.003635 0.008103
0 0.704060 0.517023 0.005044 0.008922
0 0.134164 0.428973 0.005663 0.006177
0 0.732458 0.323492 0.003501 0.006451
0 0.829374 0.171849 0.003089 0.007208
0 0.501583 0.560106 0.004893 0.007712
0 0.586391 0.385258 0.004076 0.006385
0 0.553374 0.665702 0.006590 0.010161
0 0.198846 0.532568 0.004221 0.006422
0 0.141245 0.281480 0.005433 0.007054
0 0.824671 0.678017 0.006606 0.010640
0 0.753588 0.210302 0.004572 0.008732
0 0.662547 0.285033 0.004940 0.010066
0 0.515223 0.638209 0.003862 0.007434
0 0.474376 0.552694 0.005041 0.010278
0 0.684910 0.546539 0.006075 0.009196
0 0.449867 0.031561 0.003638 0.004320
0 0.186917 0.497451 0.004882 0.005574
0 0.443749 0.099720 0.006373 0.012116
0 0.715559 0.561912 0.005576 0.009627
0 0.614661 0.641793 0.004696 0.005764
0 0.705657 0.526701 0.005354 0.008512
0 0.564252 0.208902 0.004918 0.007540
0 0.807952 0.260811 0.005066 0.007741
0 0.885328 0.100418 0.005354 0.007825
0 0.180654 0.470855 0.004230 0.006594
0 0.082333 0.540426 0.005066 0.006261
0 0.823538 0.190556 0.004290 0.007091
0 0.712008 0.024598 0.002459 0.004371
0 0.209626 0.232484 0.005419 0.004192
0 0.516224 0.641833 0.004718 0.006290
0 0.565277 0.204803 0.005000 0.004591
0 0.120041 0.491608 0.003432 0.009152
0 0.638987 0.187867 0.005463 0.009711
0 0.702474 0.080349 0.004838 0.009755
0 0.164656 0.150256 0.005365 0.004927
0 0.701323 0.411188 0.004942 0.009225
0 0.599670 0.369607 0.004268 0.007840
0 0.788348 0.549613 0.006149 0.009057
0 0.407533 0.064591 0.004370 0.006740
0 0.125456 0.416504 0.005233 0.007321
0 0.316776 0.482125 0.004984 0.007591
0 0.521942 0.051195 0.005074 0.008969
0 0.187848 0.526908 0.004172 0.006754
0 0.646087 0.517758 0.005863 0.006378
0 0.805289 0.664291 0.004805 0.009839
0 0.777266 0.566202 0.005863 0.008297
0 0.627207 0.185970 0.005691 0.009258
0 0.472004 0.428635 0.005269 0.011780
0 0.181786 0.492761 0.005463 0.006458
0 0.623525 0.130464 0.004666 0.005387
0 0.830848 0.692434 0.007980 0.009496
0 0.694624 0.093017 0.004249 0.007394
0 0.970347 0.227233 0.003775 0.005607
0 0.656032 0.530135 0.005365 0.010797
0 0.781177 0.628825 0.006006 0.008008
0 0.693799 0.102851 0.005192 0.005351
0 0.562614 0.199832 0.003605 0.008633
0 0.712174 0.358569 0.004326 0.005493
0 0.772521 0.728222 0.006077 0.009609
0 0.791828 0.281239 0.004446 0.007412
0 0.447466 0.104991 0.005074 0.011641
0 0.897734 0.088818 0.004838 0.006590
0 0.337383 0.221104 0.004147 0.007054
0 0.740212 0.318050 0.002788 0.003337
0 0.644705 0.336930 0.003703 0.007646
0 0.877038 0.106734 0.005047 0.009200
0 0.651055 0.526206 0.003635 0.007705
0 0.767327 0.573353 0.006721 0.010201
0 0.974981 0.227005 0.005833 0.005150
0 0.653660 0.247414 0.005099 0.009485
0 0.158191 0.306791 0.003432 0.007529
0 0.592818 0.381970 0.003366 0.006009
0 0.554746 0.226930 0.005244 0.008633
0 0.794927 0.544227 0.007508 0.007628
0 0.177378 0.468710 0.003753 0.006754
0 0.743731 0.568156 0.004145 0.008578
0 0.798316 0.279179 0.003089 0.006261
0 0.382481 0.190680 0.004918 0.006425
0 0.205943 0.235793 0.003268 0.006842
0 0.704883 0.532604 0.003605 0.005493
0 0.559949 0.219280 0.005326 0.008414
0 0.647394 0.246703 0.005535 0.011330
0 0.573379 0.759603 0.005458 0.009200
0 0.196820 0.226469 0.003558 0.004744
0 0.687603 0.089476 0.005546 0.008183
0 0.454635 0.212838 0.004370 0.008871
0 0.274308 0.376323 0.003736 0.005694
1 0.501313 0.425044 0.004589 0.006338
1 0.594430 0.266654 0.004167 0.005099
1 0.164130 0.431054 0.004016 0.008922
1 0.592552 0.296703 0.004644 0.006557
1 0.378783 0.440245 0.003860 0.006579
1 0.543532 0.020874 0.003961 0.004737
1 0.148840 0.381838 0.004841 0.006038
1 0.186216 0.427829 0.004120 0.006316
1 0.182626 0.231519 0.004057 0.008110
1 0.762422 0.214750 0.003462 0.008403
1 0.487135 0.436736 0.004260 0.006996
1 0.492152 0.704073 0.004221 0.007138
1 0.151054 0.387948 0.004531 0.006181
1 0.435975 0.559395 0.004745 0.007708
