0 0.258145 0.120751 0.012379 0.009616
0 0.461016 0.955892 0.026886 0.026275
0 0.579379 0.922378 0.009181 0.005019
0 0.639229 0.960489 0.007873 0.005803
0 0.913752 0.590577 0.015179 0.011960
0 0.854243 0.454083 0.026411 0.019400
0 0.988099 0.406772 0.011023 0.007612
0 0.929603 0.454575 0.022153 0.013997
0 0.942209 0.437100 0.016590 0.013914
0 0.804401 0.418203 0.006111 0.005293
0 0.791268 0.420495 0.006784 0.006160
0 0.804560 0.399258 0.009792 0.006790
0 0.880928 0.436424 0.022917 0.017771
0 0.893916 0.419563 0.025976 0.020063
0 0.854523 0.470284 0.016378 0.013035
0 0.771115 0.544145 0.011001 0.010411
0 0.783229 0.540315 0.022394 0.014929
0 0.801371 0.534274 0.020168 0.010312
0 0.797442 0.545663 0.022003 0.018377
0 0.730411 0.634703 0.015552 0.010573
0 0.715769 0.637396 0.016641 0.014326
0 0.605645 0.648028 0.022657 0.016856
0 0.579817 0.646731 0.021199 0.017399
0 0.598224 0.697998 0.016776 0.009833
0 0.587423 0.724474 0.016462 0.019441
0 0.526263 0.720922 0.018191 0.018901
0 0.573441 0.605450 0.017255 0.015313
0 0.013401 0.746279 0.020069 0.014685
0 0.542937 0.583758 0.016276 0.014660
0 0.530121 0.581349 0.013969 0.014243
0 0.556530 0.591907 0.017679 0.017026
0 0.603832 0.612288 0.022160 0.017201
0 0.585881 0.614409 0.022493 0.019153
0 0.414196 0.432342 0.017098 0.011324
0 0.743439 0.428468 0.016835 0.014331
0 0.966974 0.529474 0.020373 0.012549
0 0.903061 0.555844 0.025669 0.019841
0 0.867178 0.530895 0.020694 0.013555
0 0.854671 0.514050 0.022135 0.013654
0 0.795234 0.570134 0.022266 0.017845
0 0.854168 0.571604 0.016590 0.010647
0 0.845654 0.593790 0.026192 0.013917
0 0.866118 0.612489 0.018882 0.014008
0 0.914826 0.625036 0.016371 0.012209
0 0.668624 0.454046 0.016897 0.010609
0 0.732208 0.435726 0.012836 0.012867
0 0.713938 0.391675 0.016371 0.012769
0 0.737118 0.404393 0.010610 0.013457
0 0.743666 0.412056 0.014276 0.013065
0 0.674516 0.357393 0.013227 0.013947
0 0.680607 0.359899 0.017551 0.016601
0 0.644591 0.361373 0.017025 0.015225
0 0.547679 0.349733 0.015190 0.013950
0 0.557050 0.350321 0.010592 0.013361
0 0.533077 0.370699 0.017156 0.012681
0 0.646749 0.302038 0.017255 0.015480
0 0.673973 0.198036 0.008107 0.006664
0 0.730833 0.161615 0.009430 0.010762
0 0.164088 0.520169 0.011692 0.009350
0 0.107887 0.502135 0.017727 0.013734
0 0.058383 0.508499 0.018293 0.014016
0 0.139963 0.576920 0.011820 0.009208
0 0.147739 0.577399 0.011371 0.007982
0 0.138461 0.586641 0.013370 0.012141
0 0.265484 0.530831 0.019923 0.014868
0 0.426155 0.514272 0.007434 0.009158
0 0.433695 0.515352 0.010694 0.008133
0 0.549952 0.516531 0.017734 0.016105
0 0.672120 0.541451 0.015833 0.014597
0 0.676409 0.614305 0.009777 0.010458
0 0.670117 0.604301 0.014174 0.009435
0 0.709377 0.610810 0.014931 0.012448
0 0.695316 0.607569 0.015917 0.014380
0 0.635621 0.712436 0.017200 0.011801
0 0.278101 0.728246 0.014105 0.011935
0 0.310439 0.683008 0.012442 0.010803
0 0.354251 0.699253 0.020855 0.013353
0 0.492739 0.628167 0.016151 0.014981
0 0.492805 0.682330 0.012050 0.014940
0 0.481738 0.683019 0.020559 0.018084
0 0.449174 0.745363 0.018465 0.013259
0 0.423105 0.807484 0.018469 0.021815
0 0.490049 0.879094 0.028761 0.026286
0 0.461131 0.890763 0.013673 0.010019
0 0.461053 0.878092 0.022317 0.017917
0 0.054205 0.907777 0.018074 0.018635
0 0.016880 0.887977 0.021685 0.018399
0 0.130426 0.738166 0.020588 0.015806
0 0.053026 0.774881 0.019803 0.014274
0 0.079980 0.824800 0.018074 0.015806
0 0.445420 0.522626 0.017098 0.015620
0 0.459876 0.539985 0.016908 0.014186
0 0.474108 0.547455 0.014291 0.014257
0 0.474384 0.431983 0.014923 0.013934
0 0.549625 0.362357 0.016056 0.014052
0 0.624905 0.295990 0.017098 0.015482
0 0.544370 0.290260 0.019375 0.015620
0 0.569516 0.283950 0.017643 0.018827
0 0.496882 0.265041 0.006630 0.006064
0 0.268914 0.118525 0.011937 0.007248
0 0.244220 0.132811 0.013834 0.014581
0 0.272546 0.141926 0.013264 0.013215
0 0.281389 0.142138 0.012127 0.012599
0 0.201626 0.141785 0.007968 0.008059
0 0.427515 0.008806 0.012675 0.012799
0 0.777831 0.006926 0.012635 0.011796
0 0.735917 0.037308 0.004678 0.004550
0 0.894905 0.101800 0.011915 0.009191
0 0.764459 0.223761 0.012449 0.013788
0 0.181299 0.968480 0.014368 0.011467
0 0.187498 0.816816 0.019631 0.016258
0 0.220958 0.807041 0.019554 0.016143
0 0.112707 0.799589 0.019200 0.010230
0 0.076753 0.875574 0.010267 0.008210
0 0.040656 0.882902 0.012781 0.010397
0 0.333034 0.825484 0.014781 0.011516
0 0.553507 0.664770 0.020238 0.020351
0 0.555855 0.645954 0.024934 0.020236
0 0.513580 0.641693 0.017811 0.017678
0 0.327513 0.691920 0.024441 0.017431
0 0.182286 0.665740 0.020420 0.017917
0 0.042332 0.676694 0.010673 0.008882
0 0.031385 0.673528 0.010563 0.008196
0 0.086268 0.642489 0.012105 0.009243
0 0.075939 0.637785 0.010833 0.008651
0 0.005757 0.547442 0.011513 0.012599
0 0.042807 0.541022 0.014211 0.011985
0 0.058818 0.532285 0.014653 0.010041
0 0.139377 0.463983 0.012314 0.008525
0 0.072999 0.473032 0.012314 0.009474
0 0.098032 0.439313 0.026926 0.021894
0 0.249465 0.337611 0.021100 0.017393
0 0.188511 0.308738 0.020954 0.016779
0 0.161721 0.329657 0.010914 0.011310
0 0.107683 0.293307 0.019101 0.017053
0 0.087197 0.243621 0.019737 0.016184
0 0.293215 0.260289 0.016261 0.017108
0 0.281732 0.264239 0.020892 0.016423
0 0.263580 0.262127 0.019105 0.016420
0 0.251458 0.200921 0.007018 0.006908
0 0.513973 0.165894 0.019576 0.017763
0 0.763692 0.250063 0.007705 0.010751
0 0.796155 0.254374 0.008085 0.006488
0 0.800545 0.259300 0.008779 0.009235
0 0.857584 0.276439 0.008692 0.008328
0 0.904158 0.303978 0.014931 0.014468
0 0.922964 0.287976 0.014591 0.007958
0 0.880848 0.550066 0.022829 0.019304
0 0.925011 0.609846 0.011491 0.009079
0 0.925921 0.617161 0.014174 0.009668
0 0.282853 0.570440 0.009792 0.010562
0 0.085029 0.636859 0.010307 0.007566
0 0.218056 0.466743 0.014474 0.015800
0 0.248008 0.387500 0.012734 0.011321
0 0.038154 0.396303 0.015614 0.013698
0 0.835141 0.414489 0.016298 0.011198
0 0.909317 0.427283 0.024101 0.018871
0 0.028894 0.745145 0.017825 0.011009
0 0.252315 0.350976 0.021853 0.016294
0 0.906341 0.537606 0.015914 0.006637
0 0.920274 0.473828 0.022193 0.016099
0 0.769335 0.447593 0.006506 0.004331
1 0.707999 0.227153 0.009214 0.006286
0 0.956860 0.513631 0.016265 0.009745
0 0.862167 0.476623 0.003618 0.005126
0 0.860705 0.475430 0.004276 0.003289
0 0.869433 0.478070 0.013765 0.014857
0 0.862593 0.483646 0.009536 0.007248
0 0.867487 0.490988 0.013893 0.011417
0 0.814105 0.336561 0.008034 0.009444
0 0.822639 0.334010 0.009737 0.007039
0 0.672434 0.399664 0.013553 0.010858
0 0.756212 0.362466 0.013015 0.006258
0 0.819748 0.364597 0.012025 0.006168
0 0.786776 0.234905 0.016608 0.013577
0 0.771822 0.153620 0.010822 0.008857
0 0.557332 0.121916 0.006528 0.005636
0 0.178503 0.351772 0.011933 0.007974
0 0.236780 0.342854 0.012251 0.011842
0 0.219938 0.546842 0.005117 0.003646
0 0.217957 0.529556 0.004956 0.003914
0 0.258695 0.549174 0.009189 0.010573
0 0.098918 0.596721 0.009393 0.006935
0 0.176418 0.633720 0.006535 0.004677
0 0.170256 0.626206 0.007456 0.006151
0 0.060583 0.689698 0.022540 0.012204
0 0.140771 0.557540 0.021265 0.011960
0 0.149402 0.489052 0.020925 0.014956
0 0.289737 0.155303 0.007500 0.008303
0 0.782886 0.025218 0.005048 0.005184
0 0.503852 0.858172 0.023333 0.017692
0 0.438118 0.866750 0.019320 0.014690
0 0.422261 0.900440 0.018607 0.014537
0 0.388741 0.881532 0.022526 0.023476
0 0.477732 0.868867 0.018659 0.017196
0 0.021537 0.694315 0.012584 0.009342
0 0.086166 0.662932 0.016645 0.013369
0 0.101621 0.659542 0.016122 0.013662
0 0.152434 0.564807 0.017953 0.012777
0 0.270762 0.579988 0.023322 0.015222
0 0.219030 0.580032 0.015990 0.009635
0 0.148310 0.534794 0.015208 0.011491
0 0.049084 0.413165 0.023702 0.011982
0 0.255185 0.320495 0.019931 0.017678
0 0.209404 0.308728 0.018406 0.016996
0 0.062250 0.243318 0.016480 0.011713
0 0.607259 0.128954 0.008304 0.007634
1 0.155554 0.401297 0.024258 0.014046
0 0.578938 0.428204 0.003995 0.003322
0 0.574401 0.429439 0.004386 0.003884
0 0.594433 0.435747 0.009262 0.009158
0 0.587571 0.896793 0.010581 0.007072
0 0.526658 0.993466 0.013973 0.007497
0 0.567392 0.986678 0.013600 0.007780
0 0.663043 0.464808 0.011736 0.007105
0 0.702080 0.476619 0.016053 0.012113
0 0.352573 0.494933 0.009094 0.007678
0 0.321510 0.450913 0.010015 0.009759
0 0.446526 0.198843 0.007314 0.003125
0 0.454697 0.204978 0.005950 0.004583
0 0.582449 0.686098 0.022135 0.018172
0 0.116175 0.838499 0.017730 0.015710
0 0.085545 0.851731 0.019554 0.016236
0 0.836526 0.381077 0.006378 0.006875
0 0.753613 0.458147 0.008213 0.010592
0 0.593226 0.796292 0.006232 0.004339
0 0.593646 0.674115 0.014667 0.013065
0 0.588463 0.576731 0.019974 0.015962
0 0.544459 0.535454 0.016477 0.011297
0 0.652849 0.466653 0.012716 0.014057
0 0.687844 0.484523 0.017434 0.014951
0 0.628699 0.423428 0.015190 0.010299
0 0.544353 0.279105 0.014730 0.010896
0 0.429779 0.245248 0.011678 0.010759
0 0.436977 0.269216 0.007895 0.008388
0 0.538264 0.714841 0.021499 0.016266
0 0.596179 0.540329 0.018227 0.014660
0 0.585102 0.528542 0.020300 0.016787
0 0.612822 0.492893 0.020080 0.016214
0 0.537158 0.446687 0.019097 0.017190
0 0.375437 0.134689 0.011619 0.012854
0 0.283852 0.278669 0.016608 0.015348
0 0.022085 0.661939 0.012211 0.008210
0 0.031325 0.650138 0.011977 0.009778
0 0.370344 0.530141 0.010468 0.008248
0 0.370104 0.745159 0.017416 0.014342
