0 0.387460 0.687479 0.008889 0.010052
0 0.405016 0.682662 0.011363 0.009814
0 0.376316 0.665352 0.008158 0.009942
0 0.339916 0.747556 0.010490 0.007081
0 0.490506 0.547836 0.007555 0.006450
1 0.915532 0.389767 0.007284 0.006886
1 0.996069 0.254152 0.007862 0.006686
1 0.998196 0.394302 0.003607 0.005244
1 0.982842 0.408671 0.009031 0.006009
1 0.957416 0.324918 0.005592 0.006557
1 0.909836 0.407403 0.006557 0.006121
1 0.909472 0.388499 0.009909 0.007212
1 0.918664 0.401153 0.007138 0.004915
1 0.953151 0.250154 0.006645 0.004720
1 0.875963 0.355008 0.010281 0.007396
1 0.911162 0.398093 0.008743 0.005573
1 0.689349 0.345177 0.008216 0.005639
1 0.949916 0.244907 0.005768 0.004720
1 0.875333 0.344860 0.008604 0.006294
1 0.673174 0.398476 0.009762 0.008416
1 0.980607 0.401351 0.008399 0.005614
1 0.898341 0.388128 0.007865 0.003169
1 0.945501 0.397710 0.007588 0.005463
1 0.948255 0.238942 0.007694 0.007473
1 0.899580 0.391406 0.008889 0.004918
1 0.701548 0.328279 0.011027 0.006223
0 0.855565 0.460551 0.009324 0.008196
0 0.891199 0.553070 0.008056 0.006798
0 0.171605 0.324763 0.008158 0.006012
0 0.249885 0.192293 0.010625 0.007969
0 0.500866 0.334109 0.010665 0.006689
0 0.803646 0.266264 0.012167 0.010543
0 0.143712 0.235263 0.011941 0.008575
0 0.956979 0.379032 0.007518 0.005768
0 0.132010 0.293618 0.009613 0.008130
0 0.860106 0.504827 0.011330 0.008120
0 0.615300 0.305514 0.009064 0.008309
0 0.743459 0.529335 0.010537 0.010688
0 0.261087 0.631010 0.009324 0.008084
0 0.157560 0.399631 0.010910 0.006138
0 0.593357 0.372241 0.009061 0.008610
0 0.877412 0.254060 0.010665 0.009178
0 0.860736 0.534566 0.007050 0.007174
0 0.848041 0.205740 0.010665 0.007736
0 0.041239 0.373650 0.007142 0.003495
0 0.775998 0.474030 0.014861 0.010603
0 0.365435 0.468687 0.012588 0.010762
0 0.495099 0.131340 0.011118 0.008026
0 0.837633 0.241717 0.009653 0.007081
0 0.086188 0.343262 0.005592 0.004852
0 0.295360 0.315972 0.011049 0.007283
0 0.070016 0.378206 0.009265 0.005244
0 0.034322 0.260821 0.012343 0.009180
0 0.310250 0.368106 0.006042 0.005285
0 0.541193 0.524681 0.012964 0.008610
0 0.225148 0.180983 0.009711 0.009175
0 0.877493 0.475314 0.011798 0.007431
0 0.556886 0.101129 0.010490 0.007708
0 0.074317 0.403303 0.010139 0.007473
0 0.722981 0.191288 0.006086 0.005351
0 0.121590 0.364045 0.010314 0.005874
0 0.657195 0.348370 0.009711 0.007738
0 0.219722 0.314050 0.011118 0.007081
0 0.569371 0.727866 0.012822 0.011362
0 0.448840 0.343616 0.007343 0.005663
0 0.604115 0.172367 0.008743 0.007283
0 0.053845 0.330478 0.012939 0.005507
0 0.176888 0.190935 0.010318 0.005159
0 0.276393 0.190411 0.011835 0.007664
0 0.086398 0.718140 0.013637 0.009180
0 0.598377 0.492349 0.015446 0.007758
0 0.251762 0.636801 0.010782 0.007648
0 0.288564 0.428906 0.006703 0.004589
0 0.377655 0.590995 0.014134 0.007867
0 0.438392 0.404453 0.011579 0.008495
0 0.082602 0.372437 0.010314 0.007341
0 0.647761 0.232874 0.009105 0.007738
0 0.860384 0.712015 0.010322 0.010197
0 0.125274 0.478296 0.006118 0.005902
0 0.935199 0.417325 0.008498 0.006979
0 0.379910 0.468026 0.016868 0.009819
0 0.449678 0.352837 0.007763 0.007237
0 0.712699 0.198369 0.007343 0.005351
0 0.200157 0.181905 0.005461 0.006223
0 0.300002 0.430164 0.007723 0.006228
0 0.741546 0.234402 0.011330 0.010384
0 0.345744 0.339238 0.008132 0.007374
0 0.173498 0.337874 0.009035 0.005573
0 0.018337 0.256989 0.012142 0.009559
0 0.991879 0.463856 0.009408 0.005995
0 0.292102 0.514494 0.009020 0.010699
0 0.316670 0.385880 0.009020 0.005663
0 0.616985 0.205511 0.008012 0.006373
0 0.358059 0.587226 0.006703 0.009726
0 0.708750 0.466959 0.012325 0.008972
0 0.554748 0.286408 0.005943 0.004981
0 0.628222 0.249208 0.006948 0.007478
0 0.500552 0.302995 0.010139 0.006949
0 0.792016 0.139160 0.011802 0.009942
0 0.519834 0.351353 0.009792 0.005244
0 0.855576 0.517762 0.008812 0.008309
0 0.960214 0.370313 0.009441 0.005115
0 0.605079 0.510596 0.011363 0.010600
0 0.100610 0.378272 0.010314 0.005376
0 0.558595 0.290473 0.005947 0.004197
0 0.657198 0.495695 0.009865 0.008851
0 0.855735 0.211380 0.013114 0.008786
0 0.327997 0.390206 0.007763 0.004249
0 0.193682 0.185965 0.010121 0.008120
0 0.297604 0.298444 0.007526 0.005008
0 0.755738 0.167691 0.008596 0.008742
0 0.747632 0.248248 0.011747 0.009753
0 0.776354 0.166750 0.007869 0.011231
0 0.794927 0.609563 0.014349 0.011329
0 0.201188 0.449179 0.012749 0.009257
0 0.751469 0.532214 0.014079 0.006828
0 0.572429 0.679065 0.015150 0.009485
0 0.747871 0.421630 0.010055 0.006121
0 0.283101 0.357708 0.008885 0.006557
0 0.604965 0.201641 0.008015 0.009016
0 0.332679 0.729526 0.010490 0.009507
0 0.330314 0.843921 0.013092 0.008687
0 0.744083 0.288639 0.010197 0.007103
0 0.429834 0.410306 0.011078 0.010008
0 0.314150 0.375092 0.008812 0.004910
0 0.072657 0.395895 0.010314 0.007081
0 0.335928 0.754794 0.015526 0.010543
0 0.370166 0.313326 0.006502 0.004564
0 0.700539 0.569146 0.011012 0.009312
0 0.399406 0.677645 0.009178 0.010488
0 0.794836 0.252418 0.013845 0.007708
0 0.141365 0.294197 0.011539 0.008235
0 0.352319 0.257104 0.006553 0.004915
0 0.808648 0.626273 0.012588 0.008495
0 0.256502 0.427170 0.012142 0.008051
0 0.101519 0.717878 0.011714 0.009704
0 0.863505 0.529563 0.005541 0.005853
0 0.497019 0.328210 0.008220 0.006162
0 0.334342 0.836275 0.013092 0.012275
0 0.592025 0.734257 0.010344 0.012566
0 0.256950 0.282782 0.008739 0.006118
0 0.249139 0.642484 0.011363 0.009178
0 0.335241 0.332181 0.008012 0.006373
0 0.364688 0.579851 0.012094 0.007431
0 0.532195 0.293750 0.005596 0.004984
0 0.286948 0.654350 0.010928 0.007648
0 0.490587 0.287851 0.007694 0.006294
0 0.801095 0.639586 0.011078 0.006420
0 0.933392 0.186162 0.011579 0.008876
0 0.856310 0.481497 0.010274 0.009518
0 0.304465 0.318294 0.005464 0.004098
0 0.324075 0.759515 0.014474 0.009600
0 0.579730 0.486612 0.014276 0.007867
0 0.201932 0.468314 0.012379 0.011957
0 0.382231 0.330007 0.003776 0.002360
0 0.746372 0.172644 0.010910 0.010228
0 0.924881 0.412050 0.008702 0.007209
0 0.881237 0.149365 0.012964 0.009290
0 0.237107 0.414855 0.013403 0.008306
0 0.629357 0.286515 0.010563 0.008013
0 0.686853 0.134502 0.012800 0.008495
0 0.587436 0.247623 0.006948 0.006118
0 0.352595 0.641247 0.008743 0.006228
0 0.195503 0.179818 0.005464 0.006905
0 0.972266 0.470440 0.010636 0.008084
0 0.547738 0.604681 0.017661 0.013347
0 0.537948 0.403414 0.007043 0.006467
0 0.330022 0.329859 0.005344 0.004646
0 0.124825 0.345229 0.003845 0.002229
0 0.851698 0.707200 0.010574 0.010008
0 0.541674 0.106794 0.012376 0.008342
0 0.519311 0.337519 0.009090 0.006952
0 0.472880 0.237829 0.006411 0.007977
0 0.252240 0.342924 0.009861 0.006609
0 0.021827 0.279874 0.011835 0.006524
0 0.569370 0.669571 0.013403 0.009723
0 0.125698 0.369224 0.008041 0.006425
0 0.847394 0.513229 0.012083 0.006042
0 0.439879 0.227067 0.006265 0.004589
0 0.105453 0.723701 0.011886 0.009545
0 0.254322 0.235041 0.006678 0.004825
0 0.410069 0.398788 0.009817 0.008498
0 0.597317 0.187392 0.009956 0.007103
0 0.670404 0.223313 0.008498 0.008287
0 0.550572 0.395994 0.007284 0.005644
0 0.502191 0.403734 0.005464 0.004008
0 0.198092 0.433984 0.013092 0.009630
0 0.061904 0.410711 0.012237 0.008391
0 0.389980 0.231371 0.005830 0.006118
0 0.270702 0.640244 0.010490 0.009287
0 0.358763 0.475014 0.011327 0.009819
0 0.616122 0.263932 0.006433 0.004553
0 0.113812 0.358473 0.010490 0.006162
0 0.231740 0.233949 0.010804 0.006828
0 0.045260 0.228215 0.006477 0.008043
0 0.010495 0.291674 0.011232 0.006450
0 0.603249 0.087755 0.010490 0.007396
0 0.715742 0.190503 0.009649 0.005979
0 0.528037 0.091453 0.010278 0.007867
0 0.266042 0.635107 0.006411 0.005137
0 0.576290 0.738289 0.012675 0.009485
0 0.380238 0.327331 0.003567 0.002360
0 0.789158 0.472751 0.011663 0.007536
0 0.041361 0.469323 0.009967 0.007867
0 0.925629 0.315540 0.010344 0.009726
0 0.086301 0.449668 0.006849 0.005027
0 0.166581 0.405138 0.009229 0.007081
0 0.739030 0.191132 0.011751 0.008498
0 0.523633 0.143063 0.011959 0.011329
0 0.982107 0.528335 0.009821 0.007930
0 0.858622 0.699364 0.009817 0.009062
0 0.359313 0.258416 0.004810 0.004260
0 0.295228 0.735833 0.013425 0.008810
0 0.082429 0.345033 0.003673 0.004720
0 0.961336 0.188239 0.014097 0.009630
0 0.457546 0.338581 0.005874 0.005036
0 0.272246 0.294593 0.007577 0.005573
0 0.099929 0.622172 0.013461 0.005112
0 0.857240 0.448203 0.010636 0.008413
0 0.818582 0.251175 0.014686 0.008654
0 0.703006 0.148270 0.007343 0.005822
0 0.020574 0.225218 0.015175 0.009635
0 0.216716 0.385640 0.009441 0.008654
0 0.070102 0.339788 0.008392 0.004981
0 0.665958 0.501042 0.011118 0.009282
0 0.463847 0.228159 0.007577 0.006993
0 0.219304 0.517090 0.010698 0.007081
0 0.189028 0.177655 0.009510 0.008802
0 0.089945 0.366732 0.010665 0.007999
0 0.556923 0.248868 0.006345 0.007703
0 0.721997 0.311335 0.011363 0.009616
0 0.165557 0.338148 0.008015 0.005902
0 0.947264 0.329472 0.011363 0.008961
0 0.257540 0.226436 0.008012 0.007648
0 0.256221 0.287371 0.007573 0.009836
0 0.076394 0.447865 0.011510 0.007538
0 0.516743 0.267334 0.004532 0.003851
0 0.600853 0.500325 0.013403 0.010381
0 0.470658 0.327410 0.003567 0.002834
0 0.810159 0.640056 0.007555 0.009252
0 0.740707 0.206316 0.008812 0.008339
0 0.365563 0.588647 0.008304 0.009942
0 0.248045 0.309487 0.009020 0.009282
0 0.135365 0.240689 0.012442 0.007738
0 0.799154 0.148229 0.009178 0.006447
0 0.147909 0.404116 0.010906 0.006922
0 0.268896 0.312623 0.007865 0.006667
0 0.527716 0.524800 0.012237 0.007977
0 0.370779 0.714382 0.010928 0.009942
0 0.346930 0.896865 0.012588 0.013594
0 0.731897 0.178309 0.009232 0.007396
0 0.689265 0.125297 0.010490 0.007081
0 0.967606 0.407081 0.008092 0.005844
0 0.118967 0.332707 0.007167 0.005244
0 0.298501 0.503008 0.007135 0.008813
0 0.529326 0.406828 0.008257 0.006557
0 0.438205 0.233731 0.006118 0.003279
0 0.206224 0.384002 0.010139 0.009572
0 0.238500 0.289661 0.009229 0.006138
0 0.714201 0.286203 0.008885 0.007867
0 0.952957 0.374967 0.006118 0.005768
0 0.603145 0.140310 0.013637 0.008339
0 0.550731 0.248529 0.008458 0.007930
0 0.553962 0.280244 0.006469 0.004720
0 0.452931 0.369594 0.006711 0.006453
0 0.055331 0.340377 0.004719 0.003539
0 0.833269 0.235243 0.007343 0.006949
0 0.559550 0.501417 0.015592 0.011036
0 0.583006 0.493550 0.015296 0.009507
0 0.915141 0.177383 0.012840 0.010573
0 0.776541 0.466824 0.013052 0.007612
0 0.890779 0.156468 0.014569 0.009942
0 0.868692 0.721833 0.006294 0.007552
0 0.893967 0.558357 0.005537 0.004531
0 0.253600 0.270762 0.008450 0.008087
0 0.464470 0.331972 0.005877 0.003462
0 0.800466 0.617682 0.014353 0.010951
0 0.288803 0.320707 0.009836 0.005647
0 0.674790 0.136155 0.010910 0.008654
0 0.717003 0.298056 0.009444 0.006387
0 0.569366 0.087441 0.013637 0.009285
0 0.075874 0.340902 0.006645 0.005378
0 0.173569 0.333121 0.009470 0.005463
0 0.760546 0.303773 0.009031 0.010491
0 0.030731 0.283479 0.007792 0.005844
0 0.080855 0.327921 0.014159 0.005112
0 0.604686 0.370201 0.008158 0.006796
0 0.547195 0.339157 0.007167 0.007081
0 0.766771 0.531738 0.013490 0.008410
0 0.497579 0.289947 0.011188 0.007081
0 0.105680 0.423880 0.010344 0.007651
0 0.814092 0.310443 0.009616 0.006817
0 0.668182 0.335577 0.011290 0.008561
0 0.243182 0.258743 0.006846 0.005463
0 0.255704 0.183869 0.011736 0.007969
0 0.181844 0.196284 0.008498 0.007815
0 0.713604 0.142370 0.008392 0.006922
0 0.483151 0.225100 0.005680 0.003714
0 0.499675 0.254194 0.006045 0.004759
0 0.355086 0.231425 0.007431 0.004918
0 0.634985 0.216886 0.010219 0.006754
0 0.514295 0.080674 0.010490 0.006453
0 0.119083 0.470920 0.010344 0.010162
0 0.631848 0.225536 0.007993 0.006604
0 0.435937 0.312148 0.007131 0.005979
0 0.343286 0.249947 0.008012 0.005683
0 0.198339 0.350562 0.008885 0.007867
0 0.868944 0.698609 0.010826 0.009816
0 0.265773 0.381395 0.009229 0.008339
0 0.506563 0.402596 0.006678 0.005554
0 0.741128 0.178072 0.007555 0.007552
0 0.124123 0.209126 0.011944 0.007867
0 0.588734 0.569487 0.013637 0.009572
0 0.879415 0.136090 0.012822 0.008742
0 0.339377 0.899698 0.011078 0.014123
0 0.331522 0.720572 0.013008 0.010387
0 0.835850 0.291441 0.010698 0.008654
0 0.383964 0.676279 0.010925 0.008632
0 0.050451 0.440869 0.009265 0.009704
0 0.796431 0.574942 0.009441 0.010883
0 0.325166 0.384306 0.007555 0.006294
0 0.335236 0.383598 0.009653 0.005507
0 0.284550 0.504189 0.007763 0.006765
0 0.718216 0.148192 0.006294 0.005666
0 0.783757 0.565304 0.012763 0.009704
0 0.546221 0.502346 0.012529 0.009178
0 0.026076 0.261617 0.006575 0.009106
0 0.620064 0.254193 0.007555 0.007930
0 0.928675 0.425292 0.008395 0.006072
0 0.841723 0.259734 0.012796 0.009441
0 0.375201 0.360389 0.006923 0.007237
0 0.787014 0.466584 0.007515 0.005691
0 0.852679 0.532018 0.005037 0.004720
0 0.446197 0.411534 0.010574 0.008687
0 0.610577 0.354907 0.006645 0.009742
0 0.273487 0.273823 0.008596 0.008303
0 0.878542 0.128221 0.012529 0.009616
0 0.094002 0.725090 0.009963 0.009704
0 0.345789 0.718289 0.009649 0.009600
0 0.324179 0.770373 0.016363 0.012116
0 0.707882 0.564163 0.008914 0.008522
0 0.524503 0.297094 0.005592 0.005899
0 0.004141 0.269649 0.008282 0.007867
0 0.099212 0.371716 0.011363 0.006689
0 0.430693 0.310731 0.005033 0.005036
0 0.459539 0.356535 0.008180 0.006765
0 0.670563 0.492407 0.014503 0.007714
0 0.535276 0.114112 0.009229 0.007867
0 0.439190 0.389814 0.015735 0.012588
0 0.499633 0.550118 0.008600 0.005981
0 0.530630 0.516113 0.017482 0.009397
0 0.195073 0.268421 0.008392 0.005192
0 0.585616 0.662020 0.013549 0.006338
0 0.014795 0.298503 0.013355 0.008273
0 0.304465 0.309280 0.007891 0.009926
0 0.962922 0.467989 0.010069 0.008495
0 0.566745 0.104120 0.015106 0.010543
0 0.858999 0.720890 0.010073 0.010573
0 0.590347 0.145422 0.006082 0.008498
0 0.374306 0.583621 0.012675 0.007977
0 0.178507 0.186268 0.009711 0.005540
0 0.350716 0.245521 0.006557 0.006009
0 0.348202 0.741340 0.009861 0.010384
0 0.191912 0.206945 0.013048 0.006982
0 0.545137 0.491610 0.013162 0.009613
0 0.530057 0.418484 0.008257 0.005280
0 0.947482 0.516103 0.008012 0.007651
0 0.935099 0.509601 0.008012 0.007103
0 0.897869 0.564400 0.007303 0.006798
0 0.752823 0.428677 0.009178 0.009504
0 0.796608 0.567207 0.010841 0.007999
0 0.969620 0.462353 0.009408 0.007969
0 0.754885 0.549729 0.010793 0.008218
0 0.632829 0.108839 0.012588 0.010858
0 0.498165 0.273905 0.007251 0.005211
0 0.354505 0.263333 0.007138 0.006228
0 0.663690 0.343681 0.011290 0.008377
0 0.370481 0.305617 0.007971 0.004561
0 0.098101 0.425684 0.011217 0.008194
0 0.462242 0.222641 0.006992 0.005354
0 0.453141 0.374471 0.005874 0.005192
0 0.197396 0.388394 0.014163 0.009441
0 0.155287 0.325092 0.007577 0.005354
0 0.206860 0.347611 0.010782 0.007212
0 0.323326 0.253662 0.005972 0.006338
0 0.455764 0.326623 0.010278 0.007237
0 0.610426 0.338254 0.008761 0.007703
0 0.871382 0.256288 0.008041 0.008394
0 0.316407 0.247488 0.008158 0.007322
0 0.292717 0.356889 0.011217 0.006667
0 0.686623 0.304165 0.010051 0.006993
0 0.077902 0.386912 0.008216 0.006686
0 0.674057 0.290056 0.008392 0.005979
0 0.199145 0.217721 0.009510 0.007283
0 0.619719 0.082107 0.009861 0.013215
0 0.348021 0.227437 0.008162 0.006118
0 0.648781 0.276813 0.006919 0.006110
0 0.983785 0.464235 0.009002 0.005691
0 0.885155 0.539570 0.007050 0.006985
0 0.129020 0.348506 0.010841 0.006162
0 0.400938 0.667266 0.011363 0.011362
0 0.783695 0.372977 0.007135 0.006606
0 0.215132 0.432699 0.013114 0.009104
0 0.860082 0.455252 0.009031 0.008087
0 0.745466 0.164193 0.011948 0.006993
0 0.588819 0.656065 0.015300 0.009071
0 0.504960 0.138657 0.010278 0.008810
0 0.310232 0.328084 0.010925 0.004918
0 0.734143 0.531927 0.010625 0.008284
0 0.248388 0.426264 0.008801 0.008651
0 0.355238 0.338638 0.009956 0.006738
0 0.107255 0.321103 0.008216 0.005376
0 0.768924 0.164738 0.007869 0.010271
0 0.596226 0.337348 0.006948 0.006796
0 0.625886 0.556624 0.015559 0.008654
0 0.088129 0.621451 0.013289 0.008391
0 0.161842 0.323616 0.006703 0.004370
0 0.113933 0.724552 0.010665 0.010622
0 0.450735 0.224169 0.010197 0.006228
0 0.367763 0.233721 0.006265 0.005134
0 0.422162 0.586024 0.015735 0.011253
0 0.355364 0.578102 0.010925 0.009180
0 0.955568 0.511842 0.007869 0.005247
0 0.344307 0.243444 0.005391 0.005573
0 0.409052 0.590241 0.016319 0.009507
0 0.693642 0.286652 0.010925 0.009016
0 0.232178 0.196728 0.011433 0.007596
0 0.705630 0.136863 0.011327 0.008495
0 0.402509 0.228858 0.003790 0.003495
0 0.203463 0.335528 0.010069 0.005979
0 0.775618 0.371641 0.009020 0.007081
0 0.800016 0.331882 0.010143 0.008786
0 0.581608 0.731362 0.015154 0.010927
0 0.260592 0.315519 0.010197 0.008522
0 0.865175 0.247045 0.011016 0.007999
0 0.170802 0.364712 0.008885 0.007538
0 0.598774 0.180652 0.007284 0.007829
0 0.782213 0.610280 0.009309 0.007686
0 0.054737 0.426053 0.012588 0.009178
0 0.239234 0.529128 0.008600 0.005351
0 0.112761 0.311859 0.009441 0.007867
0 0.131612 0.471467 0.005680 0.006228
0 0.580559 0.332042 0.009064 0.007741
0 0.937357 0.334008 0.015446 0.009507
0 0.679693 0.228823 0.009591 0.007832
0 0.533090 0.414433 0.007284 0.006283
0 0.563227 0.277688 0.006118 0.005376
0 0.321140 0.246340 0.008304 0.006118
0 0.097569 0.615813 0.015037 0.007607
0 0.849490 0.125010 0.013110 0.011143
0 0.454885 0.224936 0.009762 0.007760
0 0.884582 0.235835 0.010318 0.008654
0 0.806312 0.315359 0.012588 0.007473
0 0.185185 0.180614 0.009916 0.008196
0 0.448317 0.336928 0.005874 0.005507
0 0.623876 0.563703 0.016436 0.007867
0 0.724591 0.294990 0.009108 0.008095
0 0.980850 0.453991 0.008805 0.007056
0 0.569607 0.334590 0.008308 0.008309
0 0.770453 0.173908 0.010051 0.005573
0 0.212167 0.420378 0.011170 0.006557
0 0.277491 0.310055 0.009616 0.004589
0 0.553947 0.490592 0.008341 0.007144
0 0.544417 0.588369 0.015910 0.011146
0 0.138677 0.410096 0.012588 0.007237
0 0.555967 0.670936 0.014280 0.009833
0 0.241961 0.297371 0.009024 0.008339
0 0.728646 0.191132 0.009441 0.007867
0 0.168399 0.344770 0.010490 0.007648
0 0.620917 0.281639 0.011411 0.007549
0 0.346553 0.839485 0.015358 0.013405
0 0.037166 0.476928 0.013812 0.007607
0 0.772566 0.143803 0.012529 0.010052
0 0.604686 0.350376 0.008158 0.008383
0 0.561654 0.293882 0.005420 0.004720
0 0.304984 0.729382 0.014053 0.009756
0 0.691360 0.543512 0.009788 0.007867
0 0.077705 0.479389 0.008012 0.006557
0 0.085523 0.728106 0.010841 0.008914
0 0.349317 0.645947 0.010344 0.009290
0 0.278361 0.387138 0.007555 0.005981
0 0.849030 0.503128 0.009821 0.008120
0 0.251762 0.648110 0.012822 0.006012
0 0.138050 0.374502 0.010069 0.005979
0 0.873268 0.482908 0.010051 0.007977
0 0.181511 0.328107 0.007284 0.006664
0 0.427442 0.384936 0.012800 0.010699
0 0.515552 0.344402 0.009963 0.006294
0 0.287802 0.496715 0.009653 0.008183
0 0.864963 0.437933 0.010051 0.007977
0 0.588907 0.482786 0.009327 0.008961
0 0.243511 0.179052 0.013454 0.008651
0 0.239174 0.267156 0.006411 0.006993
0 0.043721 0.454375 0.012237 0.009178
0 0.885506 0.487660 0.013257 0.008961
0 0.386636 0.313248 0.008812 0.006294
0 0.602571 0.363291 0.010574 0.007026
0 0.479660 0.279459 0.008567 0.008391
0 0.789390 0.627973 0.009817 0.006987
0 0.457436 0.218871 0.009909 0.004370
0 0.246597 0.184818 0.010928 0.006828
0 0.250088 0.631120 0.013838 0.006774
0 0.283611 0.350114 0.006996 0.005792
0 0.535587 0.595713 0.016436 0.010883
0 0.422659 0.401110 0.015106 0.010762
0 0.329560 0.894430 0.013593 0.013026
0 0.494221 0.338109 0.008918 0.004457
0 0.421217 0.596579 0.013260 0.009726
0 0.783056 0.136920 0.013406 0.010052
0 0.114492 0.408475 0.013114 0.008522
0 0.258220 0.393904 0.006294 0.005663
0 0.391394 0.668139 0.009178 0.009616
0 0.620747 0.222538 0.007526 0.006557
0 0.260287 0.639315 0.009762 0.008087
0 0.346564 0.232574 0.007865 0.005027
0 0.608048 0.277314 0.011170 0.007111
0 0.387580 0.373606 0.006506 0.006609
