0 0.334038 0.309492 0.016140 0.024598
0 0.349716 0.308202 0.017755 0.021520
0 0.408172 0.266542 0.012451 0.024905
1 0.441509 0.213927 0.009416 0.018702
0 0.578635 0.256870 0.013980 0.025238
0 0.549827 0.287971 0.014030 0.025110
0 0.574038 0.296809 0.016332 0.020241
0 0.563320 0.319759 0.011584 0.019890
0 0.546269 0.317906 0.011584 0.016184
0 0.533226 0.333247 0.011738 0.021107
0 0.629853 0.402756 0.012453 0.020906
0 0.669707 0.443766 0.015011 0.020018
0 0.586472 0.554636 0.013344 0.024909
0 0.575265 0.561742 0.012009 0.017811
0 0.580595 0.571261 0.010691 0.013004
0 0.547500 0.582043 0.015197 0.023721
0 0.518098 0.589223 0.015614 0.021173
0 0.533376 0.585914 0.015211 0.019890
0 0.464701 0.580101 0.014742 0.022145
0 0.505350 0.515185 0.012355 0.023578
0 0.271905 0.548750 0.008185 0.014313
0 0.312031 0.498432 0.009112 0.013180
1 0.320101 0.500543 0.006563 0.007723
1 0.291606 0.518202 0.008882 0.011323
1 0.291645 0.509965 0.006639 0.005150
0 0.171791 0.459759 0.006856 0.010007
0 0.176513 0.451789 0.007050 0.010625
0 0.159062 0.520731 0.012231 0.013048
0 0.158336 0.508640 0.007681 0.011433
0 0.043289 0.569042 0.009221 0.014371
0 0.068213 0.683596 0.008564 0.014993
0 0.037411 0.693679 0.009674 0.014397
0 0.196923 0.710066 0.011308 0.018173
0 0.217170 0.702962 0.009915 0.018052
0 0.182995 0.735623 0.012141 0.015318
0 0.228729 0.733430 0.010606 0.017833
0 0.246095 0.759702 0.010463 0.016619
0 0.225297 0.778014 0.011308 0.018286
0 0.224253 0.799775 0.009345 0.016371
0 0.220700 0.792003 0.013978 0.018326
0 0.196472 0.821029 0.012484 0.017160
0 0.204518 0.827723 0.011584 0.020249
1 0.211275 0.822617 0.010554 0.014503
0 0.220936 0.863511 0.013522 0.014828
0 0.205495 0.857332 0.009805 0.015855
0 0.207309 0.869019 0.010502 0.020903
0 0.212016 0.867012 0.011593 0.018739
0 0.574492 0.720616 0.014252 0.026261
0 0.668728 0.729728 0.007851 0.013900
1 0.664692 0.725565 0.007015 0.009521
0 0.783738 0.793670 0.011768 0.016930
0 0.681657 0.593306 0.015079 0.032935
0 0.723155 0.617504 0.014545 0.025102
1 0.708265 0.510583 0.018547 0.024375
0 0.484894 0.845789 0.010502 0.016477
1 0.092094 0.984103 0.011064 0.018790
1 0.082655 0.994934 0.011050 0.010132
0 0.083953 0.965283 0.012352 0.018088
0 0.119709 0.931765 0.010674 0.016323
0 0.112537 0.936955 0.010118 0.017807
0 0.055670 0.922102 0.010842 0.014839
0 0.077585 0.941122 0.007056 0.009883
0 0.096972 0.883310 0.008342 0.014455
0 0.091227 0.865517 0.010935 0.019148
1 0.075328 0.887025 0.011160 0.018377
1 0.062865 0.907423 0.010811 0.018121
0 0.061830 0.893359 0.009498 0.014415
0 0.065421 0.883216 0.008956 0.015344
1 0.064105 0.872509 0.012673 0.014726
0 0.059705 0.864633 0.010348 0.017504
0 0.017270 0.851087 0.011678 0.019645
0 0.145454 0.806626 0.010425 0.016484
1 0.135223 0.802765 0.011198 0.016656
0 0.103709 0.801265 0.010735 0.017719
0 0.104618 0.757213 0.011028 0.016817
1 0.144117 0.743518 0.010016 0.015888
1 0.103599 0.589653 0.008328 0.015373
0 0.105266 0.563176 0.005839 0.013099
0 0.112216 0.556318 0.007876 0.015691
0 0.153673 0.171855 0.014572 0.022007
