0 0.543679 0.681179 0.006491 0.008023
0 0.537896 0.686371 0.004838 0.006133
0 0.575955 0.168575 0.006845 0.007551
0 0.342135 0.390334 0.002231 0.003162
0 0.340452 0.393814 0.003416 0.004046
0 0.414857 0.764108 0.009380 0.008428
0 0.459925 0.756195 0.004893 0.007069
0 0.589964 0.626990 0.007544 0.010062
0 0.298231 0.572845 0.005310 0.006137
0 0.437519 0.348841 0.004507 0.005373
0 0.428214 0.965038 0.003468 0.008973
0 0.306549 0.582993 0.004720 0.007237
0 0.562555 0.165506 0.006266 0.008337
0 0.418734 0.933363 0.007341 0.008699
0 0.313867 0.589052 0.003775 0.005194
0 0.775366 0.491407 0.005112 0.004985
0 0.568860 0.631614 0.005302 0.007343
0 0.538638 0.774954 0.005302 0.004894
0 0.629296 0.143556 0.005428 0.008808
0 0.182837 0.354170 0.004079 0.007069
0 0.482274 0.710930 0.007788 0.006232
0 0.740798 0.485375 0.006590 0.009178
0 0.724375 0.476458 0.006393 0.008655
0 0.711069 0.981804 0.003542 0.003805
0 0.549970 0.726721 0.005779 0.010197
0 0.707663 0.760852 0.006088 0.009064
0 0.602200 0.666414 0.005913 0.010058
0 0.256883 0.473428 0.004929 0.005892
0 0.321647 0.454589 0.006096 0.007080
0 0.570796 0.641537 0.005507 0.006524
0 0.676349 0.869444 0.004759 0.007478
0 0.541472 0.709614 0.006458 0.010420
0 0.722329 0.990066 0.005408 0.006425
0 0.332678 0.833032 0.006118 0.009243
0 0.556364 0.158898 0.007081 0.006451
0 0.308120 0.511268 0.003399 0.008158
0 0.473077 0.734987 0.005507 0.008154
0 0.350757 0.463832 0.002950 0.004324
0 0.580674 0.193593 0.005192 0.006608
0 0.750829 0.479673 0.004816 0.005113
0 0.671931 0.871484 0.002717 0.003399
0 0.520785 0.705804 0.005546 0.006923
0 0.574243 0.160705 0.007670 0.006294
0 0.304465 0.504923 0.004929 0.004532
0 0.232412 0.465386 0.004929 0.005662
0 0.417304 0.737460 0.007749 0.011148
0 0.751639 0.632995 0.003893 0.005011
0 0.642433 0.779170 0.003671 0.010058
0 0.186609 0.384896 0.006321 0.008154
0 0.676264 0.876469 0.005269 0.006118
0 0.574258 0.288531 0.003243 0.006601
0 0.463072 0.368874 0.007179 0.006162
0 0.168052 0.361919 0.007135 0.005709
0 0.329711 0.441018 0.003539 0.003542
0 0.688432 0.499667 0.003344 0.004064
0 0.756739 0.654064 0.002558 0.003933
0 0.632484 0.639633 0.009380 0.006524
0 0.757279 0.665537 0.003835 0.003538
0 0.464105 0.909572 0.003056 0.008428
0 0.440158 0.356679 0.005803 0.008520
0 0.398237 0.660243 0.005099 0.005713
0 0.602743 0.189424 0.004482 0.006137
0 0.706643 0.973282 0.005310 0.006425
0 0.601649 0.749534 0.006933 0.006795
0 0.432308 0.445855 0.006420 0.009013
0 0.307140 0.577723 0.003775 0.007083
0 0.750977 0.485835 0.005310 0.006948
0 0.470053 0.374709 0.006001 0.009441
0 0.391917 0.726314 0.006730 0.007343
0 0.345422 0.988149 0.005504 0.007884
0 0.737947 0.474033 0.006787 0.008783
0 0.720049 0.480917 0.004819 0.006820
0 0.498417 0.712535 0.006088 0.007175
0 0.396608 0.731345 0.008769 0.009788
0 0.537109 0.781210 0.003468 0.008699
0 0.747593 0.677272 0.004523 0.003147
0 0.700577 0.511206 0.003835 0.003801
0 0.653180 0.644801 0.007138 0.006524
0 0.766494 0.617060 0.004781 0.005735
0 0.452786 0.716661 0.007749 0.010333
0 0.585748 0.196109 0.005663 0.009755
0 0.444426 0.725362 0.005710 0.008699
0 0.634113 0.644121 0.004487 0.005164
0 0.193032 0.336906 0.006524 0.008973
0 0.606176 0.698770 0.004079 0.005164
0 0.222397 0.377690 0.005304 0.008969
0 0.542086 0.690305 0.005192 0.007708
0 0.450951 0.922350 0.003262 0.006798
0 0.580850 0.836813 0.005707 0.009518
0 0.426176 0.942198 0.007544 0.010603
0 0.711610 0.976954 0.003440 0.004850
0 0.347375 0.385908 0.002371 0.003037
0 0.521760 0.728648 0.008158 0.006798
0 0.197315 0.325216 0.005710 0.008428
0 0.419082 0.351937 0.006420 0.005373
0 0.625132 0.687661 0.005948 0.007931
0 0.436065 0.724819 0.007749 0.010333
0 0.408740 0.764786 0.004893 0.010333
0 0.390388 0.949539 0.005710 0.009518
0 0.591354 0.159841 0.006727 0.006765
0 0.381516 0.684713 0.006321 0.008973
0 0.345844 0.399346 0.003366 0.003165
0 0.345985 0.465735 0.004230 0.004196
0 0.490345 0.700168 0.005241 0.008874
0 0.756582 0.478951 0.006096 0.006294
0 0.684337 0.862420 0.003059 0.004759
0 0.418529 0.941519 0.007749 0.009792
0 0.567941 0.646703 0.005099 0.008699
0 0.437601 0.436067 0.008125 0.008194
0 0.625217 0.678030 0.004759 0.009518
0 0.791701 0.425247 0.005326 0.006107
0 0.336890 0.439772 0.005507 0.004719
0 0.722477 0.997359 0.005902 0.005281
0 0.495059 0.652162 0.005781 0.006451
0 0.374053 0.362029 0.004328 0.005768
0 0.593775 0.150636 0.005192 0.005980
0 0.174681 0.364775 0.005710 0.008702
0 0.533949 0.780665 0.004893 0.008158
0 0.641965 0.658938 0.009583 0.008702
0 0.773939 0.479539 0.005998 0.006425
0 0.597468 0.763808 0.004690 0.005439
0 0.343281 0.467701 0.003344 0.004722
0 0.435600 0.425413 0.006760 0.007829
0 0.427603 0.920990 0.004285 0.010058
0 0.453975 0.360285 0.005899 0.008918
0 0.314322 0.507416 0.004926 0.004532
0 0.650896 0.783547 0.006321 0.008702
0 0.458905 0.726696 0.007344 0.010278
1 0.499874 0.928015 0.003229 0.004985
1 0.589633 0.759333 0.004249 0.005508
1 0.623076 0.953845 0.006288 0.008158
1 0.485424 0.754344 0.003999 0.004719
1 0.577771 0.759962 0.003421 0.005822
1 0.507859 0.896067 0.003569 0.004985
1 0.745784 0.884578 0.006096 0.012197
1 0.577948 0.752330 0.006138 0.005347
