0 0.015546 0.507843 0.021758 0.017303
0 0.399552 0.343387 0.010581 0.010381
0 0.747427 0.668187 0.015826 0.014323
0 0.577356 0.798395 0.011802 0.011779
0 0.453542 0.820743 0.014825 0.013717
0 0.193545 0.675030 0.013034 0.010060
0 0.059580 0.507366 0.013377 0.010005
0 0.436988 0.498520 0.020980 0.022039
0 0.236751 0.227385 0.028545 0.025055
0 0.022643 0.270765 0.019115 0.014501
0 0.583717 0.513651 0.019773 0.017434
0 0.735885 0.471107 0.026316 0.021096
0 0.767873 0.515144 0.024057 0.020743
0 0.636197 0.692400 0.014331 0.013813
0 0.688644 0.667277 0.013575 0.011198
0 0.671402 0.686886 0.013045 0.010515
0 0.667005 0.697231 0.013651 0.010630
0 0.709865 0.693595 0.017361 0.015973
0 0.706378 0.713435 0.013874 0.011546
0 0.329183 0.474945 0.020925 0.017599
0 0.873419 0.426075 0.019711 0.016058
0 0.693587 0.657375 0.013315 0.013226
0 0.089748 0.468007 0.022668 0.016831
0 0.384514 0.762015 0.006798 0.007045
0 0.506597 0.799518 0.020548 0.018991
0 0.095912 0.799678 0.011977 0.009904
0 0.009881 0.610821 0.019580 0.014526
0 0.116685 0.580096 0.016923 0.012286
0 0.844105 0.962518 0.004839 0.004104
0 0.836416 0.942061 0.006093 0.005554
0 0.391550 0.342714 0.011001 0.009359
0 0.359015 0.444944 0.022613 0.020704
0 0.322732 0.446283 0.012284 0.010296
0 0.223989 0.445258 0.026919 0.021288
0 0.223580 0.463913 0.024463 0.019718
0 0.189349 0.338505 0.017946 0.015513
0 0.134216 0.303586 0.013637 0.009485
0 0.128322 0.289302 0.012105 0.010332
0 0.114682 0.281885 0.005789 0.007075
0 0.040881 0.284567 0.017215 0.012555
0 0.274415 0.227921 0.014766 0.011598
0 0.275890 0.252618 0.020311 0.020406
0 0.310861 0.227447 0.014894 0.018320
0 0.339949 0.240946 0.011930 0.015334
0 0.552303 0.240064 0.017317 0.015354
0 0.825464 0.157908 0.021389 0.019644
0 0.623766 0.189640 0.010486 0.008528
0 0.679421 0.160381 0.014178 0.010970
0 0.406193 0.038958 0.014550 0.011458
0 0.300791 0.179020 0.021619 0.019054
0 0.283511 0.141941 0.020822 0.018761
0 0.196572 0.215587 0.025928 0.022511
0 0.083761 0.201612 0.018999 0.015992
0 0.198487 0.161638 0.011528 0.010419
0 0.720433 0.058451 0.017811 0.015422
0 0.632379 0.669291 0.016118 0.014833
0 0.868154 0.882185 0.009020 0.006480
0 0.929649 0.921479 0.007456 0.007640
0 0.882812 0.931132 0.009097 0.007708
0 0.865497 0.983183 0.007003 0.005866
0 0.833344 0.972656 0.005307 0.005757
0 0.753942 0.852292 0.014689 0.013147
0 0.582895 0.845192 0.012281 0.012346
0 0.485627 0.861404 0.008330 0.007900
0 0.502301 0.877260 0.011678 0.007223
0 0.502299 0.871262 0.012741 0.013649
0 0.543977 0.856201 0.014159 0.015044
0 0.534951 0.877950 0.012211 0.011886
0 0.231001 0.687146 0.018187 0.015899
0 0.340870 0.673344 0.026382 0.024556
0 0.462184 0.593405 0.037979 0.033202
0 0.799384 0.749216 0.008023 0.010658
0 0.798847 0.732331 0.011619 0.007958
0 0.770961 0.738015 0.024569 0.015537
0 0.809108 0.784586 0.011550 0.010526
0 0.718099 0.817392 0.012149 0.010101
0 0.529602 0.766372 0.009269 0.008802
0 0.546946 0.759391 0.018863 0.010461
0 0.275577 0.787419 0.010146 0.009427
0 0.267928 0.770106 0.007127 0.009465
0 0.193648 0.716391 0.010124 0.008391
0 0.408324 0.741113 0.007635 0.005757
0 0.552694 0.645840 0.009795 0.007936
0 0.560429 0.640075 0.009689 0.006275
0 0.597783 0.539413 0.008461 0.006584
0 0.927039 0.428098 0.010636 0.007511
0 0.753754 0.286414 0.011747 0.007105
0 0.642383 0.180816 0.009868 0.008490
1 0.828392 0.261504 0.007741 0.011993
1 0.835137 0.261645 0.007738 0.008300
0 0.654322 0.289060 0.013893 0.009709
0 0.160574 0.709664 0.006250 0.004690
0 0.445579 0.732296 0.014258 0.011998
0 0.342184 0.376717 0.018871 0.015348
0 0.419128 0.394430 0.015084 0.011563
0 0.494168 0.404686 0.007891 0.009838
0 0.482027 0.382991 0.008154 0.007429
0 0.219773 0.405226 0.011425 0.009948
0 0.763088 0.493758 0.027113 0.022100
0 0.633573 0.855262 0.013483 0.012119
0 0.416776 0.875970 0.010702 0.009375
0 0.405088 0.869457 0.011711 0.010954
0 0.045314 0.018167 0.074393 0.036335
0 0.833001 0.961598 0.005636 0.005258
0 0.475795 0.754952 0.009638 0.008605
0 0.522016 0.856675 0.004952 0.005044
0 0.906104 0.982870 0.006287 0.004978
0 0.915645 0.980770 0.005947 0.005175
0 0.924351 0.981102 0.007518 0.005132
0 0.268224 0.331716 0.012420 0.011842
0 0.460689 0.765451 0.009324 0.008999
0 0.311817 0.736305 0.019649 0.018914
0 0.168450 0.511275 0.020519 0.014978
0 0.171943 0.394719 0.017679 0.013062
0 0.200910 0.255212 0.016652 0.012892
0 0.165221 0.214681 0.018059 0.013226
0 0.179433 0.209907 0.015102 0.014013
0 0.185857 0.166822 0.017569 0.013753
0 0.496855 0.206975 0.015289 0.011231
0 0.494048 0.213418 0.013074 0.011985
0 0.463533 0.197307 0.010048 0.006066
0 0.474742 0.186080 0.013520 0.011371
0 0.508028 0.199792 0.014624 0.011376
0 0.520870 0.269768 0.024459 0.021691
0 0.370367 0.401789 0.009996 0.006187
0 0.355503 0.402174 0.008191 0.007116
0 0.631307 0.391572 0.015764 0.014444
0 0.116785 0.307068 0.011678 0.010556
0 0.201080 0.315703 0.015369 0.012892
0 0.322354 0.330854 0.009167 0.016779
0 0.353726 0.328399 0.021290 0.019397
0 0.374413 0.641346 0.024317 0.018947
0 0.368293 0.600373 0.017281 0.014380
0 0.108913 0.447822 0.018257 0.014553
0 0.059523 0.470970 0.021217 0.015225
0 0.179671 0.492541 0.013823 0.010784
0 0.184673 0.486198 0.015464 0.012286
0 0.303995 0.480300 0.011374 0.008106
0 0.332065 0.437941 0.016140 0.015005
0 0.331212 0.498788 0.022789 0.018520
0 0.957452 0.545917 0.016827 0.013649
0 0.970775 0.550311 0.017098 0.011801
0 0.861447 0.419598 0.016586 0.009822
0 0.858300 0.472379 0.017025 0.013662
0 0.776919 0.043899 0.020234 0.020008
0 0.741634 0.016930 0.016075 0.014167
0 0.715477 0.073028 0.020084 0.019071
0 0.512410 0.655307 0.024338 0.021453
0 0.610508 0.909334 0.012317 0.012308
0 0.618922 0.864801 0.012171 0.011927
0 0.630384 0.844566 0.012595 0.013917
0 0.782182 0.838843 0.017873 0.016941
0 0.774013 0.822834 0.018129 0.016283
0 0.285296 0.392780 0.012010 0.009781
0 0.139340 0.370193 0.011202 0.007848
0 0.058805 0.317278 0.009744 0.007127
0 0.261252 0.234726 0.014207 0.014030
0 0.995539 0.511589 0.008922 0.012925
0 0.574841 0.171720 0.017014 0.012821
0 0.706365 0.138677 0.013344 0.010781
0 0.408617 0.110990 0.018995 0.009627
0 0.345987 0.023233 0.023077 0.013501
0 0.216117 0.083749 0.020640 0.008945
0 0.065316 0.214116 0.017416 0.016192
0 0.009501 0.232789 0.019002 0.017481
0 0.178304 0.375248 0.009284 0.005513
0 0.212438 0.475334 0.015000 0.010192
0 0.205616 0.404420 0.010895 0.010288
0 0.207283 0.361871 0.018593 0.014613
0 0.158893 0.367640 0.016396 0.009424
0 0.128490 0.375906 0.013860 0.011741
0 0.088629 0.353133 0.016966 0.009194
0 0.076279 0.361195 0.016031 0.010323
0 0.116064 0.374201 0.017558 0.009772
0 0.193606 0.247196 0.011817 0.006299
0 0.672955 0.005694 0.019521 0.009501
0 0.621893 0.015149 0.021418 0.019608
0 0.292069 0.489642 0.010468 0.007963
0 0.323969 0.532556 0.012661 0.008676
0 0.142781 0.728728 0.008370 0.007456
0 0.617357 0.285610 0.012463 0.010063
0 0.598863 0.298155 0.013808 0.010839
0 0.703935 0.379523 0.010874 0.012867
0 0.673196 0.410215 0.017416 0.012821
0 0.603576 0.384300 0.011210 0.011593
0 0.596731 0.388244 0.014770 0.012075
0 0.538942 0.472677 0.009536 0.010085
0 0.633648 0.496760 0.009101 0.010016
0 0.642191 0.496647 0.012109 0.010241
0 0.648666 0.511139 0.012822 0.011538
0 0.491882 0.097662 0.013034 0.014095
0 0.482484 0.097604 0.012277 0.014211
0 0.469984 0.136937 0.017189 0.015074
0 0.482931 0.284268 0.017281 0.009836
0 0.634739 0.301401 0.009931 0.007275
0 0.855069 0.374354 0.009254 0.005918
0 0.866212 0.387145 0.008798 0.005463
0 0.871820 0.410592 0.014861 0.009386
0 0.758443 0.531147 0.015570 0.007579
0 0.706720 0.702122 0.016831 0.013586
0 0.726986 0.530018 0.015998 0.014613
0 0.759934 0.637257 0.016096 0.014537
0 0.508980 0.232215 0.020015 0.017336
0 0.626608 0.341694 0.012646 0.008772
0 0.654039 0.695381 0.013487 0.011924
0 0.302515 0.044345 0.009094 0.007050
0 0.097359 0.319249 0.026736 0.020877
0 0.372707 0.410141 0.010252 0.011478
0 0.190395 0.152533 0.018158 0.014671
0 0.293030 0.162928 0.019934 0.017566
0 0.282412 0.177797 0.022427 0.017475
0 0.361539 0.218100 0.024466 0.021508
0 0.445521 0.158758 0.017416 0.016376
0 0.302162 0.032248 0.021086 0.018509
0 0.424101 0.114524 0.017456 0.014361
0 0.623781 0.115892 0.020640 0.018972
0 0.841213 0.472675 0.017368 0.012730
0 0.828209 0.468712 0.016096 0.012697
0 0.843851 0.428790 0.016371 0.013265
0 0.923355 0.545074 0.013377 0.011749
0 0.958333 0.560990 0.018421 0.014479
0 0.977133 0.563017 0.016985 0.013753
0 0.939075 0.574696 0.016820 0.010718
0 0.953180 0.577316 0.014912 0.010060
0 0.732111 0.620951 0.020720 0.019008
0 0.891614 0.667382 0.026736 0.022155
0 0.786524 0.750699 0.023341 0.022072
0 0.762511 0.805918 0.014985 0.014117
0 0.024804 0.522344 0.020201 0.014309
0 0.863633 0.507878 0.016849 0.013295
0 0.144443 0.164855 0.014105 0.017467
0 0.901179 0.160382 0.018542 0.027634
0 0.709998 0.325925 0.008447 0.005979
0 0.624401 0.276615 0.020373 0.009282
