0 0.610680 0.610677 0.011184 0.009677
0 0.125400 0.809053 0.010420 0.009191
0 0.111791 0.810000 0.009978 0.008240
0 0.124397 0.879412 0.012208 0.010814
0 0.154028 0.868735 0.013684 0.010381
0 0.192442 0.848525 0.009101 0.007209
0 0.118914 0.636358 0.014298 0.011351
0 0.074253 0.623459 0.004645 0.003152
0 0.021005 0.651970 0.006740 0.004855
0 0.262281 0.368694 0.006762 0.005918
0 0.385181 0.484475 0.012569 0.010611
0 0.515669 0.547149 0.007310 0.005784
0 0.505804 0.547048 0.008787 0.007045
0 0.629819 0.716124 0.015325 0.012966
0 0.683834 0.757771 0.012325 0.011003
0 0.564574 0.953755 0.028812 0.022198
0 0.400846 0.849080 0.016144 0.019953
0 0.281111 0.819095 0.011623 0.007697
0 0.287293 0.819892 0.007774 0.008808
0 0.471979 0.874831 0.016612 0.010759
0 0.682259 0.660380 0.009474 0.007815
0 0.745870 0.644952 0.012127 0.010809
0 0.550777 0.490291 0.012789 0.012122
0 0.679739 0.496517 0.011407 0.009350
0 0.623571 0.418769 0.009247 0.008827
0 0.529317 0.157363 0.008553 0.007977
0 0.459110 0.348947 0.007036 0.005811
0 0.462299 0.344698 0.007310 0.004825
0 0.100106 0.406767 0.006864 0.006077
0 0.210362 0.596793 0.008151 0.006360
0 0.373485 0.934973 0.011999 0.007012
0 0.532876 0.750957 0.016265 0.011650
0 0.285062 0.739076 0.008268 0.011294
0 0.260122 0.702749 0.011422 0.010269
0 0.304466 0.715829 0.016053 0.010661
0 0.232988 0.570733 0.014295 0.011269
0 0.005221 0.618532 0.006656 0.003786
0 0.367754 0.267419 0.007423 0.007185
0 0.446287 0.172500 0.004064 0.003684
0 0.564035 0.312937 0.009167 0.005891
0 0.414227 0.373725 0.007065 0.005000
0 0.420543 0.371883 0.005837 0.004539
0 0.729152 0.865684 0.025322 0.024071
0 0.654285 0.825740 0.027284 0.019655
0 0.748414 0.809250 0.017354 0.017925
0 0.753653 0.785800 0.017789 0.023410
0 0.927021 0.795208 0.015007 0.011732
0 0.938754 0.519049 0.014020 0.010658
0 0.764159 0.574701 0.009430 0.008279
0 0.586126 0.613856 0.014108 0.012634
0 0.546455 0.648742 0.016988 0.012177
0 0.555329 0.638938 0.014905 0.011708
0 0.295808 0.666957 0.014342 0.011743
0 0.187639 0.696113 0.011418 0.010263
0 0.312308 0.921497 0.017189 0.013037
0 0.317948 0.928492 0.012094 0.010367
0 0.697834 0.947270 0.015735 0.012484
0 0.887458 0.951376 0.015691 0.012341
0 0.965281 0.979263 0.012588 0.008761
0 0.993324 0.981709 0.012204 0.010913
0 0.887392 0.921919 0.007270 0.011705
0 0.956954 0.599305 0.015618 0.008413
0 0.891372 0.405382 0.008951 0.007897
0 0.836151 0.383427 0.008816 0.008553
0 0.410387 0.128098 0.003618 0.003591
0 0.415139 0.137007 0.004642 0.003920
0 0.409201 0.138405 0.003878 0.003427
0 0.412654 0.140296 0.003838 0.003427
0 0.385936 0.139871 0.003984 0.003015
0 0.279185 0.197862 0.003984 0.003783
0 0.327993 0.192263 0.004737 0.003978
0 0.388554 0.227993 0.005157 0.004002
0 0.361890 0.212579 0.004459 0.003344
0 0.518439 0.333457 0.009539 0.008635
0 0.529748 0.326447 0.008918 0.008361
0 0.557138 0.321890 0.009020 0.008873
0 0.420082 0.392789 0.009565 0.006647
0 0.333028 0.383141 0.008732 0.005976
0 0.071100 0.409652 0.008699 0.005866
0 0.025144 0.443624 0.007862 0.005016
0 0.106347 0.505175 0.008410 0.005921
0 0.016290 0.635766 0.007237 0.005984
0 0.023176 0.636423 0.007237 0.005066
0 0.558516 0.346368 0.007602 0.005455
0 0.552301 0.348739 0.007672 0.005757
0 0.850733 0.227242 0.011444 0.008306
0 0.536148 0.320683 0.008553 0.006606
0 0.696541 0.644156 0.014280 0.012544
0 0.573964 0.242363 0.008410 0.008580
0 0.196844 0.916721 0.011261 0.011053
0 0.428679 0.373258 0.006758 0.005014
0 0.508421 0.822203 0.016674 0.013829
0 0.484317 0.778043 0.012917 0.013158
0 0.911034 0.794990 0.019817 0.016900
0 0.259326 0.619365 0.015333 0.008161
1 0.918925 0.569494 0.017288 0.011017
1 0.915291 0.558549 0.012021 0.006790
0 0.731734 0.464091 0.014850 0.009783
0 0.315428 0.389105 0.006440 0.006225
0 0.315660 0.384700 0.006181 0.004833
0 0.698074 0.350580 0.009642 0.006763
0 0.828984 0.349282 0.008757 0.008887
0 0.771696 0.285106 0.008465 0.007601
0 0.332632 0.227819 0.005563 0.003868
0 0.406084 0.197743 0.005837 0.005540
1 0.104159 0.740022 0.014825 0.011316
0 0.318037 0.501812 0.011433 0.008174
0 0.360506 0.537268 0.010260 0.006171
0 0.368406 0.538632 0.008560 0.007133
0 0.411517 0.544200 0.006528 0.004808
0 0.492898 0.506896 0.007858 0.006538
0 0.560795 0.504811 0.006955 0.007149
0 0.567005 0.507168 0.007628 0.007303
0 0.663693 0.481704 0.013001 0.009948
0 0.854211 0.422915 0.012705 0.009613
0 0.859161 0.453890 0.011159 0.009370
0 0.865417 0.463109 0.010607 0.008503
0 0.888065 0.423990 0.010515 0.007470
0 0.701780 0.383792 0.006827 0.005397
0 0.827509 0.223300 0.009375 0.009134
0 0.971086 0.152171 0.005687 0.004868
0 0.997023 0.149555 0.005501 0.005195
0 0.658118 0.099624 0.009898 0.009430
0 0.679574 0.155596 0.011539 0.010666
0 0.761910 0.287090 0.008344 0.007059
0 0.690183 0.268544 0.008370 0.007116
0 0.592493 0.319853 0.008728 0.005874
0 0.537825 0.326861 0.008904 0.006552
0 0.517440 0.313877 0.009075 0.009416
0 0.517564 0.326013 0.009017 0.006247
0 0.364967 0.282141 0.008099 0.007281
0 0.284258 0.300984 0.007712 0.006716
0 0.300870 0.295145 0.006213 0.005784
0 0.004859 0.435548 0.007950 0.006201
0 0.161822 0.476103 0.007058 0.004663
0 0.156215 0.477919 0.008162 0.006162
0 0.100731 0.502382 0.006754 0.005329
0 0.085431 0.478480 0.008640 0.008117
0 0.076058 0.476317 0.005450 0.005156
0 0.082961 0.422614 0.007054 0.005376
0 0.077588 0.424409 0.007931 0.005836
0 0.123165 0.648495 0.014167 0.009836
0 0.203596 0.674645 0.013882 0.009723
0 0.189770 0.672728 0.013633 0.008525
0 0.131042 0.760424 0.010870 0.008056
0 0.159189 0.798661 0.010080 0.008583
0 0.170143 0.797751 0.008034 0.005173
0 0.146760 0.822819 0.011144 0.008583
0 0.151118 0.839105 0.010307 0.008753
0 0.219415 0.870639 0.013004 0.007237
0 0.195042 0.885066 0.010640 0.010033
0 0.103768 0.968847 0.013238 0.013369
0 0.682946 0.861957 0.027646 0.021118
0 0.710316 0.873448 0.024243 0.016601
0 0.785640 0.912896 0.016104 0.012695
0 0.838946 0.904041 0.011371 0.011025
0 0.200961 0.905751 0.008779 0.007484
0 0.208067 0.914278 0.008969 0.009948
0 0.144624 0.800817 0.009525 0.006557
0 0.256237 0.827427 0.011173 0.007793
0 0.264011 0.905144 0.014470 0.012618
0 0.433533 0.993649 0.025800 0.012703
0 0.581517 0.688599 0.012887 0.011705
0 0.564216 0.592124 0.015552 0.011255
0 0.570707 0.490711 0.006188 0.005924
0 0.632226 0.417688 0.009327 0.007843
0 0.628492 0.434818 0.008717 0.009444
0 0.447703 0.287954 0.008052 0.007344
0 0.455097 0.288764 0.006107 0.007144
0 0.360362 0.357215 0.007200 0.006014
0 0.324600 0.374637 0.007920 0.005935
0 0.197988 0.582222 0.006824 0.005831
0 0.190978 0.575826 0.006444 0.005074
0 0.294589 0.591946 0.010990 0.010285
0 0.314318 0.651258 0.011224 0.010005
0 0.364379 0.640145 0.012968 0.013130
0 0.316524 0.709189 0.008494 0.008136
0 0.358929 0.700662 0.011455 0.010293
0 0.326226 0.694041 0.008951 0.009556
0 0.309806 0.672462 0.007522 0.005685
0 0.274784 0.685913 0.014028 0.010137
0 0.261868 0.693517 0.015607 0.009616
0 0.277507 0.738601 0.015563 0.011664
0 0.290013 0.731609 0.012745 0.010779
0 0.280782 0.727789 0.010833 0.009822
0 0.902356 0.839837 0.017679 0.015321
0 0.937913 0.819112 0.017551 0.013750
0 0.724072 0.560791 0.008787 0.009427
0 0.733512 0.559345 0.011374 0.008810
0 0.768533 0.539474 0.007270 0.007248
0 0.763090 0.530958 0.014280 0.012042
0 0.505557 0.509859 0.010267 0.006631
0 0.490859 0.426439 0.009320 0.009611
0 0.527120 0.394831 0.004678 0.004268
0 0.570482 0.311194 0.008640 0.007930
0 0.152346 0.707963 0.006594 0.009677
0 0.769697 0.806942 0.015936 0.014323
0 0.821634 0.470777 0.010234 0.006395
0 0.812728 0.464618 0.011495 0.005732
0 0.780771 0.450313 0.005307 0.008383
0 0.793383 0.455366 0.007789 0.009241
0 0.854351 0.367419 0.008425 0.007854
0 0.412882 0.158007 0.004865 0.004633
0 0.412496 0.153306 0.003363 0.003344
0 0.415711 0.154127 0.004390 0.003073
0 0.423825 0.153688 0.004170 0.003566
0 0.481447 0.182485 0.004276 0.004060
0 0.725965 0.190837 0.007200 0.007333
0 0.740969 0.209648 0.010015 0.010118
0 0.884220 0.374592 0.010179 0.010334
0 0.915828 0.425905 0.008768 0.005543
1 0.916402 0.613056 0.009017 0.009101
0 0.616729 0.636371 0.011696 0.010718
0 0.823516 0.753078 0.008947 0.006486
0 0.913487 0.870643 0.014028 0.011894
0 0.907266 0.880803 0.018260 0.013931
0 0.267891 0.757936 0.015095 0.009019
0 0.113472 0.733672 0.012632 0.010935
0 0.313688 0.633306 0.009218 0.011184
0 0.380113 0.622399 0.011499 0.009759
0 0.425510 0.633835 0.008849 0.007061
0 0.444804 0.630232 0.010048 0.008490
0 0.495044 0.659272 0.012354 0.008698
