0 0.313904 0.262238 0.015584 0.013916
0 0.780782 0.446900 0.018392 0.009226
0 0.234080 0.240655 0.018381 0.007078
0 0.764306 0.449087 0.018447 0.007937
1 0.317993 0.274115 0.012087 0.007793
0 0.687062 0.018492 0.026239 0.013274
0 0.693230 0.029840 0.021812 0.011694
0 0.706922 0.021649 0.015088 0.009821
0 0.670457 0.020038 0.024670 0.011044
0 0.494169 0.258158 0.025738 0.012403
0 0.461583 0.292403 0.015347 0.006845
0 0.600829 0.024063 0.023376 0.012857
0 0.358819 0.028781 0.016514 0.008599
0 0.357861 0.097424 0.020380 0.007374
0 0.073673 0.128008 0.010606 0.006146
0 0.481247 0.297893 0.022219 0.009625
0 0.445041 0.292794 0.019477 0.007691
0 0.467519 0.296673 0.013640 0.005563
0 0.444760 0.254652 0.021746 0.011575
0 0.471572 0.259772 0.019521 0.009127
0 0.161751 0.762628 0.029405 0.012522
0 0.775765 0.425401 0.019460 0.008579
1 0.285760 0.305012 0.009295 0.006503
