0 0.859802 0.473429 0.010407 0.017315
0 0.990041 0.402738 0.012116 0.016865
0 0.909188 0.572156 0.017646 0.015384
0 0.778599 0.920188 0.014296 0.017004
0 0.679218 0.948555 0.016868 0.025245
0 0.568192 0.683896 0.005828 0.009921
0 0.557220 0.672611 0.007495 0.012616
0 0.598400 0.658730 0.004936 0.009061
0 0.574095 0.684641 0.003795 0.008628
0 0.394656 0.409752 0.007939 0.009425
0 0.145143 0.533697 0.015325 0.020635
0 0.156990 0.541361 0.008916 0.018343
0 0.220109 0.490956 0.014142 0.021290
0 0.607863 0.051556 0.004973 0.006948
0 0.633406 0.058231 0.004566 0.005522
0 0.559371 0.064385 0.004288 0.006197
0 0.620660 0.211210 0.005605 0.008201
0 0.619483 0.236181 0.008678 0.014147
0 0.594787 0.272414 0.006815 0.010833
0 0.583095 0.244471 0.010387 0.016349
0 0.547360 0.387467 0.008906 0.013922
0 0.541074 0.388542 0.009226 0.011177
0 0.521453 0.419795 0.008631 0.011230
0 0.506977 0.627318 0.009648 0.013194
0 0.486119 0.645281 0.008695 0.013261
0 0.387405 0.738538 0.006848 0.009094
0 0.470942 0.639355 0.008309 0.015146
0 0.531882 0.576520 0.007168 0.009659
0 0.381917 0.480618 0.006151 0.011144
0 0.423523 0.990939 0.010553 0.018122
0 0.449062 0.379907 0.008750 0.008730
0 0.416302 0.401222 0.008001 0.011524
0 0.409596 0.562275 0.011255 0.017526
0 0.355233 0.729861 0.007391 0.011310
0 0.529539 0.383879 0.009921 0.016766
0 0.519395 0.388848 0.010268 0.017166
0 0.307506 0.865160 0.014467 0.018350
1 0.812870 0.279416 0.010977 0.013714
0 0.759431 0.042758 0.004194 0.006515
0 0.720403 0.006660 0.007904 0.013247
0 0.717665 0.135397 0.005107 0.009570
0 0.991427 0.384745 0.012815 0.014921
0 0.277143 0.485569 0.014077 0.031224
0 0.208827 0.554071 0.009430 0.023591
0 0.213937 0.537720 0.017870 0.014825
0 0.551145 0.580866 0.010538 0.009881
0 0.904633 0.517460 0.019559 0.026362
0 0.994024 0.542085 0.011952 0.019077
0 0.981563 0.549610 0.017951 0.023228
0 0.577750 0.599967 0.005863 0.010317
0 0.898375 0.697578 0.011999 0.011141
0 0.849002 0.673047 0.010444 0.015982
0 0.313678 0.524521 0.004985 0.007903
0 0.488814 0.670255 0.013294 0.015708
0 0.533160 0.424031 0.009821 0.013075
0 0.851930 0.374530 0.013606 0.018142
0 0.431277 0.715728 0.008557 0.014352
0 0.431228 0.726640 0.007812 0.010317
0 0.491902 0.814038 0.010888 0.019478
0 0.927755 0.212480 0.012297 0.016316
0 0.774194 0.269676 0.009846 0.012897
0 0.666443 0.285632 0.012401 0.018221
0 0.607775 0.564782 0.007118 0.010119
0 0.473586 0.591551 0.006250 0.008631
0 0.417489 0.545367 0.009149 0.015642
0 0.436512 0.219679 0.005533 0.008234
0 0.607719 0.009654 0.005092 0.007979
0 0.610112 0.097684 0.005680 0.008601
0 0.655861 0.147335 0.007391 0.012930
0 0.656386 0.071048 0.005828 0.009921
0 0.701525 0.046214 0.005531 0.008366
0 0.787996 0.317841 0.009325 0.011475
0 0.696131 0.319081 0.008581 0.011310
0 0.500174 0.428337 0.010615 0.015046
0 0.257688 0.550711 0.011558 0.014848
0 0.140933 0.553442 0.016920 0.022698
0 0.226627 0.547743 0.018204 0.026101
0 0.311503 0.705284 0.011101 0.016680
0 0.120310 0.801875 0.007788 0.009392
0 0.085169 0.806630 0.009474 0.013393
0 0.781691 0.428942 0.013125 0.018016
0 0.868080 0.424454 0.010665 0.012401
0 0.839969 0.473502 0.016714 0.025919
0 0.753628 0.516743 0.014107 0.019762
0 0.597421 0.432143 0.011161 0.017394
0 0.516441 0.480455 0.010640 0.016273
0 0.544495 0.483031 0.010201 0.016888
0 0.377081 0.411604 0.021647 0.031481
0 0.868043 0.168869 0.011285 0.015780
0 0.993191 0.193986 0.013003 0.015142
0 0.983827 0.295007 0.012049 0.016303
0 0.940885 0.567477 0.008457 0.012070
0 0.917563 0.670256 0.010241 0.014719
0 0.878671 0.668370 0.011508 0.016435
0 0.810148 0.740437 0.014110 0.016627
0 0.800308 0.744597 0.013988 0.016310
0 0.461336 0.903638 0.012180 0.019775
0 0.602068 0.807288 0.012049 0.018995
0 0.478171 0.936524 0.011332 0.018009
0 0.445692 0.962214 0.014112 0.021763
0 0.506989 0.898942 0.015565 0.022302
0 0.526336 0.841009 0.011639 0.017983
0 0.430015 0.779580 0.010923 0.018485
0 0.211164 0.884721 0.016466 0.018667
0 0.956238 0.919130 0.013914 0.016501
0 0.961670 0.803725 0.006818 0.008899
0 0.809463 0.818686 0.011758 0.015678
0 0.772499 0.551146 0.013852 0.020281
0 0.206194 0.729144 0.011049 0.015298
0 0.283120 0.701903 0.011463 0.012536
0 0.280683 0.752082 0.009516 0.008237
0 0.286833 0.742103 0.008457 0.008161
0 0.301467 0.742622 0.006009 0.006825
0 0.307922 0.744291 0.008681 0.008085
0 0.280764 0.767065 0.010243 0.011359
0 0.308366 0.782386 0.009687 0.012173
0 0.300438 0.787245 0.010851 0.014907
0 0.140358 0.630475 0.015866 0.026154
0 0.089106 0.640668 0.018559 0.023459
0 0.622154 0.086847 0.007512 0.009282
0 0.960959 0.120673 0.009348 0.013800
0 0.967903 0.135364 0.009883 0.014868
0 0.867664 0.177907 0.010858 0.010873
0 0.934635 0.452133 0.009251 0.012070
0 0.846434 0.838910 0.011017 0.015499
0 0.834714 0.852351 0.009214 0.011217
0 0.848290 0.697912 0.006972 0.008654
0 0.911202 0.673485 0.007790 0.014319
0 0.903442 0.680906 0.011181 0.013280
0 0.686602 0.481308 0.007743 0.009646
0 0.712808 0.500587 0.009960 0.014091
0 0.715619 0.515274 0.010017 0.015284
0 0.728916 0.554631 0.005942 0.010771
0 0.734885 0.650600 0.009750 0.013442
0 0.716956 0.662621 0.010082 0.018608
0 0.508447 0.734924 0.009955 0.011131
0 0.723539 0.989674 0.012416 0.013356
0 0.741001 0.955286 0.011133 0.012021
0 0.916399 0.925073 0.013552 0.019616
0 0.794441 0.827569 0.011634 0.016025
0 0.772657 0.841033 0.009412 0.014487
0 0.846430 0.874038 0.008013 0.010767
0 0.825424 0.876749 0.010407 0.016323
0 0.789893 0.955260 0.012212 0.015268
0 0.524664 0.939645 0.015915 0.015136
0 0.220502 0.836784 0.008857 0.011432
0 0.314113 0.909967 0.013400 0.015086
0 0.300387 0.910635 0.012009 0.017804
0 0.290531 0.995116 0.008864 0.009769
0 0.238676 0.880384 0.017029 0.022890
0 0.464298 0.784319 0.010308 0.014319
0 0.458188 0.792794 0.010429 0.012507
0 0.408382 0.922240 0.010513 0.009097
0 0.433663 0.215658 0.005313 0.008287
0 0.433189 0.366858 0.008487 0.013168
0 0.409298 0.470003 0.008209 0.012507
0 0.452194 0.523834 0.010756 0.017087
0 0.417443 0.651571 0.006647 0.008571
0 0.392610 0.640314 0.006858 0.007427
0 0.391539 0.647145 0.009085 0.011829
0 0.389224 0.654089 0.009514 0.014864
0 0.804859 0.608714 0.008571 0.012513
0 0.824529 0.611777 0.008036 0.008621
0 0.712653 0.729985 0.010285 0.013509
0 0.841869 0.759053 0.013633 0.015632
0 0.830501 0.763236 0.006840 0.008092
0 0.829008 0.770402 0.010337 0.017761
0 0.818843 0.769388 0.011466 0.015284
0 0.851636 0.787459 0.011466 0.016353
0 0.920833 0.342717 0.008358 0.014858
0 0.978594 0.315002 0.010184 0.014071
0 0.934495 0.940190 0.012989 0.015896
0 0.193273 0.964697 0.008743 0.021200
0 0.958321 0.976376 0.012475 0.017434
0 0.995511 0.439087 0.008978 0.014352
0 0.107974 0.700926 0.015055 0.024339
0 0.658743 0.381635 0.014360 0.018343
1 0.116926 0.786587 0.011362 0.013849
0 0.325241 0.655202 0.006121 0.008366
0 0.414983 0.641652 0.008100 0.011141
0 0.457047 0.573988 0.005608 0.010046
0 0.482738 0.518272 0.009107 0.009904
0 0.454856 0.552718 0.004787 0.009689
0 0.463165 0.554289 0.006176 0.006415
0 0.435732 0.286878 0.007073 0.008003
0 0.556342 0.154276 0.006255 0.008399
0 0.808661 0.173355 0.008829 0.006577
0 0.645685 0.182381 0.008095 0.012302
0 0.757001 0.225660 0.005918 0.007616
0 0.821039 0.199957 0.008745 0.016435
0 0.865086 0.212789 0.006634 0.008099
0 0.362140 0.501270 0.004375 0.009960
0 0.377840 0.489603 0.008274 0.012659
0 0.402712 0.420658 0.006749 0.005060
0 0.426865 0.415317 0.005109 0.008565
0 0.348723 0.950261 0.007356 0.011938
0 0.421014 0.877202 0.012103 0.020159
0 0.399377 0.720964 0.006473 0.011663
0 0.422821 0.701782 0.008872 0.012341
0 0.399397 0.682667 0.005327 0.014646
0 0.313052 0.607383 0.007974 0.007325
0 0.612259 0.534934 0.007262 0.012381
0 0.617483 0.528168 0.007530 0.009008
0 0.546873 0.487574 0.014504 0.014269
0 0.544195 0.475779 0.009973 0.006319
0 0.409080 0.403710 0.006250 0.008862
0 0.411455 0.391473 0.009000 0.013237
0 0.609661 0.223358 0.006868 0.011134
0 0.612377 0.219752 0.006987 0.014120
0 0.625882 0.164228 0.004844 0.006571
0 0.656054 0.160208 0.003100 0.009193
0 0.653537 0.162755 0.004861 0.007672
0 0.584797 0.040685 0.004712 0.009557
0 0.594859 0.048277 0.003844 0.006382
0 0.552636 0.070370 0.004687 0.006647
0 0.448641 0.138026 0.004266 0.007837
0 0.561066 0.295025 0.005630 0.007146
0 0.571741 0.323072 0.005595 0.007738
0 0.639339 0.344292 0.006704 0.011283
0 0.582813 0.381463 0.009732 0.009944
0 0.600546 0.417300 0.007976 0.011657
0 0.597274 0.406265 0.009524 0.012860
0 0.639218 0.433242 0.008336 0.008614
0 0.733916 0.455271 0.006687 0.019537
0 0.778677 0.419664 0.012894 0.014712
0 0.844591 0.292483 0.012887 0.012837
0 0.832520 0.249101 0.009177 0.013433
0 0.972498 0.040959 0.011488 0.017262
1 0.967661 0.047011 0.011458 0.006667
0 0.283000 0.560114 0.006000 0.012801
0 0.241136 0.601854 0.009821 0.012477
0 0.703212 0.055159 0.005084 0.008333
0 0.717093 0.069878 0.005779 0.008697
0 0.786734 0.031181 0.004092 0.006845
0 0.828005 0.228571 0.010072 0.013241
0 0.829256 0.236448 0.008571 0.011190
0 0.649529 0.360797 0.008482 0.011806
0 0.529988 0.456650 0.010213 0.015761
0 0.447364 0.390294 0.007366 0.010582
0 0.439948 0.394659 0.007515 0.010251
0 0.343714 0.797821 0.012001 0.017712
0 0.223289 0.855051 0.010992 0.013826
0 0.224215 0.889653 0.014571 0.020324
0 0.115957 0.988590 0.011920 0.019600
0 0.483760 0.944542 0.011979 0.018853
0 0.496772 0.910273 0.010429 0.018595
0 0.474437 0.712715 0.012728 0.020800
0 0.445809 0.687326 0.011270 0.016055
0 0.476311 0.676577 0.011143 0.017374
0 0.559371 0.596025 0.005350 0.008069
0 0.814224 0.796465 0.012550 0.017004
0 0.886194 0.829873 0.011109 0.015188
0 0.909883 0.865658 0.007912 0.014451
0 0.915536 0.850828 0.011493 0.016472
0 0.968197 0.956176 0.009211 0.019269
0 0.855919 0.868857 0.009551 0.013198
0 0.799520 0.775640 0.011575 0.011544
0 0.816004 0.613414 0.010541 0.014805
0 0.821564 0.647636 0.010434 0.014001
0 0.951006 0.631443 0.020216 0.024487
0 0.884370 0.507397 0.018968 0.024392
0 0.869205 0.455542 0.015543 0.020298
0 0.797424 0.414284 0.014516 0.017609
0 0.730929 0.343213 0.012527 0.014210
0 0.742343 0.344324 0.010836 0.011114
0 0.482884 0.240377 0.008507 0.012533
0 0.442398 0.338664 0.007937 0.009755
0 0.282811 0.506716 0.019501 0.023399
0 0.297321 0.492068 0.013973 0.031485
0 0.274115 0.513983 0.018130 0.026974
0 0.217701 0.554354 0.018686 0.026571
0 0.232484 0.532870 0.016629 0.019663
0 0.639790 0.011680 0.005062 0.008115
0 0.755858 0.048654 0.005099 0.006521
0 0.975857 0.197421 0.013460 0.016548
0 0.973227 0.182411 0.011285 0.016673
0 0.936993 0.218600 0.011282 0.017146
0 0.920164 0.216538 0.008869 0.015913
0 0.892858 0.179858 0.006476 0.014173
0 0.898259 0.186943 0.011533 0.016114
0 0.908544 0.177745 0.010332 0.016343
0 0.897758 0.173512 0.006339 0.011071
0 0.860931 0.160868 0.011401 0.017087
0 0.574025 0.413254 0.010089 0.014325
0 0.530074 0.357512 0.011682 0.016855
0 0.506885 0.393707 0.009077 0.013175
0 0.508383 0.416898 0.009474 0.012765
0 0.572879 0.538690 0.005432 0.007606
0 0.409373 0.984157 0.013358 0.016958
0 0.405588 0.995103 0.010858 0.009795
0 0.323268 0.981035 0.015727 0.026971
0 0.338203 0.971892 0.009000 0.020456
0 0.286860 0.951935 0.011558 0.016435
0 0.222758 0.926181 0.013750 0.017910
0 0.313201 0.851720 0.014194 0.017758
0 0.321181 0.842196 0.011161 0.015873
0 0.333549 0.795615 0.011042 0.017063
0 0.340601 0.802345 0.010270 0.012665
0 0.357267 0.700370 0.008953 0.013988
0 0.364869 0.697508 0.010119 0.010784
0 0.366362 0.683803 0.006190 0.008492
0 0.367708 0.631248 0.009395 0.013667
0 0.382316 0.580456 0.010764 0.016667
0 0.402641 0.572272 0.009102 0.009160
0 0.047305 0.644272 0.016391 0.019762
0 0.348720 0.933806 0.015382 0.019954
0 0.452011 0.847487 0.012822 0.020430
0 0.407773 0.682350 0.013328 0.012569
0 0.500417 0.673343 0.011071 0.016766
0 0.465668 0.479621 0.010181 0.011670
0 0.538504 0.502760 0.006151 0.007278
0 0.584363 0.290873 0.006771 0.008730
0 0.584286 0.304534 0.005853 0.008929
0 0.624532 0.359944 0.008286 0.011396
0 0.656853 0.480428 0.006399 0.008138
0 0.745809 0.559674 0.009286 0.012477
0 0.735676 0.484077 0.009750 0.009755
