0 0.965885 0.594598 0.007465 0.008641
0 0.731858 0.847269 0.011096 0.017295
0 0.737817 0.855202 0.009950 0.015582
0 0.746146 0.876835 0.006716 0.016832
0 0.956189 0.983433 0.012929 0.018512
0 0.863058 0.492192 0.004291 0.005060
0 0.859338 0.489276 0.004489 0.005575
0 0.948053 0.425875 0.007361 0.008714
0 0.980217 0.397634 0.008147 0.009428
0 0.997173 0.044099 0.005655 0.010017
0 0.658371 0.199603 0.002902 0.004894
0 0.658018 0.190959 0.003249 0.005291
0 0.670159 0.190479 0.002778 0.004398
0 0.633992 0.187393 0.003698 0.005823
0 0.632108 0.183492 0.003547 0.006349
0 0.608435 0.141230 0.003175 0.004233
0 0.592560 0.181713 0.003026 0.004497
0 0.604239 0.209666 0.002778 0.004927
0 0.602354 0.210013 0.002282 0.005225
0 0.591094 0.217851 0.003274 0.004960
0 0.584968 0.214575 0.002480 0.004435
0 0.561607 0.199329 0.002803 0.005721
0 0.545412 0.201245 0.002455 0.004798
0 0.553447 0.195045 0.001563 0.003046
0 0.417929 0.208528 0.012892 0.020251
0 0.309239 0.227123 0.008437 0.013644
0 0.159430 0.474704 0.012738 0.022708
0 0.277727 0.455422 0.014878 0.024276
0 0.323182 0.565245 0.012406 0.023214
0 0.394014 0.570565 0.012646 0.020112
0 0.255265 0.667927 0.015491 0.023287
0 0.233419 0.645008 0.012651 0.021558
0 0.194463 0.685289 0.006575 0.009765
0 0.188821 0.698052 0.007502 0.011290
0 0.130009 0.698528 0.010548 0.013102
0 0.018326 0.742545 0.007971 0.008853
0 0.256564 0.901992 0.009754 0.018958
0 0.247560 0.902316 0.008492 0.015711
0 0.315057 0.855789 0.004613 0.006379
0 0.319035 0.855127 0.004638 0.006915
0 0.312190 0.956349 0.009896 0.015146
0 0.219395 0.953955 0.007391 0.015708
0 0.612696 0.780632 0.007778 0.011435
0 0.613619 0.759525 0.010868 0.014481
0 0.667752 0.976242 0.010394 0.014957
0 0.928207 0.917930 0.010868 0.011528
0 0.764572 0.840552 0.010682 0.012427
0 0.784382 0.843515 0.011548 0.010119
0 0.764169 0.772966 0.009727 0.014226
0 0.781813 0.886837 0.008313 0.010579
0 0.132852 0.662951 0.003472 0.005790
0 0.121357 0.734046 0.006696 0.008271
0 0.322984 0.743221 0.002431 0.006858
0 0.328770 0.738127 0.003070 0.005810
0 0.391081 0.713335 0.004162 0.006577
0 0.394898 0.713403 0.003968 0.004001
0 0.421447 0.731283 0.006396 0.010569
0 0.408553 0.749266 0.006074 0.007579
0 0.585971 0.818684 0.007592 0.015205
0 0.800776 0.451396 0.009856 0.012183
0 0.805526 0.445780 0.004643 0.005635
0 0.705477 0.252278 0.002805 0.004034
0 0.700580 0.254876 0.003621 0.006915
0 0.668310 0.222320 0.002185 0.005063
0 0.564971 0.197889 0.001813 0.003674
0 0.564328 0.194168 0.002753 0.004501
0 0.484638 0.258183 0.004226 0.006749
0 0.097706 0.477235 0.011915 0.014894
0 0.484537 0.593682 0.007215 0.010050
0 0.480046 0.601801 0.005087 0.010195
0 0.560397 0.580617 0.008229 0.009428
0 0.524474 0.507692 0.007143 0.006184
0 0.508414 0.520109 0.002904 0.004034
0 0.443757 0.541956 0.004836 0.005823
0 0.311837 0.855843 0.003996 0.006581
0 0.308177 0.856157 0.003720 0.006217
0 0.010532 0.619726 0.013207 0.016832
0 0.906432 0.987910 0.007820 0.011733
0 0.941303 0.950670 0.013475 0.014468
0 0.923139 0.941377 0.008743 0.011829
0 0.930340 0.942664 0.009172 0.011657
0 0.863033 0.744732 0.004524 0.007024
0 0.913999 0.702512 0.008752 0.012477
0 0.948653 0.610397 0.007143 0.007976
0 0.891762 0.622073 0.003430 0.004954
0 0.874726 0.703778 0.002359 0.003714
0 0.919241 0.486687 0.002604 0.003836
0 0.788552 0.441706 0.004534 0.006905
0 0.753061 0.389635 0.006642 0.007543
0 0.850260 0.576882 0.003795 0.004993
0 0.808473 0.592017 0.004288 0.006019
0 0.738518 0.904917 0.009313 0.014127
0 0.661579 0.796062 0.008281 0.012070
0 0.610412 0.745847 0.011572 0.016733
0 0.413966 0.702401 0.007321 0.013571
0 0.418286 0.700069 0.006964 0.011190
0 0.432015 0.736978 0.004179 0.009954
0 0.404519 0.756647 0.007356 0.011052
0 0.408011 0.764668 0.006339 0.011339
0 0.352584 0.819398 0.007530 0.011548
0 0.343562 0.822490 0.007857 0.009921
0 0.286704 0.843709 0.006369 0.010519
0 0.278786 0.845076 0.004586 0.010000
0 0.260945 0.994517 0.016930 0.010966
0 0.269773 0.983861 0.011188 0.014349
0 0.194184 0.550944 0.006930 0.009904
0 0.177536 0.473614 0.012899 0.019603
0 0.060091 0.396146 0.019387 0.028390
0 0.033630 0.218477 0.008281 0.015427
0 0.256019 0.458829 0.017341 0.023122
0 0.404275 0.524769 0.011575 0.016978
0 0.233757 0.683770 0.005714 0.008333
0 0.126261 0.416308 0.008832 0.012761
0 0.221683 0.546820 0.004358 0.006478
0 0.269922 0.960248 0.011997 0.020747
0 0.317491 0.868528 0.005300 0.007500
0 0.315766 0.862001 0.005298 0.006349
0 0.380193 0.815906 0.004821 0.006713
0 0.387641 0.809621 0.005144 0.008998
0 0.363870 0.716200 0.005384 0.008499
0 0.315233 0.625458 0.005680 0.006763
0 0.376749 0.624449 0.003750 0.006617
0 0.494612 0.567922 0.004859 0.009144
0 0.571000 0.537864 0.004648 0.010714
0 0.636389 0.493044 0.010060 0.017940
0 0.625033 0.498433 0.010553 0.016045
0 0.598477 0.513776 0.009464 0.013624
0 0.558686 0.492206 0.006448 0.008664
0 0.545518 0.458836 0.006964 0.009841
0 0.511562 0.499282 0.004563 0.006250
0 0.477491 0.305456 0.003321 0.004597
0 0.739616 0.244489 0.004370 0.006690
0 0.725045 0.225463 0.004370 0.007255
0 0.668409 0.204605 0.003643 0.006114
0 0.650130 0.220693 0.004715 0.005942
0 0.679144 0.222464 0.005313 0.006627
0 0.638388 0.171182 0.003641 0.005347
0 0.629779 0.167561 0.004072 0.005678
0 0.629375 0.185503 0.004385 0.006177
0 0.574009 0.896015 0.011406 0.018353
0 0.595583 0.913745 0.009256 0.016128
0 0.584134 0.902391 0.010184 0.018267
0 0.349343 0.507490 0.014955 0.022652
0 0.241357 0.578758 0.013219 0.018277
0 0.212376 0.701984 0.007688 0.011177
0 0.426280 0.725971 0.006582 0.010764
0 0.711313 0.808818 0.010226 0.014190
0 0.955337 0.595299 0.006751 0.007999
0 0.961050 0.596486 0.007755 0.009150
0 0.822396 0.555407 0.006746 0.009888
0 0.918385 0.423995 0.007068 0.009259
0 0.899051 0.158902 0.004412 0.006812
0 0.972614 0.055351 0.006498 0.008664
0 0.630887 0.669871 0.007349 0.008320
0 0.073307 0.588841 0.009700 0.011749
0 0.948299 0.146233 0.002778 0.003638
0 0.945149 0.146548 0.003125 0.004398
0 0.990370 0.121186 0.006042 0.008813
0 0.411631 0.173158 0.011540 0.017692
0 0.125066 0.744024 0.007284 0.011885
0 0.128473 0.733795 0.006729 0.008687
0 0.442044 0.975324 0.010878 0.016210
0 0.532283 0.910890 0.018083 0.023452
0 0.650513 0.835536 0.009435 0.007579
0 0.643683 0.835575 0.007024 0.007341
0 0.674322 0.801314 0.011793 0.014243
0 0.717527 0.734461 0.011483 0.014484
0 0.514747 0.591176 0.008234 0.012345
0 0.414695 0.456837 0.013864 0.019917
0 0.435091 0.449135 0.013420 0.021101
0 0.359330 0.496052 0.014395 0.019074
0 0.309565 0.532606 0.008177 0.009954
0 0.673669 0.248596 0.004268 0.006591
0 0.667524 0.251166 0.003187 0.004732
0 0.664000 0.252126 0.003239 0.005007
0 0.659783 0.252199 0.003653 0.003909
0 0.618559 0.166392 0.003795 0.006250
0 0.616811 0.162226 0.003968 0.004795
0 0.613698 0.168657 0.003249 0.004365
0 0.567071 0.192345 0.004489 0.005853
0 0.864630 0.422197 0.003249 0.004527
0 0.840107 0.437130 0.003651 0.004319
0 0.846873 0.455038 0.003780 0.005122
0 0.680925 0.646371 0.010744 0.017126
0 0.691138 0.649168 0.011052 0.014329
0 0.575797 0.715493 0.010806 0.015575
0 0.605244 0.712548 0.010543 0.012272
0 0.630639 0.638097 0.005707 0.007688
0 0.604942 0.584649 0.006897 0.008022
0 0.414330 0.133320 0.010144 0.014808
0 0.361977 0.755489 0.008785 0.008922
0 0.359234 0.763433 0.007758 0.009378
0 0.313411 0.808609 0.006525 0.007021
0 0.328745 0.807773 0.011404 0.015995
