0 0.389583 0.980537 0.016813 0.012884
0 0.405678 0.981029 0.015406 0.013561
1 0.095895 0.183289 0.017368 0.007105
0 0.026120 0.642859 0.008059 0.003635
0 0.296175 0.628941 0.007065 0.006944
0 0.241102 0.688553 0.008790 0.007379
0 0.260682 0.673967 0.009105 0.006157
0 0.385069 0.632042 0.009247 0.007977
0 0.364401 0.641253 0.009795 0.009183
0 0.655077 0.504960 0.008370 0.004855
0 0.689194 0.582037 0.006838 0.005592
0 0.681279 0.659396 0.005446 0.005403
0 0.758681 0.655384 0.004751 0.004660
0 0.967279 0.779777 0.009295 0.006675
0 0.879969 0.796327 0.005011 0.003235
0 0.917672 0.808210 0.006433 0.005181
0 0.961798 0.840481 0.006615 0.006691
0 0.904686 0.870049 0.007018 0.005126
0 0.974742 0.910488 0.007460 0.005647
0 0.700126 0.925122 0.010099 0.008731
0 0.410152 0.859300 0.004865 0.004882
0 0.417135 0.853407 0.004349 0.003673
0 0.419265 0.851061 0.004035 0.004572
0 0.473971 0.817189 0.004865 0.004361
0 0.331047 0.714128 0.006188 0.004704
0 0.195601 0.730156 0.008922 0.008553
0 0.176367 0.719507 0.008845 0.007456
1 0.202374 0.759566 0.010245 0.011171
0 0.459684 0.770119 0.006912 0.006499
0 0.208194 0.824563 0.004569 0.003895
0 0.202747 0.813021 0.004426 0.003509
0 0.183863 0.798410 0.003692 0.003125
0 0.170990 0.784024 0.007427 0.007160
0 0.120965 0.861680 0.005314 0.003827
0 0.026449 0.703148 0.007460 0.005677
0 0.187067 0.692393 0.006656 0.003893
0 0.190815 0.669931 0.006798 0.006442
0 0.182482 0.666339 0.007968 0.006719
0 0.323419 0.459783 0.010567 0.008525
0 0.110866 0.438816 0.012580 0.011765
0 0.363633 0.411620 0.010526 0.008849
0 0.544642 0.283978 0.011667 0.008651
0 0.419486 0.325292 0.005947 0.006236
0 0.649790 0.197500 0.016232 0.012116
0 0.778501 0.277825 0.005577 0.005595
0 0.396992 0.401028 0.008845 0.008361
0 0.539342 0.445411 0.008297 0.008498
0 0.519424 0.405195 0.006290 0.005482
0 0.997770 0.423220 0.004459 0.008868
0 0.939251 0.371985 0.008406 0.006963
0 0.984602 0.377105 0.011937 0.011179
0 0.804360 0.322590 0.009101 0.007895
0 0.724068 0.335935 0.009035 0.007237
0 0.960064 0.583861 0.013556 0.010661
0 0.990212 0.641686 0.010365 0.008860
0 0.882571 0.686413 0.009894 0.008407
0 0.790775 0.740847 0.005848 0.006360
0 0.675302 0.653044 0.005888 0.005184
0 0.692884 0.654428 0.006615 0.005979
0 0.657399 0.655650 0.007898 0.006058
0 0.653746 0.658199 0.006506 0.005455
0 0.656906 0.662201 0.006692 0.006003
0 0.663975 0.684479 0.005705 0.003947
0 0.665260 0.681062 0.005658 0.004378
0 0.630702 0.692072 0.005958 0.005428
0 0.637664 0.694156 0.006652 0.006195
0 0.316707 0.762012 0.008735 0.008388
0 0.311868 0.769749 0.006287 0.006061
0 0.247833 0.822418 0.005080 0.005373
0 0.251323 0.820924 0.006871 0.004742
0 0.145969 0.796523 0.005300 0.004992
0 0.149232 0.797588 0.005921 0.005373
0 0.097811 0.787706 0.013596 0.011595
0 0.061027 0.793862 0.005877 0.006382
0 0.742847 0.954201 0.013596 0.008649
0 0.909349 0.829550 0.007456 0.006053
0 0.967668 0.784312 0.008151 0.007593
0 0.829055 0.652729 0.012262 0.008687
0 0.741853 0.577227 0.006762 0.005513
0 0.760250 0.466737 0.007825 0.007185
0 0.159901 0.253051 0.015212 0.012593
0 0.088688 0.386642 0.008882 0.008169
0 0.342445 0.820606 0.006835 0.008772
0 0.413282 0.845839 0.003406 0.003262
0 0.920413 0.840376 0.006213 0.004468
0 0.943732 0.698081 0.007420 0.007456
0 0.862140 0.520206 0.006363 0.004545
0 0.987580 0.340302 0.008406 0.006634
0 0.950208 0.200624 0.017113 0.013851
0 0.506838 0.285249 0.013377 0.009320
0 0.019485 0.364885 0.012237 0.010461
0 0.028538 0.511217 0.016849 0.013048
0 0.543401 0.707680 0.004061 0.003621
0 0.547569 0.706694 0.003618 0.003838
0 0.858801 0.880779 0.006469 0.006058
0 0.916144 0.817404 0.005885 0.005428
0 0.981290 0.310567 0.005263 0.004496
0 0.651245 0.131674 0.015683 0.009986
0 0.479481 0.731395 0.007281 0.006809
0 0.457712 0.723725 0.007091 0.006716
0 0.463819 0.724128 0.006104 0.005455
0 0.471732 0.733572 0.007456 0.006908
0 0.453355 0.695036 0.005811 0.004687
0 0.253856 0.277253 0.014510 0.013607
0 0.477723 0.683950 0.006140 0.005016
0 0.551371 0.706420 0.004934 0.004715
0 0.387180 0.685304 0.009192 0.006935
0 0.376332 0.692623 0.009214 0.008361
0 0.779218 0.469067 0.004971 0.005924
0 0.775519 0.421930 0.006082 0.005099
0 0.781173 0.423875 0.009174 0.007897
0 0.869508 0.416453 0.007277 0.006113
0 0.901773 0.407548 0.007602 0.006527
0 0.965574 0.292299 0.006425 0.004877
0 0.913474 0.320862 0.005581 0.005924
0 0.904867 0.329072 0.009587 0.008254
0 0.880879 0.328660 0.007350 0.006387
0 0.906480 0.284890 0.011747 0.009238
0 0.844927 0.186272 0.011148 0.009539
0 0.856513 0.008858 0.016988 0.015578
1 0.435985 0.020781 0.021795 0.016848
0 0.236009 0.012762 0.019437 0.016916
0 0.257908 0.173973 0.017292 0.011686
0 0.246740 0.174385 0.009284 0.012092
0 0.401382 0.036891 0.019327 0.018361
0 0.121764 0.664856 0.006473 0.005814
0 0.140497 0.632621 0.003874 0.002961
0 0.167482 0.636099 0.004203 0.003673
0 0.467650 0.801382 0.004971 0.004386
0 0.319772 0.649520 0.009653 0.007264
0 0.192573 0.689597 0.010088 0.006798
0 0.598308 0.514923 0.007639 0.006963
0 0.619046 0.536058 0.011484 0.010307
0 0.573847 0.470677 0.006868 0.005400
0 0.894017 0.406963 0.010307 0.007621
0 0.542993 0.627900 0.007675 0.005510
0 0.754037 0.580133 0.005742 0.004416
0 0.735545 0.559936 0.006177 0.005704
0 0.875457 0.087103 0.021747 0.019106
0 0.197697 0.163528 0.012500 0.011321
0 0.207694 0.148569 0.012171 0.011283
0 0.062056 0.489080 0.013827 0.011055
0 0.091795 0.466508 0.008297 0.008454
0 0.232500 0.746623 0.007822 0.006743
0 0.479784 0.791387 0.003765 0.003262
1 0.334448 0.693316 0.005080 0.003128
0 0.297849 0.671245 0.009214 0.007730
0 0.358607 0.411842 0.006615 0.006469
0 0.199686 0.251282 0.012975 0.009378
0 0.093065 0.072160 0.033469 0.023268
0 0.476636 0.159182 0.021795 0.022530
0 0.236290 0.305110 0.013487 0.008580
0 0.263059 0.322951 0.010417 0.008638
0 0.152516 0.823993 0.005340 0.004334
0 0.178470 0.819339 0.004207 0.003481
0 0.203414 0.835947 0.004167 0.003539
0 0.258129 0.836917 0.004423 0.004043
0 0.329313 0.779359 0.005629 0.005208
0 0.017909 0.736939 0.007602 0.006061
1 0.168622 0.763262 0.013728 0.008986
0 0.218589 0.828779 0.005110 0.007223
0 0.218035 0.834305 0.005479 0.004383
0 0.206747 0.833536 0.004583 0.004501
0 0.770024 0.743814 0.008344 0.006543
0 0.763045 0.741257 0.008406 0.007300
0 0.253341 0.692164 0.008743 0.007026
0 0.268213 0.722100 0.016469 0.017325
0 0.446826 0.689901 0.011312 0.007769
0 0.457690 0.701058 0.006009 0.004309
0 0.407913 0.789897 0.005373 0.003753
0 0.403344 0.796187 0.004423 0.003125
0 0.396711 0.797311 0.004532 0.003235
0 0.447069 0.152922 0.033779 0.028810
0 0.383173 0.208564 0.015132 0.012473
0 0.162840 0.294211 0.010329 0.008854
0 0.270577 0.340049 0.009649 0.006908
0 0.044176 0.540537 0.016933 0.013268
0 0.277272 0.797799 0.004865 0.003865
0 0.273271 0.797922 0.005482 0.004989
0 0.174890 0.815881 0.005190 0.004581
0 0.232871 0.727290 0.006802 0.005047
0 0.161230 0.820506 0.005267 0.004718
0 0.202871 0.823653 0.003403 0.003292
0 0.424159 0.863464 0.004459 0.004581
0 0.433045 0.866933 0.004240 0.004057
0 0.956957 0.821010 0.007679 0.006472
0 0.953174 0.824663 0.007277 0.005992
0 0.936550 0.843517 0.005994 0.005071
0 0.968511 0.636971 0.011078 0.008470
0 0.780323 0.452821 0.007240 0.007072
0 0.804775 0.422821 0.007094 0.005565
0 0.504678 0.389550 0.006579 0.006031
0 0.506822 0.399490 0.005362 0.006612
0 0.569136 0.406502 0.007460 0.006535
0 0.580815 0.328196 0.013925 0.012281
0 0.211184 0.092311 0.020687 0.020861
0 0.355545 0.075891 0.019518 0.018640
0 0.669130 0.126916 0.021594 0.013421
0 0.913681 0.369941 0.009247 0.006527
0 0.950046 0.310111 0.008849 0.007322
0 0.495859 0.768558 0.008260 0.007155
0 0.456038 0.747135 0.007061 0.006579
0 0.494024 0.749925 0.007588 0.006593
0 0.401862 0.806558 0.003425 0.003078
0 0.398416 0.806520 0.004850 0.004263
0 0.369907 0.770162 0.007058 0.005647
0 0.291298 0.685876 0.010051 0.006675
0 0.739441 0.583484 0.008246 0.007434
0 0.901506 0.520894 0.007895 0.004660
0 0.868288 0.528325 0.006838 0.007094
0 0.508216 0.302630 0.016177 0.014120
0 0.211232 0.657119 0.007712 0.003646
0 0.717752 0.644930 0.004496 0.004882
0 0.456429 0.827092 0.004386 0.004304
0 0.298611 0.131647 0.023319 0.021409
0 0.278090 0.140090 0.025552 0.024095
0 0.638357 0.673586 0.006583 0.005784
0 0.419624 0.732851 0.007127 0.006497
0 0.364971 0.691414 0.007639 0.008004
0 0.338787 0.710421 0.006433 0.006077
0 0.473575 0.770463 0.004898 0.004139
0 0.411923 0.767526 0.006469 0.004663
0 0.431341 0.766146 0.006250 0.005373
0 0.640771 0.580373 0.007566 0.006469
0 0.994870 0.195643 0.010260 0.009339
0 0.186932 0.243745 0.014624 0.014331
0 0.033739 0.522371 0.015636 0.012977
0 0.058659 0.536384 0.017763 0.011683
0 0.991115 0.753310 0.010080 0.008391
0 0.337376 0.074644 0.016199 0.015844
0 0.427672 0.996516 0.014890 0.006968
0 0.652697 0.642519 0.008845 0.008388
0 0.792763 0.636965 0.010380 0.008141
0 0.907880 0.452675 0.005665 0.004742
0 0.195298 0.240359 0.018644 0.015291
0 0.619788 0.348740 0.038289 0.036357
0 0.650810 0.354280 0.033162 0.031116
0 0.348878 0.813092 0.006798 0.005987
0 0.451988 0.826886 0.004423 0.004276
0 0.985855 0.592791 0.011842 0.010197
0 0.898056 0.394652 0.011711 0.009441
0 0.863249 0.356624 0.008808 0.007366
0 0.798478 0.369871 0.008871 0.007133
0 0.799024 0.311711 0.009430 0.008180
0 0.897796 0.327231 0.010307 0.009309
0 0.275910 0.260189 0.013341 0.011431
0 0.119134 0.342015 0.013560 0.010609
0 0.018191 0.353728 0.013370 0.009397
0 0.100541 0.412209 0.011053 0.008553
0 0.066462 0.433791 0.015219 0.012039
0 0.116566 0.426796 0.013213 0.011952
0 0.326053 0.255369 0.033180 0.026521
0 0.347027 0.280748 0.016948 0.015433
0 0.385428 0.271519 0.009247 0.007922
0 0.381053 0.583791 0.009064 0.006853
0 0.534814 0.598207 0.014254 0.010164
0 0.476637 0.578531 0.013670 0.011349
0 0.477814 0.557555 0.014985 0.012988
0 0.678889 0.672956 0.007829 0.006521
0 0.673023 0.680502 0.006974 0.006151
0 0.708719 0.656371 0.009243 0.007429
0 0.702332 0.619260 0.009393 0.008306
0 0.697507 0.624797 0.010636 0.008470
0 0.505221 0.718879 0.011824 0.009633
0 0.459243 0.758812 0.007675 0.006472
0 0.505159 0.740417 0.013052 0.012078
0 0.434585 0.817536 0.008527 0.008761
0 0.468275 0.830721 0.003399 0.003838
0 0.471510 0.831373 0.003911 0.004359
0 0.288841 0.816494 0.004730 0.004534
0 0.283425 0.818394 0.005519 0.006305
0 0.297939 0.853783 0.005738 0.004359
0 0.269996 0.839254 0.004423 0.003646
0 0.267109 0.843065 0.004496 0.004194
0 0.203662 0.729241 0.008699 0.008224
0 0.189423 0.807355 0.007061 0.006935
0 0.138012 0.806641 0.006396 0.005315
0 0.182160 0.835768 0.004569 0.004221
0 0.129770 0.824685 0.004496 0.004852
0 0.131681 0.834302 0.005409 0.004964
0 0.364404 0.978542 0.014211 0.009633
0 0.364364 0.984498 0.014912 0.013459
0 0.354806 0.975480 0.016045 0.013734
