0 0.517035 0.496128 0.023552 0.006687
0 0.927718 0.402028 0.028188 0.015360
0 0.951655 0.402233 0.030556 0.014874
0 0.940052 0.389167 0.031129 0.014588
0 0.410713 0.436209 0.036426 0.016873
0 0.964736 0.305394 0.032511 0.015833
0 0.954507 0.412400 0.033596 0.013405
1 0.063888 0.902436 0.019967 0.014945
0 0.101985 0.504766 0.031613 0.011267
0 0.084347 0.443304 0.030721 0.010422
0 0.496556 0.505914 0.027781 0.007547
1 0.535330 0.504253 0.022621 0.005015
0 0.587379 0.499462 0.025936 0.012316
0 0.452654 0.447609 0.019251 0.012763
0 0.590047 0.156359 0.017616 0.007723
0 0.399411 0.179788 0.011663 0.009645
0 0.410603 0.180269 0.016173 0.010920
1 0.023860 0.059586 0.011729 0.007416
0 0.464741 0.011822 0.024328 0.015692
0 0.571685 0.193254 0.018744 0.007887
0 0.756324 0.447907 0.029983 0.014072
0 0.358945 0.224989 0.017616 0.008018
0 0.573172 0.381249 0.035441 0.013748
0 0.492938 0.372608 0.031955 0.015712
0 0.456619 0.462439 0.035430 0.017631
0 0.598045 0.210983 0.015154 0.008053
