0 0.073490 0.728632 0.010892 0.009183
0 0.833299 0.340905 0.009360 0.009046
0 0.562953 0.242899 0.008151 0.007103
0 0.210541 0.333059 0.023648 0.016425
0 0.444541 0.443812 0.012197 0.011894
0 0.367365 0.569716 0.017661 0.015233
0 0.375588 0.579890 0.012580 0.012050
0 0.318249 0.518189 0.025475 0.021088
0 0.282557 0.517108 0.021524 0.018021
0 0.418573 0.809242 0.009982 0.008309
0 0.429539 0.815615 0.008860 0.008018
0 0.411994 0.818281 0.008059 0.008372
0 0.401944 0.810566 0.007946 0.007146
0 0.428755 0.885096 0.010201 0.008443
0 0.692354 0.873269 0.010892 0.009762
0 0.817465 0.205763 0.013710 0.010721
0 0.962664 0.137467 0.019189 0.015998
0 0.942186 0.141191 0.013684 0.011549
0 0.460826 0.215929 0.013852 0.014063
0 0.112973 0.129870 0.015216 0.012788
0 0.135303 0.472366 0.017018 0.014145
0 0.595585 0.730558 0.011520 0.009493
0 0.606537 0.741329 0.010384 0.007845
0 0.579503 0.720025 0.007500 0.005362
0 0.439825 0.841827 0.010548 0.009570
0 0.514437 0.761927 0.009320 0.010066
0 0.270481 0.788161 0.012840 0.008487
0 0.311736 0.764002 0.010848 0.009907
0 0.346661 0.767871 0.010369 0.006752
0 0.895550 0.225421 0.010376 0.007492
0 0.838946 0.203200 0.011371 0.010003
0 0.373679 0.264561 0.011451 0.008470
0 0.595694 0.612018 0.016462 0.016645
0 0.375270 0.249470 0.011754 0.010003
0 0.273642 0.221266 0.027511 0.016787
1 0.006668 0.328669 0.013337 0.020940
0 0.655998 0.409838 0.020519 0.015395
0 0.609015 0.363224 0.016261 0.010241
0 0.626530 0.787023 0.012277 0.009101
0 0.619063 0.800522 0.010998 0.007793
0 0.407120 0.790622 0.009094 0.010307
0 0.739214 0.291042 0.011367 0.009726
0 0.754759 0.503178 0.025775 0.028347
0 0.794973 0.909570 0.012760 0.012418
0 0.827029 0.880384 0.013385 0.012933
0 0.490832 0.963206 0.009221 0.009460
0 0.097072 0.407811 0.023092 0.015463
0 0.971573 0.110204 0.011553 0.008868
0 0.661011 0.633262 0.016042 0.015587
0 0.982480 0.965466 0.010347 0.009468
0 0.982549 0.953591 0.010764 0.011277
0 0.626625 0.829412 0.010961 0.009860
0 0.005464 0.987596 0.010928 0.014008
0 0.004477 0.972684 0.008955 0.013350
0 0.593852 0.665984 0.017310 0.014863
0 0.715433 0.742700 0.012738 0.011848
0 0.515260 0.829276 0.012390 0.011842
0 0.947445 0.748806 0.015088 0.012042
0 0.976380 0.787518 0.012833 0.009487
0 0.508392 0.925655 0.007558 0.006678
0 0.605307 0.847516 0.011330 0.011404
0 0.467635 0.774836 0.009832 0.008827
0 0.402092 0.800836 0.011005 0.009457
0 0.264200 0.797719 0.011879 0.011831
0 0.067869 0.663668 0.026747 0.019918
0 0.077215 0.926327 0.009686 0.007566
0 0.553353 0.364492 0.013425 0.009010
0 0.721941 0.358222 0.009664 0.007300
0 0.720108 0.362651 0.007767 0.005263
0 0.756312 0.402869 0.017917 0.013166
0 0.723776 0.422512 0.015263 0.006752
0 0.696848 0.464683 0.012007 0.007695
1 0.980111 0.487019 0.016027 0.017563
1 0.895185 0.464781 0.022277 0.016601
0 0.859488 0.532288 0.007646 0.006280
0 0.950254 0.651234 0.015471 0.010899
0 0.937756 0.646360 0.019211 0.011173
0 0.954070 0.703650 0.011802 0.011088
0 0.962785 0.704803 0.013341 0.007977
0 0.748845 0.773047 0.009737 0.008605
0 0.679556 0.844829 0.009894 0.010578
0 0.620859 0.860167 0.007208 0.007396
0 0.624185 0.894820 0.005899 0.005074
0 0.562213 0.875295 0.009258 0.008194
0 0.592215 0.873125 0.007895 0.008257
0 0.525685 0.884428 0.010362 0.009866
0 0.269857 0.763487 0.010614 0.008070
0 0.275846 0.776162 0.010610 0.010685
0 0.280208 0.780192 0.008640 0.012500
0 0.247030 0.726069 0.013315 0.012336
0 0.116095 0.608396 0.014704 0.010691
0 0.123068 0.596545 0.014550 0.011203
0 0.098554 0.536356 0.015632 0.011768
0 0.126871 0.529690 0.013947 0.007670
0 0.019028 0.500622 0.010833 0.010526
0 0.021988 0.499208 0.009474 0.011250
1 0.967297 0.779004 0.011626 0.010228
0 0.784466 0.909276 0.007273 0.006963
0 0.752805 0.907686 0.005303 0.003646
0 0.770956 0.614513 0.011495 0.009904
0 0.837434 0.517299 0.024474 0.019575
1 0.820552 0.415454 0.006382 0.006922
0 0.690965 0.301687 0.009708 0.006993
0 0.609264 0.938336 0.008593 0.007928
0 0.612597 0.933945 0.008512 0.007105
0 0.614625 0.927094 0.007738 0.008372
0 0.469978 0.474439 0.012003 0.013067
0 0.539033 0.662988 0.005303 0.003980
0 0.558109 0.646409 0.009221 0.008904
0 0.585614 0.648328 0.009664 0.006870
0 0.507825 0.774138 0.009415 0.007579
0 0.401255 0.797489 0.011948 0.008251
0 0.456199 0.795186 0.008684 0.007171
0 0.461974 0.810325 0.009466 0.006417
0 0.224200 0.585171 0.012690 0.010107
0 0.245225 0.596283 0.008951 0.003279
0 0.163595 0.579900 0.007591 0.005003
0 0.144276 0.568088 0.013633 0.010381
0 0.295130 0.524867 0.016758 0.008018
0 0.275598 0.497177 0.021151 0.015345
0 0.957909 0.937207 0.013311 0.011952
0 0.947251 0.914313 0.011316 0.009931
0 0.955632 0.925669 0.013450 0.010504
0 0.103070 0.844696 0.016520 0.014172
0 0.046820 0.787464 0.028889 0.022851
0 0.058207 0.581760 0.025581 0.016826
0 0.033573 0.601856 0.028461 0.021009
0 0.014474 0.444339 0.020051 0.016025
0 0.238584 0.251547 0.029748 0.022673
0 0.742911 0.210470 0.011524 0.010025
0 0.758279 0.227425 0.010475 0.009197
0 0.751912 0.223022 0.008684 0.007344
0 0.662058 0.304650 0.014474 0.011488
0 0.705559 0.311412 0.012127 0.010515
0 0.827105 0.174910 0.007281 0.005789
0 0.611213 0.121848 0.016608 0.013761
0 0.990101 0.672896 0.017876 0.015584
0 0.977255 0.674138 0.016104 0.013215
0 0.966486 0.652467 0.017306 0.013454
0 0.976970 0.660805 0.018187 0.012031
0 0.913470 0.760676 0.022511 0.022168
0 0.854401 0.924150 0.009700 0.008931
0 0.667862 0.834264 0.012039 0.011620
0 0.225183 0.717969 0.015132 0.012911
0 0.025499 0.672973 0.027211 0.020803
0 0.243099 0.485081 0.032083 0.024394
0 0.083311 0.684827 0.016974 0.013355
0 0.211011 0.588400 0.015223 0.012410
0 0.190038 0.564745 0.015084 0.012791
0 0.708213 0.432866 0.017368 0.013451
0 0.247487 0.896909 0.009784 0.009032
0 0.603633 0.883939 0.007858 0.008032
0 0.965806 0.529711 0.016999 0.008961
0 0.279510 0.505197 0.013480 0.009561
0 0.319207 0.457925 0.020197 0.017401
0 0.177982 0.582113 0.007807 0.005927
0 0.174035 0.588479 0.006930 0.008328
0 0.135660 0.555226 0.013841 0.010935
0 0.082041 0.542545 0.016495 0.012371
0 0.136961 0.793195 0.009960 0.009252
0 0.146343 0.790920 0.013052 0.009169
0 0.040744 0.658217 0.026107 0.013577
0 0.123014 0.694626 0.018001 0.014252
0 0.082308 0.735933 0.013264 0.012711
0 0.964201 0.692007 0.011078 0.010395
0 0.958240 0.662055 0.020091 0.008424
0 0.744991 0.410308 0.016553 0.011752
0 0.717098 0.366033 0.009613 0.008169
0 0.653947 0.329966 0.010848 0.007026
0 0.690764 0.310544 0.012054 0.010419
0 0.673052 0.318835 0.018216 0.013421
0 0.758478 0.562308 0.015742 0.010263
0 0.727442 0.575366 0.016272 0.011417
0 0.710581 0.789993 0.009978 0.008056
0 0.698734 0.803905 0.011371 0.008802
0 0.418723 0.899389 0.008812 0.008306
0 0.383609 0.861604 0.010917 0.010197
0 0.371471 0.861878 0.009638 0.007878
0 0.382474 0.843994 0.009459 0.009276
0 0.942325 0.193254 0.023567 0.018690
0 0.969002 0.196059 0.023268 0.017256
0 0.010137 0.651291 0.020274 0.021173
0 0.928646 0.595189 0.016904 0.015433
0 0.438600 0.925488 0.007200 0.008306
0 0.433721 0.910192 0.009386 0.009759
0 0.414719 0.890482 0.007127 0.007675
0 0.422717 0.849933 0.008052 0.008331
