0 0.463558 0.228816 0.008556 0.006952
0 0.547516 0.122681 0.009952 0.008788
0 0.566018 0.103644 0.009726 0.008742
0 0.686647 0.134439 0.012350 0.009745
0 0.675431 0.136150 0.011352 0.008681
0 0.633313 0.109511 0.011020 0.010233
0 0.689433 0.125644 0.010497 0.008048
0 0.602120 0.141110 0.011718 0.011014
0 0.604629 0.172082 0.008227 0.006472
0 0.602734 0.090392 0.011732 0.005269
0 0.591109 0.145788 0.009236 0.008928
0 0.792399 0.138836 0.011546 0.009454
0 0.782601 0.136228 0.011926 0.009622
0 0.714353 0.142496 0.009868 0.007338
0 0.706257 0.137485 0.008991 0.007272
0 0.773706 0.143799 0.011455 0.009808
0 0.746314 0.171253 0.011093 0.007862
0 0.746113 0.163846 0.009134 0.007484
0 0.799020 0.148413 0.010183 0.007122
0 0.718739 0.147430 0.007039 0.005282
0 0.756391 0.167651 0.008147 0.009616
0 0.770397 0.165079 0.008454 0.008141
0 0.776504 0.165672 0.007336 0.008010
0 0.770552 0.173177 0.009949 0.004419
0 0.798743 0.170059 0.007632 0.005650
0 0.770247 0.130307 0.010055 0.007363
0 0.790846 0.163405 0.010260 0.006009
0 0.849349 0.125115 0.012537 0.010274
0 0.880947 0.149353 0.012398 0.009446
0 0.879253 0.136282 0.013118 0.009263
0 0.890393 0.156272 0.013490 0.010126
0 0.878726 0.128162 0.012204 0.009164
0 0.845037 0.161434 0.009539 0.007911
0 0.854832 0.117082 0.011630 0.007026
0 0.018745 0.256549 0.012145 0.008799
0 0.033651 0.259394 0.011594 0.007527
0 0.020786 0.225003 0.014693 0.008229
0 0.026045 0.260447 0.006016 0.005417
0 0.045534 0.228309 0.007003 0.008300
0 0.193818 0.185481 0.010333 0.008128
0 0.143726 0.235164 0.010471 0.007527
0 0.191581 0.206713 0.012036 0.006102
0 0.185771 0.180191 0.009803 0.007865
0 0.135969 0.239975 0.013085 0.008596
0 0.124064 0.209282 0.011148 0.007780
0 0.176992 0.190903 0.008545 0.005562
0 0.230656 0.197098 0.006524 0.006944
0 0.177971 0.185880 0.008604 0.005587
0 0.182343 0.195208 0.009196 0.006612
0 0.188509 0.216816 0.008750 0.006642
0 0.199119 0.217229 0.008333 0.006732
0 0.212173 0.210748 0.005289 0.005811
0 0.174311 0.236826 0.007730 0.006223
0 0.178518 0.226723 0.008088 0.006357
0 0.256223 0.183473 0.010976 0.007374
0 0.243388 0.178499 0.010906 0.006116
0 0.344225 0.242904 0.007303 0.005354
0 0.343180 0.249431 0.008063 0.006072
0 0.315744 0.247555 0.009170 0.007050
0 0.346647 0.232862 0.008140 0.005351
0 0.347745 0.227214 0.006265 0.006149
0 0.090512 0.366756 0.011243 0.008435
0 0.074115 0.403184 0.010687 0.007640
0 0.821453 0.344559 0.005435 0.006491
0 0.849114 0.271398 0.008768 0.005855
0 0.889448 0.278232 0.007917 0.008629
0 0.842474 0.264160 0.012632 0.002004
0 0.931277 0.333199 0.008790 0.008865
0 0.925678 0.315359 0.012277 0.009797
0 0.881469 0.277963 0.010387 0.008438
0 0.836394 0.291487 0.011561 0.009071
0 0.713741 0.286874 0.007489 0.007431
0 0.744916 0.288806 0.010965 0.008714
0 0.723688 0.312877 0.009079 0.006543
0 0.807995 0.314879 0.009682 0.008328
0 0.724168 0.294790 0.008008 0.007881
0 0.812310 0.348284 0.010249 0.005175
0 0.806405 0.314952 0.013308 0.008851
0 0.814507 0.309818 0.008399 0.007190
0 0.760821 0.303676 0.010990 0.009353
0 0.799963 0.331476 0.010577 0.009164
0 0.803266 0.267304 0.012811 0.008292
0 0.601711 0.326494 0.006732 0.006617
0 0.699046 0.327470 0.005417 0.007001
0 0.680342 0.292082 0.005771 0.005979
0 0.617160 0.265480 0.008911 0.004600
0 0.589291 0.277675 0.008560 0.007747
0 0.686605 0.304285 0.009605 0.007368
0 0.621904 0.281811 0.010102 0.005968
0 0.617370 0.287618 0.007504 0.005724
0 0.614755 0.306101 0.007727 0.007240
0 0.674596 0.289894 0.008322 0.006291
0 0.662929 0.342252 0.008995 0.006127
0 0.630466 0.286627 0.010194 0.008128
0 0.599050 0.277188 0.006586 0.006190
0 0.669150 0.335985 0.009550 0.007771
0 0.609689 0.277442 0.009496 0.006842
0 0.656820 0.347606 0.010358 0.006434
0 0.693871 0.286612 0.011148 0.008437
0 0.550563 0.273163 0.007734 0.005959
0 0.491234 0.301133 0.006334 0.004986
0 0.538808 0.337811 0.004503 0.005238
0 0.560217 0.326059 0.006517 0.004471
0 0.551630 0.272225 0.007749 0.006642
0 0.504264 0.297771 0.004207 0.003766
0 0.553980 0.266149 0.007507 0.005894
0 0.562200 0.347388 0.005760 0.004282
0 0.470528 0.328021 0.005260 0.004923
0 0.562511 0.266732 0.005066 0.004792
0 0.509929 0.347939 0.005355 0.004956
0 0.495365 0.265411 0.007595 0.004507
0 0.543406 0.266845 0.007186 0.006316
0 0.570804 0.334261 0.009094 0.006467
0 0.498145 0.301702 0.007292 0.005806
0 0.562831 0.294110 0.007087 0.005518
0 0.563417 0.277497 0.006988 0.005800
0 0.516979 0.329849 0.007116 0.006793
0 0.496519 0.265666 0.009441 0.005016
0 0.494274 0.338753 0.006224 0.005186
0 0.497626 0.273868 0.007628 0.006162
0 0.479176 0.278958 0.009075 0.007604
0 0.519737 0.349645 0.009810 0.002464
0 0.558573 0.290073 0.006955 0.004120
0 0.517107 0.267848 0.006831 0.006393
0 0.498295 0.328568 0.008447 0.006763
0 0.547961 0.339404 0.008077 0.007081
0 0.519125 0.337157 0.007613 0.006765
0 0.580599 0.332526 0.008289 0.007092
0 0.553681 0.279793 0.007354 0.005036
0 0.500698 0.302832 0.010146 0.006979
0 0.554819 0.286029 0.006751 0.004904
0 0.525378 0.297492 0.009097 0.007281
0 0.491670 0.287669 0.009254 0.006889
0 0.499110 0.291009 0.009740 0.007149
0 0.533536 0.294925 0.008900 0.006478
0 0.516566 0.344322 0.009463 0.006741
0 0.500459 0.334546 0.008922 0.006329
0 0.427016 0.305755 0.005508 0.003775
0 0.364004 0.305787 0.004974 0.004857
0 0.428218 0.314867 0.006334 0.004975
0 0.457601 0.326572 0.006985 0.007536
0 0.420044 0.274302 0.008428 0.006050
0 0.433006 0.311467 0.006875 0.006820
0 0.434346 0.311527 0.007792 0.006842
0 0.464731 0.333794 0.006210 0.006091
0 0.459132 0.338920 0.007738 0.007094
0 0.370440 0.313342 0.006933 0.006091
0 0.354876 0.264853 0.007997 0.003342
0 0.385996 0.312781 0.007365 0.006757
0 0.448050 0.336593 0.009119 0.006705
0 0.456208 0.326663 0.009580 0.007525
0 0.359274 0.311303 0.007840 0.006741
0 0.449561 0.344050 0.007887 0.007218
0 0.370093 0.305588 0.007496 0.005365
0 0.355347 0.338614 0.008860 0.007020
0 0.332999 0.331132 0.005625 0.007341
0 0.314834 0.334916 0.008695 0.006593
0 0.305457 0.318861 0.006316 0.004531
0 0.238470 0.290115 0.009105 0.007719
0 0.258057 0.331760 0.008300 0.005164
0 0.240433 0.323702 0.010413 0.008517
0 0.343077 0.292500 0.007003 0.005186
0 0.313120 0.334788 0.009404 0.006911
0 0.330395 0.329733 0.006696 0.006642
0 0.255026 0.305234 0.008180 0.006658
0 0.272378 0.294635 0.008110 0.005164
0 0.297668 0.298828 0.008056 0.007881
0 0.272560 0.282431 0.009799 0.006711
0 0.253893 0.271202 0.009496 0.009246
0 0.260583 0.315188 0.009740 0.008122
0 0.273728 0.274722 0.008216 0.006785
0 0.309645 0.327748 0.008165 0.005918
0 0.253368 0.343561 0.010369 0.007856
0 0.256332 0.286601 0.008125 0.008487
0 0.288770 0.320562 0.009507 0.006694
0 0.305181 0.310167 0.008885 0.008547
0 0.345917 0.339230 0.008838 0.007363
0 0.248180 0.308960 0.010950 0.008331
0 0.295060 0.315654 0.009894 0.007283
0 0.335022 0.331912 0.007902 0.006806
0 0.276429 0.308816 0.010205 0.005888
0 0.269148 0.313714 0.009115 0.006634
0 0.243152 0.297086 0.010610 0.008509
0 0.197997 0.348658 0.008955 0.004438
0 0.175375 0.349531 0.008827 0.002692
0 0.158807 0.319364 0.006327 0.003958
0 0.190049 0.328827 0.007723 0.006228
0 0.142781 0.342179 0.007244 0.005115
0 0.173425 0.332956 0.008319 0.004899
0 0.120201 0.333361 0.006404 0.005779
0 0.181793 0.327444 0.007321 0.006055
0 0.173189 0.337215 0.008534 0.005252
0 0.206365 0.346950 0.009010 0.006927
0 0.220238 0.314386 0.009788 0.006902
0 0.162189 0.323362 0.007310 0.004175
0 0.165819 0.338177 0.006849 0.006228
0 0.171530 0.324390 0.007884 0.005946
0 0.128920 0.347614 0.011086 0.006395
0 0.154868 0.324899 0.007734 0.005066
0 0.133056 0.293521 0.007668 0.007399
0 0.168065 0.344490 0.010815 0.007045
0 0.140872 0.293037 0.010757 0.007089
0 0.012820 0.311153 0.007855 0.004394
0 0.034159 0.264202 0.012047 0.002089
0 0.055276 0.340106 0.007262 0.005480
0 0.004421 0.270026 0.008841 0.010129
0 0.080077 0.328067 0.012354 0.006184
0 0.086109 0.343598 0.005464 0.005069
0 0.076469 0.340609 0.005673 0.005970
0 0.070369 0.339596 0.007931 0.005743
0 0.106886 0.321006 0.008677 0.005784
0 0.010117 0.291950 0.011177 0.006686
0 0.112197 0.311312 0.009298 0.007744
0 0.022007 0.279500 0.011879 0.006768
0 0.004689 0.297860 0.009006 0.007711
0 0.014974 0.298403 0.011827 0.008309
0 0.878026 0.176562 0.011871 0.002220
0 0.833659 0.235277 0.008107 0.007023
0 0.820916 0.217419 0.004309 0.008429
0 0.848732 0.205552 0.010249 0.008720
0 0.916184 0.179206 0.010168 0.007234
0 0.865857 0.247222 0.010888 0.007185
0 0.869989 0.206424 0.009510 0.009005
0 0.348787 0.244692 0.004181 0.005430
0 0.248134 0.183883 0.007869 0.006752
0 0.292102 0.244087 0.008750 0.007829
0 0.316943 0.246853 0.010961 0.008010
0 0.254063 0.235034 0.007314 0.006006
0 0.243167 0.259083 0.007928 0.007163
0 0.349317 0.256923 0.003063 0.006335
0 0.319490 0.246817 0.009697 0.007462
0 0.308403 0.246139 0.007690 0.007294
0 0.311014 0.235450 0.008571 0.006025
0 0.302823 0.242078 0.007050 0.004797
0 0.300296 0.248324 0.007902 0.005014
0 0.329020 0.228203 0.005534 0.005573
0 0.338275 0.256856 0.007412 0.005581
0 0.279167 0.236299 0.006294 0.005104
0 0.324044 0.234046 0.006736 0.006859
0 0.236104 0.233876 0.004291 0.006908
0 0.557904 0.102726 0.010106 0.009767
0 0.453370 0.224275 0.006791 0.005765
0 0.354174 0.254616 0.006594 0.008174
0 0.462875 0.222141 0.008132 0.005241
0 0.359463 0.258642 0.006908 0.006001
0 0.457533 0.218976 0.008801 0.005551
0 0.389932 0.231772 0.007350 0.006401
0 0.440143 0.226620 0.007010 0.005247
0 0.368026 0.197485 0.008063 0.006351
0 0.402807 0.229974 0.007047 0.006593
0 0.355040 0.232078 0.007749 0.006212
0 0.437707 0.209163 0.006510 0.005266
0 0.368538 0.234042 0.007003 0.005387
0 0.438454 0.234378 0.007858 0.005839
0 0.871725 0.256465 0.008757 0.006812
0 0.461542 0.221157 0.007325 0.005970
0 0.455207 0.224121 0.008439 0.005770
0 0.354607 0.261557 0.007233 0.003202
0 0.558341 0.249132 0.008377 0.007837
0 0.551241 0.248522 0.008710 0.008207
0 0.472898 0.238024 0.008194 0.008498
0 0.483816 0.225998 0.007778 0.006447
0 0.564485 0.241309 0.006586 0.005003
0 0.499706 0.254844 0.007723 0.005757
0 0.605738 0.201768 0.009744 0.009309
0 0.670417 0.223081 0.009810 0.007785
0 0.628854 0.248851 0.011144 0.008147
0 0.679746 0.229190 0.009587 0.008095
0 0.620709 0.253718 0.008677 0.007404
0 0.620729 0.222563 0.008074 0.007226
0 0.597467 0.188043 0.009415 0.007083
0 0.599022 0.181155 0.009207 0.008106
0 0.647728 0.232448 0.009433 0.007971
0 0.632401 0.225869 0.009020 0.007412
0 0.635663 0.216678 0.009214 0.007341
0 0.588202 0.247390 0.006813 0.007286
0 0.728405 0.191168 0.008827 0.007637
0 0.747891 0.248148 0.010775 0.009772
0 0.738469 0.191081 0.011075 0.009065
0 0.731031 0.184258 0.007471 0.005611
0 0.770755 0.210188 0.009265 0.008111
0 0.740914 0.206007 0.008458 0.008100
0 0.741449 0.234531 0.010786 0.009912
0 0.715537 0.191036 0.008209 0.006639
0 0.732537 0.178056 0.008904 0.005170
0 0.788783 0.211738 0.008268 0.008130
0 0.764086 0.215626 0.008326 0.006110
0 0.740473 0.178587 0.007518 0.006017
0 0.712211 0.198680 0.008501 0.005957
0 0.795365 0.252275 0.013867 0.008986
0 0.815300 0.251128 0.006827 0.008703
0 0.722027 0.190628 0.006239 0.006398
0 0.765521 0.247999 0.007021 0.006453
0 0.714995 0.212807 0.005515 0.005417
0 0.716972 0.236786 0.008140 0.006154
0 0.856440 0.211224 0.012244 0.008923
0 0.841685 0.259460 0.011608 0.007357
0 0.839039 0.241802 0.010943 0.009016
0 0.878430 0.253576 0.009872 0.009296
0 0.946310 0.330262 0.012650 0.008303
0 0.909073 0.388758 0.007869 0.007686
0 0.916579 0.389857 0.006038 0.006864
0 0.897909 0.388690 0.010066 0.005630
0 0.911270 0.398506 0.006407 0.005768
0 0.918227 0.400977 0.007873 0.005217
0 0.981287 0.407429 0.009883 0.007138
0 0.966826 0.406674 0.006590 0.005354
0 0.276298 0.190008 0.011118 0.006837
0 0.250048 0.192599 0.008999 0.008081
0 0.257732 0.226234 0.007789 0.007259
0 0.324028 0.254283 0.007383 0.007371
0 0.336283 0.245866 0.007171 0.005559
0 0.322127 0.246634 0.006542 0.007089
0 0.514289 0.080481 0.013037 0.011417
0 0.569795 0.085328 0.011601 0.004783
0 0.618706 0.082174 0.010775 0.010000
0 0.495961 0.132267 0.011133 0.009677
0 0.523938 0.143274 0.010508 0.010129
0 0.526906 0.091461 0.009675 0.007270
0 0.540685 0.107060 0.010713 0.008539
0 0.504501 0.138857 0.010976 0.009161
0 0.535276 0.114271 0.010669 0.007851
0 0.538633 0.123584 0.010168 0.008747
0 0.330225 0.895299 0.015749 0.011239
0 0.346725 0.896963 0.008304 0.012747
0 0.339896 0.898587 0.012789 0.011763
0 0.331727 0.844768 0.013783 0.009137
0 0.345188 0.839845 0.011341 0.011675
0 0.334561 0.836073 0.013889 0.012141
0 0.868861 0.721757 0.007628 0.008646
0 0.860115 0.702759 0.010428 0.002009
0 0.852118 0.708721 0.010004 0.010359
0 0.861387 0.711926 0.010391 0.007695
0 0.869817 0.702944 0.012851 0.002379
0 0.862615 0.706227 0.010252 0.007492
0 0.587147 0.731324 0.004514 0.011206
0 0.589806 0.732422 0.009854 0.012190
0 0.591310 0.733061 0.011809 0.012514
0 0.576433 0.738062 0.012975 0.010351
0 0.569457 0.727841 0.014602 0.011434
0 0.579982 0.730870 0.009627 0.011203
0 0.370371 0.714223 0.010596 0.010096
0 0.340371 0.747878 0.010866 0.008081
0 0.332502 0.720746 0.013235 0.008235
0 0.306089 0.729486 0.011396 0.009350
0 0.345497 0.718749 0.009817 0.009893
0 0.295987 0.736610 0.012756 0.009953
0 0.333448 0.730008 0.012482 0.011168
0 0.336314 0.755343 0.014163 0.010603
0 0.324274 0.759671 0.015384 0.010576
0 0.323960 0.769827 0.015055 0.011420
0 0.112789 0.725639 0.008341 0.008015
0 0.086409 0.728180 0.009558 0.008657
0 0.101732 0.718074 0.011659 0.009855
0 0.094722 0.725742 0.011506 0.010419
0 0.087131 0.718257 0.013180 0.008745
0 0.106301 0.723335 0.010183 0.008983
0 0.868269 0.698339 0.008768 0.006798
0 0.859059 0.698198 0.011707 0.007113
0 0.791212 0.627759 0.011743 0.007404
0 0.800574 0.640528 0.012675 0.009405
0 0.810470 0.627244 0.014529 0.009208
0 0.811109 0.640192 0.009412 0.010471
0 0.800716 0.618927 0.013034 0.009641
0 0.589355 0.656254 0.009097 0.009323
0 0.570201 0.669535 0.013026 0.010090
0 0.556652 0.670785 0.014744 0.009833
0 0.572516 0.678339 0.014338 0.010685
0 0.356396 0.649430 0.007003 0.005641
0 0.376380 0.665463 0.009229 0.008695
0 0.387564 0.687097 0.008417 0.010115
0 0.384158 0.676329 0.011166 0.008821
0 0.398776 0.677462 0.010892 0.009857
0 0.401756 0.667066 0.013586 0.010606
0 0.390320 0.668198 0.010998 0.009301
0 0.404898 0.682400 0.010885 0.009789
0 0.313496 0.619116 0.015252 0.008517
0 0.287228 0.654879 0.008702 0.006305
0 0.281179 0.657896 0.006912 0.006510
0 0.249006 0.631495 0.007186 0.006247
0 0.250585 0.631351 0.009876 0.006387
0 0.277469 0.616828 0.007891 0.005313
0 0.267151 0.634504 0.007474 0.005959
0 0.252359 0.647893 0.010486 0.006549
0 0.261822 0.630673 0.010011 0.007684
0 0.270367 0.639993 0.009945 0.009526
0 0.249159 0.642621 0.011206 0.007155
0 0.252359 0.636552 0.010194 0.007571
0 0.260740 0.638964 0.010150 0.008629
0 0.087659 0.621391 0.013374 0.008725
0 0.097871 0.616632 0.012365 0.005167
0 0.893953 0.558403 0.006385 0.004921
0 0.899825 0.577793 0.006586 0.005214
0 0.861798 0.532874 0.008823 0.007941
0 0.899304 0.564198 0.006590 0.006017
0 0.898938 0.548217 0.009536 0.005995
0 0.891943 0.552963 0.008257 0.006135
0 0.860943 0.533649 0.008801 0.006793
0 0.853883 0.532223 0.007511 0.006146
0 0.884773 0.539479 0.008216 0.006815
0 0.734817 0.531608 0.011009 0.010008
0 0.776159 0.600876 0.009379 0.005469
0 0.782056 0.610880 0.010186 0.006310
0 0.744633 0.530596 0.012789 0.008561
0 0.796455 0.567468 0.011396 0.007497
0 0.755170 0.550042 0.011626 0.009339
0 0.796117 0.575047 0.010822 0.009962
0 0.752533 0.532563 0.014832 0.008810
0 0.783920 0.565210 0.013717 0.009701
0 0.767701 0.531645 0.015950 0.009709
0 0.794576 0.608712 0.014174 0.010532
0 0.626528 0.556462 0.014269 0.009838
0 0.625541 0.564603 0.014262 0.009260
0 0.589618 0.571414 0.009492 0.013300
0 0.527908 0.527390 0.012774 0.002149
0 0.500709 0.550362 0.009788 0.007007
0 0.491829 0.548084 0.009390 0.007615
0 0.544306 0.588113 0.015344 0.010847
0 0.548050 0.603957 0.016473 0.013901
0 0.536488 0.596395 0.014547 0.011206
0 0.411354 0.591191 0.011904 0.010540
0 0.365517 0.588562 0.011027 0.009509
0 0.421952 0.586025 0.013077 0.009912
0 0.365274 0.579781 0.010811 0.008125
0 0.355773 0.578152 0.009624 0.008706
0 0.420409 0.596506 0.011104 0.010403
0 0.374269 0.583174 0.011944 0.008163
0 0.377286 0.591324 0.012094 0.009704
0 0.324636 0.538908 0.012445 0.011313
0 0.097246 0.612667 0.013235 0.002736
0 0.048719 0.542268 0.010442 0.007766
0 0.052707 0.535821 0.011298 0.008413
0 0.883735 0.496828 0.010344 0.007133
0 0.893469 0.498592 0.007135 0.006746
0 0.863176 0.478972 0.009291 0.007692
0 0.859587 0.480171 0.013297 0.009498
0 0.855303 0.517792 0.010205 0.008331
0 0.861131 0.455502 0.009397 0.007566
0 0.864744 0.440798 0.009620 0.004375
0 0.855822 0.460659 0.009898 0.007766
0 0.884379 0.487382 0.009583 0.007769
0 0.857694 0.448010 0.010885 0.007527
0 0.857259 0.480818 0.010709 0.008758
0 0.860378 0.504979 0.010011 0.008292
0 0.849331 0.502929 0.009971 0.008501
0 0.847368 0.513321 0.011045 0.007760
0 0.873635 0.482859 0.008871 0.007100
0 0.877314 0.475222 0.011389 0.007297
0 0.753529 0.478307 0.011378 0.007914
0 0.752493 0.477619 0.010782 0.006615
0 0.708576 0.466269 0.013644 0.008322
0 0.776407 0.466543 0.010943 0.007511
0 0.789591 0.472479 0.013450 0.007656
0 0.775978 0.474374 0.013454 0.009137
0 0.591608 0.506864 0.010219 0.007111
0 0.698260 0.473146 0.006901 0.010238
0 0.609117 0.496240 0.009221 0.008078
0 0.599669 0.491820 0.013644 0.008618
0 0.587571 0.493646 0.005450 0.009649
0 0.598330 0.490861 0.015870 0.010636
0 0.589965 0.482455 0.010340 0.009043
0 0.666160 0.501195 0.011341 0.010274
0 0.605272 0.510957 0.013586 0.010252
0 0.600864 0.500166 0.013169 0.009926
0 0.670872 0.492212 0.013900 0.008405
0 0.514717 0.500144 0.006217 0.006982
0 0.528781 0.523817 0.011517 0.004997
0 0.541383 0.523085 0.014010 0.006428
0 0.535249 0.488381 0.009240 0.006779
0 0.580758 0.493340 0.008074 0.009827
0 0.554137 0.490704 0.008787 0.008289
0 0.578624 0.485873 0.012233 0.008501
0 0.530996 0.516393 0.015391 0.009622
0 0.546358 0.501852 0.012708 0.009668
0 0.559635 0.500624 0.013363 0.010436
0 0.545590 0.491882 0.013235 0.010238
0 0.357544 0.474846 0.010154 0.009315
0 0.353960 0.447196 0.005947 0.005866
0 0.371926 0.460160 0.007376 0.006483
0 0.372091 0.474916 0.010965 0.008868
0 0.365276 0.468507 0.013096 0.010567
0 0.379905 0.467393 0.014145 0.010362
0 0.299103 0.502745 0.008520 0.008314
0 0.292418 0.514419 0.011422 0.009901
0 0.287116 0.496749 0.009971 0.007769
0 0.285302 0.504209 0.008776 0.007689
0 0.132966 0.471930 0.008885 0.006705
0 0.199678 0.448746 0.008743 0.006417
0 0.200821 0.467329 0.010062 0.008111
0 0.121109 0.470657 0.008249 0.007547
0 0.038268 0.475891 0.005373 0.004901
0 0.082520 0.453942 0.005910 0.005877
0 0.050365 0.441861 0.010716 0.006414
0 0.044591 0.454649 0.011681 0.009243
0 0.069552 0.448069 0.006356 0.005173
0 0.041637 0.468724 0.011323 0.006401
0 0.088039 0.450074 0.009726 0.005713
0 0.076732 0.447789 0.009306 0.006340
0 0.933266 0.417299 0.004814 0.007130
0 0.867312 0.406053 0.007562 0.007171
0 0.878156 0.411863 0.009836 0.007316
0 0.929243 0.425396 0.009642 0.006149
0 0.925077 0.411731 0.008019 0.006763
0 0.847244 0.427386 0.009050 0.006478
0 0.840501 0.422285 0.005526 0.003857
0 0.837427 0.418782 0.007018 0.003835
0 0.865645 0.436243 0.009229 0.004690
0 0.836062 0.409630 0.010340 0.006913
0 0.776093 0.371621 0.009576 0.007316
0 0.748006 0.421763 0.011071 0.006639
0 0.753582 0.428708 0.008063 0.009476
0 0.607445 0.378514 0.007273 0.005488
0 0.588368 0.366224 0.006473 0.005419
0 0.604066 0.370103 0.008629 0.007793
0 0.606219 0.352559 0.009843 0.003336
0 0.602840 0.362726 0.009101 0.005918
0 0.673732 0.398358 0.009569 0.007418
0 0.593028 0.372322 0.008388 0.007166
0 0.501727 0.403743 0.005055 0.004822
0 0.566966 0.389626 0.006499 0.005123
0 0.507005 0.401848 0.006860 0.005345
0 0.534691 0.414892 0.006400 0.005293
0 0.550965 0.395973 0.006703 0.005855
0 0.514452 0.357803 0.005007 0.004981
0 0.582162 0.366765 0.005267 0.006875
0 0.530446 0.418902 0.008838 0.006960
0 0.509406 0.361575 0.006926 0.006198
0 0.519510 0.352995 0.009342 0.004202
0 0.529925 0.406049 0.008586 0.006741
0 0.522116 0.361975 0.008421 0.006165
0 0.515674 0.358048 0.006298 0.005291
0 0.452635 0.369653 0.007368 0.005847
0 0.376464 0.361457 0.008615 0.007629
0 0.455429 0.369985 0.006429 0.005441
0 0.449995 0.363687 0.007357 0.005981
0 0.388076 0.373606 0.006400 0.006823
0 0.456983 0.408307 0.008249 0.006313
0 0.458953 0.355776 0.007255 0.006431
0 0.449048 0.353625 0.009521 0.005277
0 0.453536 0.375473 0.008578 0.006022
0 0.410923 0.398636 0.011524 0.008303
0 0.439499 0.404402 0.013428 0.008662
0 0.430349 0.410552 0.012438 0.010233
0 0.446957 0.411796 0.012942 0.008613
0 0.438876 0.389852 0.013659 0.011497
0 0.427350 0.385126 0.012471 0.010537
0 0.422772 0.400757 0.015530 0.009507
0 0.248712 0.434707 0.006897 0.006387
0 0.302060 0.429941 0.006575 0.006121
0 0.326678 0.390718 0.010132 0.006601
0 0.298777 0.428923 0.006458 0.004830
0 0.288821 0.429359 0.007730 0.005691
0 0.299793 0.353422 0.005018 0.004087
0 0.284154 0.352718 0.006831 0.003681
0 0.330208 0.403425 0.009203 0.007717
0 0.260265 0.435071 0.008074 0.006864
0 0.311323 0.368394 0.008509 0.007023
0 0.278880 0.387449 0.009119 0.007536
0 0.265797 0.381223 0.010680 0.008695
0 0.316142 0.386168 0.010596 0.007072
0 0.238617 0.415311 0.008922 0.006856
0 0.247977 0.426027 0.008198 0.008413
0 0.335704 0.384194 0.009974 0.006573
0 0.283332 0.357762 0.008893 0.007135
0 0.319936 0.362438 0.009814 0.006467
0 0.292659 0.356635 0.010201 0.006669
0 0.325263 0.384269 0.008699 0.006428
0 0.256418 0.427252 0.010490 0.007607
0 0.314444 0.375818 0.010000 0.007738
0 0.174651 0.359561 0.006612 0.004912
0 0.119037 0.361863 0.004119 0.009400
0 0.170773 0.364283 0.008600 0.007459
0 0.130225 0.412230 0.006963 0.006149
0 0.163352 0.410611 0.008180 0.007034
0 0.118717 0.408462 0.003501 0.006831
0 0.159627 0.415097 0.007295 0.006647
0 0.118490 0.358676 0.003063 0.007314
0 0.216939 0.386166 0.009609 0.009838
0 0.205937 0.383609 0.010186 0.008780
0 0.213061 0.419908 0.011378 0.005513
0 0.137376 0.373854 0.007303 0.006875
0 0.126354 0.369308 0.008417 0.007371
0 0.138138 0.409698 0.011780 0.007094
0 0.121522 0.363488 0.009083 0.006894
0 0.198224 0.388480 0.010987 0.008972
0 0.166084 0.404666 0.009821 0.007577
0 0.197412 0.433861 0.012113 0.008363
0 0.215442 0.432126 0.011871 0.009356
0 0.148417 0.403702 0.011652 0.007311
0 0.157904 0.399627 0.011086 0.006765
0 0.040676 0.373827 0.006703 0.005340
0 0.083233 0.372530 0.010333 0.007664
0 0.071508 0.395710 0.007818 0.006683
0 0.070397 0.379711 0.008761 0.007218
0 0.113077 0.408157 0.007763 0.008100
0 0.075298 0.395779 0.007036 0.006678
0 0.062516 0.410166 0.010779 0.008106
0 0.112955 0.358512 0.008008 0.008032
0 0.100450 0.378125 0.010241 0.006250
0 0.073410 0.395787 0.010592 0.006754
0 0.098772 0.425021 0.010088 0.006982
0 0.106965 0.423743 0.008681 0.008024
0 0.024823 0.354897 0.011458 0.007399
0 0.035857 0.354683 0.013023 0.007530
0 0.054072 0.426072 0.012003 0.008739
0 0.099048 0.371800 0.010559 0.008013
