0 0.467672 0.629132 0.006396 0.007442
0 0.712566 0.387717 0.007770 0.004836
0 0.600216 0.314342 0.008012 0.007977
0 0.587542 0.320297 0.008015 0.005683
0 0.524240 0.324067 0.008743 0.006883
0 0.514039 0.322810 0.006411 0.004808
0 0.464187 0.326742 0.006992 0.005770
0 0.395287 0.384147 0.009441 0.007867
0 0.471338 0.428400 0.004898 0.005376
0 0.517317 0.431088 0.005943 0.004457
0 0.756109 0.494667 0.005903 0.004235
0 0.750799 0.495995 0.006912 0.005121
0 0.706113 0.495994 0.006407 0.004109
0 0.700042 0.492453 0.004550 0.003098
0 0.701053 0.494888 0.005058 0.004046
0 0.125355 0.670927 0.011330 0.009441
0 0.121369 0.662429 0.010910 0.006294
0 0.170040 0.672029 0.008392 0.006924
0 0.179019 0.970389 0.012167 0.009912
0 0.223503 0.986394 0.010808 0.008468
0 0.228236 0.990081 0.007891 0.008013
0 0.108046 0.532351 0.012167 0.008183
0 0.308437 0.186483 0.006831 0.005883
0 0.323233 0.084544 0.007760 0.006138
0 0.706630 0.391704 0.003662 0.003347
0 0.814037 0.399420 0.005676 0.004838
0 0.426926 0.476738 0.006813 0.006310
0 0.507228 0.451926 0.006005 0.005891
0 0.501184 0.456834 0.006915 0.006124
0 0.491838 0.456889 0.006732 0.005987
0 0.555901 0.473132 0.005384 0.004707
0 0.471891 0.439907 0.007569 0.002621
0 0.486988 0.441013 0.007266 0.004767
0 0.605139 0.478618 0.005249 0.005345
0 0.592661 0.454256 0.006703 0.005485
0 0.608448 0.474533 0.006363 0.004751
0 0.611533 0.462329 0.006078 0.004888
0 0.596486 0.458091 0.006414 0.005343
0 0.610738 0.456748 0.006060 0.005513
0 0.599455 0.497959 0.005417 0.006022
0 0.597674 0.503331 0.006188 0.005291
0 0.762816 0.496186 0.004879 0.004789
0 0.768763 0.497164 0.005954 0.004871
0 0.715079 0.457448 0.005113 0.003876
0 0.729733 0.449846 0.005482 0.005554
0 0.720194 0.468432 0.005110 0.004112
0 0.723452 0.464657 0.004792 0.004041
0 0.711003 0.442733 0.005683 0.005356
0 0.535265 0.233702 0.005018 0.004871
0 0.121992 0.530384 0.009942 0.008081
0 0.519989 0.549968 0.007990 0.007070
0 0.860431 0.546971 0.006659 0.004644
0 0.176910 0.687808 0.012789 0.011708
0 0.212955 0.683978 0.010610 0.006404
0 0.199923 0.759439 0.010541 0.009860
0 0.328185 0.342586 0.008257 0.008035
0 0.323388 0.330451 0.008955 0.007596
0 0.404057 0.342717 0.008911 0.008586
0 0.431245 0.338805 0.006729 0.006749
0 0.821424 0.282362 0.005420 0.004953
0 0.124097 0.413625 0.013121 0.011357
0 0.226139 0.398388 0.007438 0.006738
0 0.215771 0.401412 0.006447 0.005099
0 0.266833 0.398528 0.006583 0.005954
0 0.407986 0.386101 0.008845 0.007640
0 0.460720 0.370478 0.008450 0.007815
0 0.460336 0.409914 0.006835 0.007135
0 0.399019 0.373464 0.008271 0.007459
0 0.398160 0.390735 0.007489 0.007747
0 0.529770 0.366975 0.008304 0.005228
0 0.473236 0.387840 0.006656 0.005554
0 0.522379 0.369110 0.008450 0.006428
0 0.472933 0.380970 0.006831 0.005811
0 0.481175 0.391142 0.006100 0.005238
0 0.480146 0.410103 0.007624 0.008210
0 0.533922 0.383721 0.005687 0.004997
0 0.536128 0.378538 0.006721 0.005244
0 0.481245 0.386390 0.006276 0.004819
0 0.518054 0.376665 0.008476 0.007009
0 0.485119 0.414814 0.007314 0.007292
0 0.471932 0.436301 0.006948 0.004592
0 0.520912 0.414126 0.007774 0.007325
0 0.508361 0.368347 0.006488 0.005554
0 0.525101 0.388688 0.007116 0.006280
0 0.503975 0.419039 0.007650 0.006110
0 0.646341 0.388540 0.005051 0.004641
0 0.590450 0.428176 0.005987 0.005513
0 0.587189 0.435014 0.004671 0.004852
0 0.643423 0.385071 0.005398 0.004013
0 0.808606 0.399749 0.006634 0.005485
0 0.724976 0.388887 0.005749 0.005175
0 0.812650 0.395399 0.006213 0.004882
0 0.743913 0.397322 0.005771 0.004709
0 0.286520 0.181760 0.007705 0.007407
0 0.690532 0.162301 0.004806 0.004219
0 0.308695 0.115969 0.006308 0.005661
0 0.291563 0.041456 0.007299 0.008459
0 0.280031 0.046312 0.007606 0.007092
