0 0.740454 0.791107 0.004131 0.004722
0 0.406982 0.680216 0.004424 0.008260
0 0.421142 0.678183 0.004032 0.007083
0 0.275077 0.858960 0.004720 0.007606
0 0.303202 0.864534 0.004128 0.008520
0 0.296564 0.835316 0.004849 0.006466
0 0.291716 0.832493 0.007171 0.006827
0 0.473032 0.639317 0.005192 0.008494
0 0.460288 0.618783 0.004485 0.008026
0 0.429841 0.608633 0.004249 0.007551
0 0.433498 0.608083 0.004249 0.006137
0 0.423586 0.609026 0.003777 0.006451
0 0.250022 0.675647 0.003887 0.005351
0 0.447070 0.594317 0.004720 0.006608
0 0.686875 0.792113 0.004633 0.007339
0 0.178865 0.915605 0.006837 0.018944
0 0.280519 0.862336 0.004312 0.006747
0 0.720275 0.797244 0.004603 0.007237
0 0.722516 0.794728 0.003421 0.004090
