0 0.087082 0.095868 0.002322 0.003366
0 0.069156 0.090450 0.002664 0.003823
0 0.087526 0.085205 0.003007 0.003735
0 0.085292 0.091970 0.003226 0.003860
0 0.008718 0.310084 0.008950 0.012588
0 0.111475 0.320009 0.004326 0.004587
0 0.062564 0.075599 0.003347 0.004006
0 0.086022 0.079013 0.003141 0.004101
0 0.101922 0.203653 0.007560 0.010113
0 0.102796 0.190614 0.007133 0.009064
0 0.184390 0.217758 0.007240 0.009609
0 0.634326 0.165691 0.005444 0.009364
0 0.047915 0.321740 0.009098 0.012354
0 0.012962 0.305492 0.008347 0.011276
0 0.041764 0.519547 0.006713 0.009854
0 0.724530 0.796268 0.006362 0.009371
0 0.073957 0.085426 0.003320 0.003922
