0 0.316347 0.557743 0.005880 0.009214
0 0.801971 0.429271 0.007785 0.010398
0 0.517974 0.382476 0.012390 0.017511
0 0.884734 0.342889 0.004633 0.007942
0 0.618481 0.305283 0.008893 0.016634
0 0.622934 0.292606 0.007640 0.011769
0 0.596080 0.330972 0.011261 0.017398
0 0.164412 0.280530 0.007722 0.012741
0 0.937090 0.226754 0.011916 0.012946
0 0.895991 0.183048 0.010217 0.014730
0 0.213694 0.659856 0.007788 0.012840
0 0.166919 0.258604 0.007220 0.009817
0 0.829374 0.481462 0.005244 0.007171
0 0.617811 0.486341 0.006083 0.008275
0 0.812601 0.427469 0.008723 0.013783
