0 0.514153 0.388949 0.006804 0.009836
0 0.343795 0.010289 0.008868 0.011637
0 0.392456 0.020378 0.008646 0.011393
0 0.398028 0.057452 0.007684 0.011981
0 0.401764 0.025959 0.005929 0.011027
0 0.405617 0.026915 0.003553 0.009627
0 0.311287 0.229867 0.005025 0.006385
0 0.307569 0.225526 0.004874 0.006330
0 0.297958 0.196369 0.011886 0.014046
0 0.330378 0.223829 0.005203 0.007175
0 0.429552 0.217140 0.005063 0.006933
0 0.389659 0.191129 0.005699 0.008202
0 0.432948 0.221245 0.004422 0.006926
0 0.434952 0.210031 0.006308 0.007138
0 0.523214 0.195830 0.006203 0.011769
0 0.445750 0.187474 0.007020 0.012142
0 0.509788 0.208408 0.006587 0.010742
0 0.510592 0.198269 0.007188 0.009170
0 0.492704 0.171330 0.003621 0.005417
0 0.604298 0.221544 0.007736 0.012445
0 0.597984 0.214936 0.009147 0.009404
0 0.610948 0.226416 0.006173 0.012701
0 0.821650 0.222579 0.005313 0.007058
0 0.829981 0.218112 0.005373 0.009426
0 0.831176 0.218867 0.007319 0.009232
0 0.873688 0.147211 0.006143 0.009693
0 0.851395 0.156219 0.005521 0.007029
0 0.822937 0.230804 0.004131 0.004401
0 0.836142 0.203997 0.005282 0.005800
0 0.827799 0.206833 0.004846 0.006195
0 0.824047 0.205848 0.003714 0.005168
0 0.837370 0.211422 0.003840 0.006133
0 0.866701 0.130726 0.004816 0.006034
0 0.816236 0.215685 0.004150 0.005508
0 0.863579 0.136276 0.004882 0.006703
0 0.814180 0.197787 0.003558 0.004872
0 0.831838 0.219620 0.006099 0.007091
0 0.855484 0.150294 0.005639 0.006561
0 0.816195 0.222175 0.004748 0.006477
0 0.886335 0.134982 0.005367 0.008480
0 0.884453 0.147452 0.006001 0.008955
0 0.882367 0.131310 0.004465 0.007138
0 0.304660 0.253768 0.009391 0.011477
0 0.308008 0.285777 0.010206 0.016100
0 0.314464 0.251389 0.009197 0.012654
0 0.319113 0.279373 0.009937 0.014170
0 0.314889 0.317615 0.008747 0.014112
0 0.311684 0.243176 0.008654 0.009064
0 0.390851 0.285068 0.005069 0.005406
0 0.503451 0.323644 0.006957 0.011871
0 0.460107 0.331173 0.008904 0.012573
0 0.504317 0.255963 0.007182 0.010683
0 0.513233 0.248814 0.006664 0.011210
0 0.506642 0.264106 0.006228 0.009156
0 0.512448 0.266065 0.007061 0.012211
0 0.523605 0.267069 0.005422 0.010146
0 0.486587 0.276285 0.007922 0.013929
0 0.491077 0.284327 0.004677 0.008494
0 0.587741 0.247056 0.007758 0.011049
0 0.593299 0.239501 0.006275 0.010128
0 0.572939 0.238589 0.008553 0.009342
0 0.602119 0.236844 0.005077 0.005852
0 0.604470 0.242463 0.007881 0.006776
0 0.680270 0.245583 0.008550 0.014762
0 0.690341 0.254516 0.007695 0.012548
0 0.726338 0.336508 0.006623 0.011736
0 0.733309 0.328690 0.006568 0.009433
0 0.707256 0.293191 0.003344 0.004759
0 0.819052 0.341767 0.006667 0.010632
0 0.798283 0.237184 0.005408 0.006531
0 0.803157 0.309304 0.007623 0.010800
0 0.818978 0.235974 0.004216 0.004112
0 0.873710 0.268169 0.006817 0.007544
0 0.814878 0.241656 0.004718 0.006725
0 0.792192 0.301756 0.005436 0.008944
0 0.814161 0.321603 0.008640 0.009660
0 0.819060 0.239865 0.004764 0.005329
0 0.898639 0.260119 0.006675 0.008922
0 0.068051 0.421111 0.011721 0.012113
0 0.094001 0.367584 0.011565 0.014912
0 0.105269 0.368761 0.010866 0.013816
0 0.232851 0.357255 0.008958 0.012346
0 0.241652 0.356859 0.009290 0.011963
0 0.218353 0.405461 0.011639 0.015651
0 0.357906 0.461181 0.006201 0.010015
0 0.452066 0.361668 0.010896 0.016239
0 0.609916 0.365294 0.007031 0.010179
0 0.567282 0.358902 0.005096 0.007569
0 0.555336 0.408257 0.003747 0.005607
0 0.677507 0.385556 0.008396 0.008311
0 0.653499 0.444295 0.004822 0.006572
0 0.755099 0.357864 0.009293 0.013973
0 0.753000 0.412496 0.008303 0.010365
0 0.745300 0.422151 0.008714 0.012840
0 0.743509 0.394156 0.007632 0.008304
0 0.836390 0.451754 0.010685 0.013999
0 0.848387 0.448818 0.012163 0.014704
0 0.120171 0.525234 0.013106 0.016009
0 0.168400 0.478467 0.007744 0.010990
0 0.214080 0.569755 0.010518 0.012778
0 0.229097 0.559077 0.009707 0.014404
0 0.427018 0.519611 0.010822 0.011429
0 0.423442 0.556632 0.008769 0.013015
0 0.433799 0.548401 0.008147 0.011897
0 0.411218 0.565822 0.004531 0.007836
0 0.522093 0.513891 0.008446 0.011502
0 0.441517 0.543536 0.005842 0.010260
0 0.529986 0.524099 0.007314 0.016458
0 0.730787 0.518204 0.008163 0.013052
0 0.720826 0.525267 0.007300 0.010943
0 0.836557 0.547107 0.010603 0.017387
0 0.832116 0.534152 0.009468 0.011871
0 0.836478 0.567167 0.007812 0.009159
0 0.828448 0.566804 0.006102 0.009499
0 0.796179 0.504172 0.005000 0.007036
0 0.937932 0.499852 0.008594 0.012548
0 0.236506 0.645219 0.006664 0.007610
0 0.253935 0.626968 0.005902 0.006700
0 0.329079 0.642120 0.005976 0.008194
0 0.420551 0.695157 0.009967 0.012208
0 0.434886 0.696096 0.007421 0.011316
0 0.572760 0.614446 0.008103 0.010004
0 0.573272 0.594910 0.007738 0.010281
0 0.675543 0.696374 0.011288 0.010760
0 0.668379 0.657292 0.006626 0.014474
0 0.277268 0.738057 0.007744 0.012986
0 0.310302 0.710846 0.009139 0.015325
0 0.469465 0.790477 0.007741 0.009558
0 0.568594 0.709287 0.008553 0.012317
0 0.576887 0.707266 0.010008 0.011023
0 0.644164 0.742007 0.006727 0.013560
0 0.891808 0.732370 0.007448 0.010837
0 0.940611 0.812562 0.009709 0.011827
0 0.950917 0.813428 0.010546 0.009912
0 0.887234 0.718642 0.006497 0.010347
0 0.881868 0.747630 0.008226 0.010983
0 0.163311 0.840775 0.005318 0.007537
0 0.169587 0.842829 0.007042 0.008582
0 0.160913 0.848231 0.005855 0.007544
0 0.311114 0.830212 0.009164 0.014927
0 0.435428 0.894269 0.006338 0.009247
0 0.698355 0.836519 0.006798 0.011751
0 0.674552 0.842284 0.008561 0.014342
0 0.731498 0.870908 0.007980 0.013505
0 0.724291 0.862398 0.011001 0.014211
0 0.737005 0.863768 0.009624 0.011586
0 0.771626 0.833723 0.011124 0.013162
0 0.709305 0.842591 0.012804 0.018114
0 0.748529 0.840272 0.008281 0.012993
0 0.759047 0.849678 0.006521 0.009803
0 0.755916 0.846581 0.007473 0.014346
0 0.758029 0.847699 0.007922 0.013520
0 0.755854 0.844508 0.007168 0.010406
0 0.935304 0.915141 0.008882 0.011948
0 0.932826 0.926952 0.009364 0.011703
0 0.961010 0.891773 0.007437 0.010760
0 0.530217 0.350048 0.007632 0.010724
0 0.427917 0.702082 0.009227 0.013322
0 0.318196 0.700121 0.011365 0.010256
0 0.441086 0.699519 0.008580 0.014412
0 0.497832 0.298187 0.008158 0.014137
0 0.581236 0.233068 0.009380 0.009514
0 0.581643 0.247069 0.005710 0.012507
0 0.443794 0.156257 0.007341 0.009247
0 0.331458 0.233264 0.004956 0.006988
0 0.230921 0.386036 0.009380 0.020662
0 0.073469 0.538145 0.010765 0.016049
0 0.081612 0.544187 0.011754 0.015296
0 0.054423 0.575154 0.012037 0.010760
0 0.054139 0.587237 0.010905 0.013406
0 0.069150 0.587522 0.010620 0.021148
0 0.186169 0.612270 0.009175 0.011557
0 0.138503 0.624280 0.008328 0.010651
0 0.141817 0.633229 0.008158 0.011327
0 0.199849 0.555512 0.005609 0.010877
0 0.210980 0.556758 0.005436 0.009744
0 0.319975 0.823330 0.009178 0.014276
0 0.220990 0.814039 0.006288 0.009744
0 0.308591 0.906824 0.009178 0.015863
0 0.317172 0.901385 0.008325 0.011784
0 0.315048 0.915207 0.009855 0.013140
0 0.307231 0.943529 0.008498 0.015859
0 0.305107 0.957237 0.010027 0.015636
0 0.291002 0.964035 0.007985 0.017449
0 0.296949 0.965735 0.007308 0.015409
0 0.318772 0.690302 0.010570 0.009726
0 0.319223 0.665881 0.007788 0.008874
0 0.307823 0.675698 0.005663 0.007741
0 0.227127 0.575791 0.011217 0.014952
0 0.098436 0.382071 0.016143 0.016992
0 0.055595 0.412705 0.014633 0.014006
0 0.086136 0.386177 0.009794 0.018567
0 0.414811 0.176182 0.007456 0.013110
0 0.495951 0.167213 0.006393 0.006817
0 0.482527 0.288816 0.007621 0.014423
0 0.518488 0.350247 0.007212 0.013988
0 0.514398 0.381137 0.008769 0.009942
0 0.519808 0.435007 0.009424 0.012237
0 0.510916 0.440744 0.008196 0.009726
0 0.538211 0.510503 0.011752 0.016049
0 0.527732 0.502950 0.010622 0.011140
0 0.551310 0.525040 0.008777 0.015673
0 0.568372 0.699156 0.010148 0.013216
0 0.639019 0.735011 0.008459 0.011279
0 0.636658 0.744125 0.006491 0.009572
0 0.684779 0.846349 0.012887 0.016425
0 0.660069 0.813686 0.009062 0.016049
0 0.684922 0.822937 0.011187 0.014916
0 0.697100 0.825013 0.008355 0.009631
0 0.751309 0.913889 0.013879 0.020395
0 0.763771 0.922197 0.011615 0.015102
0 0.772551 0.917286 0.007081 0.010574
0 0.778003 0.904258 0.011472 0.013216
0 0.785650 0.906714 0.007220 0.011330
0 0.809087 0.905486 0.010762 0.015673
0 0.806113 0.928617 0.009348 0.017372
0 0.818716 0.970808 0.008215 0.012632
0 0.809723 0.978454 0.007505 0.013575
0 0.854402 0.927200 0.009062 0.013406
0 0.846968 0.923141 0.008355 0.012460
0 0.933122 0.940892 0.010603 0.017127
0 0.862525 0.504238 0.012747 0.017898
0 0.853603 0.528821 0.010535 0.018125
0 0.935063 0.510205 0.006064 0.011477
0 0.938014 0.536319 0.008358 0.009072
0 0.817103 0.353880 0.009912 0.010954
0 0.822200 0.363697 0.007366 0.010574
0 0.815474 0.329523 0.010055 0.011707
0 0.684960 0.413560 0.009855 0.012690
0 0.715293 0.395662 0.006288 0.012690
0 0.717078 0.407443 0.006798 0.012686
0 0.616262 0.619284 0.006390 0.010358
0 0.625507 0.613056 0.009737 0.012851
0 0.624868 0.621184 0.006294 0.008129
0 0.522630 0.617527 0.008972 0.013593
0 0.486682 0.659013 0.010365 0.010197
0 0.480310 0.664905 0.005779 0.007931
