0 0.270658 0.038154 0.004918 0.007537
0 0.140362 0.125077 0.005663 0.008026
0 0.234698 0.680998 0.006727 0.011959
0 0.380884 0.383004 0.004345 0.008085
0 0.386579 0.381477 0.003772 0.006557
0 0.468949 0.422007 0.005260 0.006104
0 0.450789 0.429793 0.003553 0.006100
0 0.354278 0.547838 0.003824 0.004280
0 0.350932 0.548385 0.003416 0.005738
0 0.823986 0.029719 0.005175 0.008348
0 0.933470 0.090358 0.006420 0.008838
0 0.074873 0.212082 0.003983 0.005954
0 0.906181 0.104514 0.003432 0.005417
0 0.076190 0.218191 0.004589 0.006711
0 0.049535 0.201753 0.004745 0.007277
0 0.094224 0.160683 0.004529 0.005848
0 0.106694 0.204253 0.005422 0.008169
0 0.102678 0.198120 0.005236 0.006955
0 0.101176 0.197999 0.005647 0.006795
0 0.157700 0.230641 0.005252 0.006553
0 0.101557 0.167443 0.004287 0.006751
0 0.152440 0.219569 0.004737 0.007288
0 0.145363 0.228819 0.005184 0.008363
0 0.363747 0.218562 0.004611 0.007145
0 0.514940 0.121683 0.004430 0.008754
0 0.521350 0.131265 0.005112 0.009496
0 0.492192 0.152937 0.004422 0.006831
0 0.514153 0.130457 0.004857 0.008472
0 0.486043 0.149258 0.004076 0.006769
0 0.480998 0.150261 0.004035 0.006078
0 0.446128 0.173779 0.003035 0.004949
0 0.606520 0.185826 0.003988 0.007164
0 0.538564 0.132699 0.003947 0.007401
0 0.565421 0.142401 0.003007 0.004298
0 0.581340 0.142836 0.004068 0.006732
0 0.541934 0.131120 0.003764 0.006634
0 0.554918 0.226860 0.003942 0.005819
0 0.660395 0.229212 0.003646 0.005640
0 0.660569 0.141709 0.003769 0.006407
0 0.753713 0.211721 0.005502 0.008275
0 0.747404 0.210221 0.005252 0.008783
0 0.829759 0.222677 0.004962 0.007094
0 0.843724 0.177016 0.005129 0.008352
0 0.947074 0.121683 0.004800 0.006882
0 0.001917 0.274406 0.003835 0.008162
0 0.012721 0.257571 0.005140 0.007584
0 0.334878 0.238067 0.003934 0.005782
0 0.301785 0.310196 0.004254 0.006224
0 0.329707 0.238456 0.004419 0.006670
0 0.314285 0.239010 0.005329 0.007244
0 0.338006 0.235667 0.003753 0.003498
0 0.415905 0.304625 0.003969 0.006458
0 0.419064 0.253527 0.003808 0.007646
0 0.419005 0.265722 0.003476 0.005084
0 0.417146 0.261029 0.003355 0.005179
0 0.402578 0.280181 0.004213 0.007752
0 0.483831 0.287142 0.004586 0.007865
0 0.502367 0.328280 0.004285 0.006656
0 0.483708 0.312685 0.004060 0.006371
0 0.550729 0.272096 0.004238 0.007452
0 0.549687 0.323145 0.003854 0.004945
0 0.547863 0.263498 0.005008 0.007273
0 0.535818 0.322387 0.003490 0.006542
0 0.615499 0.318335 0.002928 0.006107
0 0.718782 0.262893 0.003912 0.006005
0 0.040433 0.464806 0.003794 0.004898
0 0.078272 0.432769 0.004586 0.006787
0 0.163255 0.375254 0.004597 0.007548
0 0.168532 0.386367 0.004619 0.006923
0 0.248048 0.433724 0.003361 0.005212
0 0.298147 0.401862 0.005883 0.007964
0 0.299936 0.408291 0.004668 0.007248
0 0.389995 0.383198 0.004507 0.008056
0 0.443893 0.364042 0.003361 0.005965
0 0.464995 0.425753 0.004062 0.006177
0 0.585547 0.361100 0.004553 0.008560
0 0.590281 0.367306 0.005929 0.010307
0 0.662009 0.385800 0.004249 0.006703
0 0.655699 0.368533 0.004698 0.006670
0 0.023453 0.579141 0.005178 0.008238
0 0.155064 0.502860 0.005244 0.007621
0 0.145933 0.494318 0.005255 0.007489
0 0.201202 0.580596 0.006373 0.008399
0 0.410206 0.570161 0.004512 0.007632
0 0.078723 0.607876 0.004885 0.007654
0 0.188592 0.626774 0.005140 0.007986
0 0.221920 0.637480 0.004235 0.005925
0 0.192362 0.615424 0.006033 0.009554
0 0.347619 0.696451 0.003720 0.006477
0 0.347601 0.659931 0.004183 0.007010
0 0.339594 0.642622 0.004457 0.007240
0 0.274428 0.641612 0.003358 0.005811
0 0.271550 0.636926 0.003544 0.004437
0 0.377194 0.650554 0.004756 0.008132
0 0.542542 0.673659 0.004043 0.006338
0 0.545895 0.676764 0.004241 0.007650
0 0.571240 0.667374 0.004745 0.007635
0 0.620426 0.639148 0.005419 0.008808
0 0.593960 0.735989 0.004526 0.007182
0 0.745807 0.720610 0.005332 0.007909
0 0.751214 0.717500 0.006650 0.009635
0 0.777252 0.084443 0.004668 0.007343
0 0.565147 0.051018 0.003692 0.005983
0 0.565931 0.036972 0.003660 0.006049
0 0.559933 0.036404 0.003923 0.006287
0 0.557971 0.042630 0.004463 0.008615
0 0.542793 0.035409 0.005515 0.009189
0 0.454146 0.095172 0.004246 0.007303
0 0.466748 0.003883 0.005260 0.007767
0 0.442669 0.066764 0.005112 0.008893
0 0.470345 0.032034 0.004041 0.007072
0 0.472951 0.017833 0.005491 0.008765
0 0.471790 0.007926 0.005214 0.008088
0 0.471102 0.085082 0.005093 0.008286
0 0.368003 0.007131 0.005765 0.010256
0 0.373019 0.007312 0.005112 0.009616
0 0.264228 0.040585 0.002141 0.006564
0 0.296297 0.095727 0.003871 0.006462
0 0.294605 0.033279 0.003695 0.005702
0 0.287087 0.099311 0.004427 0.008015
0 0.275928 0.040799 0.004668 0.006780
0 0.280144 0.035464 0.003429 0.006250
0 0.317537 0.113730 0.004948 0.006458
0 0.230407 0.060133 0.003583 0.005932
0 0.256339 0.094163 0.003166 0.005307
0 0.258551 0.089092 0.004487 0.006086
0 0.759289 0.213472 0.005715 0.009115
0 0.930140 0.107474 0.004523 0.006820
0 0.925567 0.104327 0.006393 0.007865
0 0.930583 0.100261 0.005803 0.007606
0 0.916469 0.098295 0.005115 0.007869
0 0.906144 0.099605 0.003736 0.003933
0 0.907079 0.087544 0.003835 0.006820
0 0.911258 0.084265 0.004326 0.008655
0 0.919371 0.089444 0.004816 0.005899
0 0.871724 0.096433 0.004720 0.008129
0 0.875510 0.105285 0.004424 0.006689
0 0.878067 0.116363 0.004424 0.008129
0 0.868429 0.121765 0.005016 0.008129
0 0.872511 0.122027 0.004720 0.007343
0 0.992822 0.125148 0.005606 0.005245
0 0.996460 0.129607 0.005606 0.006817
0 0.993314 0.132820 0.004819 0.008001
0 0.996461 0.177663 0.004819 0.005376
0 0.991150 0.178582 0.003440 0.005899
0 0.993117 0.182580 0.003246 0.006031
0 0.982595 0.176288 0.005014 0.007343
0 0.986479 0.177074 0.004915 0.007343
0 0.869138 0.089183 0.005408 0.008914
0 0.797338 0.111093 0.006393 0.008918
0 0.792225 0.116140 0.005211 0.008260
0 0.783226 0.090704 0.006294 0.007738
0 0.770983 0.076411 0.005408 0.007215
0 0.848710 0.035707 0.006938 0.011707
0 0.940447 0.136374 0.004720 0.007997
0 0.847803 0.186352 0.004575 0.009379
0 0.839812 0.183893 0.004438 0.007558
0 0.869620 0.190841 0.007475 0.007997
0 0.762606 0.214698 0.004180 0.006882
0 0.768792 0.218470 0.004263 0.007211
0 0.773161 0.260285 0.004589 0.008743
0 0.749886 0.282904 0.005079 0.007869
0 0.769964 0.297710 0.004589 0.009507
0 0.775905 0.297765 0.004671 0.009836
0 0.653809 0.147361 0.004427 0.008918
0 0.686972 0.140342 0.003851 0.006122
0 0.657484 0.146223 0.004095 0.007964
0 0.755040 0.040833 0.005737 0.008830
0 0.477797 0.014784 0.006099 0.008918
0 0.479764 0.019963 0.005115 0.008260
0 0.462211 0.009211 0.005211 0.010095
0 0.416632 0.107560 0.004893 0.008498
0 0.365147 0.081115 0.005074 0.009284
0 0.358479 0.209753 0.004370 0.007014
0 0.328435 0.097460 0.003777 0.006294
0 0.362538 0.119097 0.005192 0.008341
