0 0.148607 0.663869 0.012961 0.012892
0 0.052465 0.599120 0.037628 0.023712
0 0.508399 0.403092 0.026235 0.033942
0 0.292942 0.371856 0.030168 0.020658
0 0.387951 0.279883 0.030164 0.022799
0 0.335903 0.262651 0.021645 0.016727
0 0.456586 0.237563 0.024269 0.022626
0 0.296813 0.087082 0.011703 0.008303
0 0.276941 0.049442 0.019825 0.010825
0 0.621336 0.254893 0.017029 0.015038
0 0.595431 0.280795 0.021272 0.012259
0 0.740442 0.299642 0.019664 0.015491
0 0.836760 0.359766 0.014909 0.014844
0 0.812387 0.451014 0.012654 0.024836
0 0.349340 0.110456 0.016605 0.008698
0 0.269251 0.190463 0.035892 0.033295
0 0.694739 0.290341 0.040610 0.024794
0 0.985970 0.428118 0.028059 0.036834
0 0.363498 0.606205 0.027785 0.014690
0 0.286069 0.666327 0.033249 0.023569
0 0.408783 0.872002 0.026784 0.022958
0 0.313405 0.827730 0.022957 0.025417
0 0.009510 0.634243 0.019020 0.022955
0 0.859735 0.908650 0.022065 0.017267
0 0.739404 0.821371 0.023114 0.017533
