0 0.158522 0.197268 0.006854 0.012526
0 0.134593 0.420676 0.016344 0.021591
0 0.228375 0.570761 0.009860 0.011104
0 0.187305 0.634064 0.008691 0.012826
0 0.227096 0.669394 0.009919 0.013857
0 0.463255 0.589472 0.006638 0.009045
0 0.467137 0.599918 0.004754 0.008533
0 0.255853 0.779776 0.014345 0.013631
0 0.348761 0.730830 0.004007 0.006480
0 0.348310 0.715825 0.004545 0.007803
0 0.412522 0.722204 0.005504 0.007305
0 0.385433 0.799536 0.006665 0.010200
0 0.489794 0.806514 0.006757 0.008345
0 0.511874 0.791835 0.004081 0.005906
0 0.667001 0.792243 0.012683 0.017610
0 0.645883 0.749703 0.008200 0.013168
0 0.650259 0.759739 0.006857 0.007003
0 0.910868 0.751927 0.009453 0.013587
0 0.194900 0.915662 0.005911 0.008626
0 0.201749 0.908390 0.004797 0.006249
