0 0.031127 0.421977 0.012909 0.015626
0 0.611875 0.440152 0.004236 0.008359
0 0.233555 0.483013 0.010902 0.016563
0 0.202632 0.509909 0.007605 0.011220
0 0.213469 0.480029 0.008699 0.013055
0 0.550004 0.571445 0.007488 0.013730
0 0.570803 0.575220 0.008333 0.011240
0 0.140538 0.662432 0.004627 0.006565
0 0.137261 0.660199 0.003811 0.006108
0 0.502626 0.616266 0.004605 0.006494
0 0.536815 0.686679 0.008948 0.009699
0 0.543710 0.692640 0.005317 0.009281
0 0.226257 0.734453 0.004053 0.006348
0 0.228741 0.725904 0.005054 0.005800
0 0.622259 0.764719 0.004858 0.009404
0 0.625903 0.789516 0.006032 0.009262
0 0.134041 0.829767 0.008725 0.013592
