0 0.514288 0.080481 0.013037 0.011417
0 0.569796 0.085328 0.011601 0.004782
0 0.618707 0.082173 0.010774 0.010001
0 0.495963 0.132267 0.011133 0.009674
0 0.523938 0.143274 0.010505 0.010129
0 0.526906 0.091461 0.009673 0.007269
0 0.540685 0.107060 0.010715 0.008537
0 0.504502 0.138857 0.010977 0.009163
0 0.535276 0.114270 0.010666 0.007850
0 0.538633 0.123584 0.010171 0.008749
0 0.557904 0.102726 0.010109 0.009768
0 0.547517 0.122681 0.009951 0.008789
0 0.566018 0.103645 0.009725 0.008743
0 0.686647 0.134440 0.012352 0.009746
0 0.675432 0.136150 0.011354 0.008681
0 0.633313 0.109510 0.011019 0.010233
0 0.689434 0.125644 0.010499 0.008046
0 0.602120 0.141110 0.011721 0.011016
0 0.604630 0.172082 0.008226 0.006470
0 0.602734 0.090393 0.011735 0.005269
0 0.591110 0.145788 0.009236 0.008930
0 0.792401 0.138836 0.011546 0.009455
0 0.782602 0.136228 0.011926 0.009620
0 0.714354 0.142495 0.009869 0.007338
0 0.706258 0.137486 0.008992 0.007273
0 0.773707 0.143799 0.011456 0.009809
0 0.746314 0.171252 0.011095 0.007861
0 0.746114 0.163847 0.009134 0.007484
0 0.799022 0.148413 0.010183 0.007124
0 0.718739 0.147430 0.007037 0.005281
0 0.756391 0.167650 0.008144 0.009617
0 0.770396 0.165080 0.008453 0.008141
0 0.776504 0.165671 0.007334 0.008011
0 0.770553 0.173177 0.009948 0.004419
0 0.798742 0.170059 0.007630 0.005649
0 0.770247 0.130307 0.010057 0.007365
0 0.790846 0.163405 0.010257 0.006008
0 0.849349 0.125115 0.012534 0.010274
0 0.880946 0.149353 0.012397 0.009444
0 0.879252 0.136281 0.013119 0.009263
0 0.890394 0.156271 0.013491 0.010126
0 0.878727 0.128162 0.012206 0.009165
0 0.845036 0.161434 0.009541 0.007911
0 0.854833 0.117081 0.011630 0.007025
0 0.018745 0.256549 0.012144 0.008801
0 0.033651 0.259394 0.011595 0.007529
0 0.020787 0.225002 0.014694 0.008230
0 0.026046 0.260447 0.006014 0.005416
0 0.045533 0.228308 0.007002 0.008300
0 0.193818 0.185481 0.010334 0.008127
0 0.143727 0.235165 0.010473 0.007529
0 0.191581 0.206713 0.012035 0.006100
0 0.185770 0.180191 0.009803 0.007865
0 0.135968 0.239976 0.013085 0.008596
0 0.124063 0.209282 0.011147 0.007781
0 0.176992 0.190904 0.008547 0.005561
0 0.230656 0.197098 0.006525 0.006945
0 0.177972 0.185879 0.008604 0.005587
0 0.182343 0.195208 0.009193 0.006613
0 0.188508 0.216816 0.008751 0.006643
0 0.199119 0.217229 0.008334 0.006733
0 0.212172 0.210748 0.005287 0.005812
0 0.174311 0.236825 0.007729 0.006223
0 0.178517 0.226722 0.008087 0.006356
0 0.256222 0.183473 0.010976 0.007375
0 0.243388 0.178500 0.010907 0.006115
0 0.344225 0.242904 0.007302 0.005355
0 0.343180 0.249430 0.008061 0.006072
0 0.315744 0.247554 0.009169 0.007050
0 0.346647 0.232862 0.008139 0.005353
0 0.347745 0.227213 0.006264 0.006150
0 0.276296 0.190008 0.011118 0.006836
0 0.250048 0.192598 0.008996 0.008081
0 0.257732 0.226234 0.007792 0.007260
0 0.324029 0.254282 0.007384 0.007371
0 0.336283 0.245866 0.007173 0.005560
0 0.322127 0.246633 0.006541 0.007088
0 0.348787 0.244691 0.004180 0.005431
0 0.248134 0.183883 0.007869 0.006753
0 0.292102 0.244086 0.008749 0.007829
0 0.316942 0.246854 0.010961 0.008009
0 0.254063 0.235034 0.007316 0.006008
0 0.243168 0.259084 0.007928 0.007162
0 0.349315 0.256923 0.003063 0.006333
0 0.319490 0.246817 0.009698 0.007462
0 0.308403 0.246139 0.007693 0.007296
0 0.311013 0.235450 0.008572 0.006026
0 0.302823 0.242078 0.007048 0.004795
0 0.300296 0.248324 0.007903 0.005013
0 0.329019 0.228203 0.005533 0.005574
0 0.338276 0.256856 0.007413 0.005583
0 0.279167 0.236299 0.006291 0.005104
0 0.324043 0.234046 0.006736 0.006858
0 0.236105 0.233875 0.004292 0.006908
0 0.463558 0.228815 0.008557 0.006951
0 0.453370 0.224276 0.006788 0.005765
0 0.354174 0.254616 0.006595 0.008174
0 0.462876 0.222141 0.008133 0.005241
0 0.359463 0.258641 0.006906 0.006000
0 0.457533 0.218977 0.008799 0.005551
0 0.389931 0.231772 0.007351 0.006402
0 0.440142 0.226620 0.007012 0.005247
0 0.368026 0.197486 0.008060 0.006352
0 0.402807 0.229974 0.007046 0.006594
0 0.355040 0.232078 0.007746 0.006211
0 0.437706 0.209163 0.006512 0.005267
0 0.368538 0.234042 0.007001 0.005385
0 0.438454 0.234378 0.007856 0.005840
0 0.461543 0.221157 0.007323 0.005970
0 0.455207 0.224121 0.008441 0.005771
0 0.354607 0.261557 0.007235 0.003203
0 0.558341 0.249132 0.008380 0.007839
0 0.551241 0.248523 0.008711 0.008207
0 0.472898 0.238024 0.008192 0.008498
0 0.483815 0.225998 0.007777 0.006447
0 0.564485 0.241309 0.006587 0.005004
0 0.499707 0.254843 0.007724 0.005757
0 0.605739 0.201768 0.009746 0.009311
0 0.670416 0.223081 0.009810 0.007787
0 0.628854 0.248852 0.011142 0.008146
0 0.679747 0.229190 0.009588 0.008097
0 0.620710 0.253718 0.008676 0.007403
0 0.620728 0.222563 0.008073 0.007224
0 0.597468 0.188043 0.009415 0.007082
0 0.599023 0.181156 0.009206 0.008105
0 0.647729 0.232447 0.009434 0.007972
0 0.632401 0.225869 0.009018 0.007410
0 0.635663 0.216677 0.009217 0.007342
0 0.588202 0.247390 0.006814 0.007285
0 0.728404 0.191168 0.008827 0.007638
0 0.747892 0.248148 0.010774 0.009771
0 0.738469 0.191082 0.011076 0.009066
0 0.731031 0.184259 0.007468 0.005613
0 0.770754 0.210188 0.009266 0.008110
0 0.740915 0.206007 0.008458 0.008100
0 0.741449 0.234531 0.010786 0.009911
0 0.715536 0.191037 0.008210 0.006639
0 0.732536 0.178056 0.008906 0.005170
0 0.788783 0.211738 0.008265 0.008130
0 0.764086 0.215626 0.008324 0.006110
0 0.740473 0.178587 0.007520 0.006016
0 0.712210 0.198681 0.008501 0.005956
0 0.795365 0.252275 0.013866 0.008987
0 0.815299 0.251128 0.006829 0.008705
0 0.722027 0.190629 0.006241 0.006398
0 0.765520 0.247999 0.007021 0.006453
0 0.714994 0.212807 0.005517 0.005414
0 0.716973 0.236786 0.008140 0.006153
0 0.856439 0.211225 0.012243 0.008923
0 0.841684 0.259460 0.011607 0.007359
0 0.839038 0.241802 0.010944 0.009017
0 0.878431 0.253576 0.009872 0.009293
0 0.871725 0.256465 0.008759 0.006810
0 0.869988 0.206424 0.009511 0.009007
0 0.865857 0.247222 0.010885 0.007183
0 0.916184 0.179206 0.010170 0.007236
0 0.848733 0.205552 0.010249 0.008718
0 0.820916 0.217419 0.004309 0.008427
0 0.833659 0.235277 0.008106 0.007023
0 0.878026 0.176563 0.011874 0.002220
0 0.014973 0.298403 0.011827 0.008308
0 0.004689 0.297861 0.009004 0.007712
0 0.022006 0.279500 0.011880 0.006767
0 0.112197 0.311312 0.009298 0.007746
0 0.010118 0.291950 0.011176 0.006687
0 0.106886 0.321006 0.008678 0.005785
0 0.070369 0.339596 0.007930 0.005742
0 0.076469 0.340609 0.005674 0.005972
0 0.086111 0.343598 0.005464 0.005069
0 0.080078 0.328067 0.012353 0.006186
0 0.004420 0.270026 0.008840 0.010131
0 0.055277 0.340106 0.007262 0.005479
0 0.034159 0.264203 0.012044 0.002090
0 0.012820 0.311153 0.007852 0.004394
0 0.140872 0.293037 0.010754 0.007089
0 0.168065 0.344490 0.010818 0.007047
0 0.133056 0.293521 0.007670 0.007398
0 0.154869 0.324898 0.007735 0.005066
0 0.128919 0.347613 0.011087 0.006395
0 0.171530 0.324390 0.007885 0.005947
0 0.165820 0.338176 0.006849 0.006228
0 0.162189 0.323362 0.007312 0.004173
0 0.220238 0.314386 0.009787 0.006904
0 0.206366 0.346950 0.009009 0.006927
0 0.173188 0.337216 0.008536 0.005252
0 0.181792 0.327443 0.007321 0.006055
0 0.120202 0.333360 0.006402 0.005778
0 0.173424 0.332956 0.008317 0.004898
0 0.142782 0.342179 0.007245 0.005114
0 0.190049 0.328827 0.007724 0.006230
0 0.158808 0.319363 0.006327 0.003958
0 0.175375 0.349532 0.008825 0.002691
0 0.197997 0.348658 0.008956 0.004438
0 0.243152 0.297087 0.010609 0.008508
0 0.269148 0.313714 0.009115 0.006633
0 0.276429 0.308816 0.010202 0.005888
0 0.335021 0.331912 0.007901 0.006807
0 0.295061 0.315653 0.009893 0.007283
0 0.248180 0.308960 0.010948 0.008331
0 0.345918 0.339230 0.008837 0.007365
0 0.305182 0.310166 0.008886 0.008547
0 0.288771 0.320562 0.009507 0.006696
0 0.256333 0.286600 0.008124 0.008486
0 0.253369 0.343561 0.010370 0.007857
0 0.309645 0.327749 0.008165 0.005918
0 0.273727 0.274721 0.008216 0.006784
0 0.260582 0.315189 0.009742 0.008122
0 0.253893 0.271202 0.009493 0.009244
0 0.272560 0.282431 0.009797 0.006712
0 0.297667 0.298828 0.008056 0.007879
0 0.272378 0.294635 0.008113 0.005163
0 0.255026 0.305235 0.008177 0.006659
0 0.330394 0.329733 0.006697 0.006641
0 0.313119 0.334788 0.009405 0.006912
0 0.343077 0.292500 0.007005 0.005184
0 0.240434 0.323703 0.010413 0.008517
0 0.258058 0.331759 0.008302 0.005165
0 0.238471 0.290115 0.009105 0.007719
0 0.305458 0.318861 0.006317 0.004531
0 0.314833 0.334916 0.008696 0.006592
0 0.332999 0.331132 0.005624 0.007339
0 0.355347 0.338614 0.008857 0.007021
0 0.370093 0.305589 0.007495 0.005365
0 0.449560 0.344050 0.007888 0.007216
0 0.359275 0.311304 0.007839 0.006741
0 0.456208 0.326663 0.009580 0.007525
0 0.448049 0.336593 0.009119 0.006706
0 0.385996 0.312781 0.007362 0.006758
0 0.354876 0.264854 0.007997 0.003342
0 0.370439 0.313341 0.006934 0.006091
0 0.459132 0.338920 0.007736 0.007096
0 0.464731 0.333793 0.006210 0.006090
0 0.434347 0.311526 0.007793 0.006843
0 0.433006 0.311467 0.006877 0.006820
0 0.420045 0.274302 0.008428 0.006051
0 0.457600 0.326572 0.006985 0.007538
0 0.428218 0.314867 0.006332 0.004976
0 0.364004 0.305786 0.004971 0.004858
0 0.427016 0.305755 0.005506 0.003773
0 0.500458 0.334547 0.008920 0.006330
0 0.516566 0.344322 0.009463 0.006742
0 0.533535 0.294924 0.008900 0.006478
0 0.499111 0.291009 0.009742 0.007148
0 0.491671 0.287668 0.009255 0.006888
0 0.525379 0.297492 0.009098 0.007282
0 0.554819 0.286029 0.006749 0.004906
0 0.500698 0.302832 0.010144 0.006981
0 0.553680 0.279793 0.007352 0.005033
0 0.580600 0.332527 0.008291 0.007091
0 0.519125 0.337158 0.007611 0.006766
0 0.547959 0.339404 0.008078 0.007082
0 0.498295 0.328568 0.008450 0.006764
0 0.517107 0.267848 0.006829 0.006394
0 0.558574 0.290073 0.006955 0.004119
0 0.519737 0.349645 0.009811 0.002464
0 0.479176 0.278959 0.009077 0.007603
0 0.497626 0.273868 0.007631 0.006162
0 0.494274 0.338753 0.006227 0.005186
0 0.496518 0.265666 0.009442 0.005016
0 0.516980 0.329849 0.007116 0.006791
0 0.563417 0.277497 0.006989 0.005802
0 0.562831 0.294110 0.007090 0.005519
0 0.498145 0.301702 0.007290 0.005807
0 0.570805 0.334261 0.009093 0.006466
0 0.543407 0.266844 0.007186 0.006316
0 0.495364 0.265411 0.007595 0.004506
0 0.509929 0.347939 0.005356 0.004958
0 0.562511 0.266733 0.005068 0.004791
0 0.470529 0.328021 0.005259 0.004921
0 0.562200 0.347388 0.005760 0.004283
0 0.553979 0.266148 0.007507 0.005893
0 0.504263 0.297772 0.004209 0.003766
0 0.551631 0.272225 0.007748 0.006643
0 0.560217 0.326060 0.006519 0.004472
0 0.538809 0.337811 0.004502 0.005239
0 0.491233 0.301133 0.006336 0.004987
0 0.550564 0.273163 0.007734 0.005961
0 0.693870 0.286611 0.011148 0.008438
0 0.656821 0.347605 0.010358 0.006434
0 0.609689 0.277442 0.009493 0.006841
0 0.669150 0.335986 0.009549 0.007770
0 0.599051 0.277188 0.006586 0.006191
0 0.630465 0.286626 0.010194 0.008127
0 0.662930 0.342252 0.008993 0.006128
0 0.674597 0.289894 0.008321 0.006292
0 0.614755 0.306101 0.007726 0.007238
0 0.617370 0.287617 0.007501 0.005724
0 0.621904 0.281810 0.010103 0.005968
0 0.686604 0.304285 0.009605 0.007369
0 0.589292 0.277676 0.008559 0.007746
0 0.617161 0.265480 0.008911 0.004600
0 0.680342 0.292083 0.005770 0.005978
0 0.699045 0.327470 0.005418 0.007001
0 0.601710 0.326493 0.006733 0.006617
0 0.803266 0.267304 0.012810 0.008291
0 0.799962 0.331477 0.010577 0.009164
0 0.760821 0.303676 0.010991 0.009352
0 0.814506 0.309817 0.008397 0.007191
0 0.806404 0.314952 0.013308 0.008849
0 0.812309 0.348285 0.010250 0.005176
0 0.724167 0.294790 0.008008 0.007883
0 0.807996 0.314880 0.009680 0.008329
0 0.723688 0.312876 0.009082 0.006544
0 0.744916 0.288807 0.010962 0.008715
0 0.713741 0.286873 0.007490 0.007432
0 0.836395 0.291488 0.011559 0.009071
0 0.881469 0.277964 0.010388 0.008437
0 0.925678 0.315358 0.012275 0.009797
0 0.931278 0.333199 0.008789 0.008865
0 0.842474 0.264160 0.012632 0.002005
0 0.889449 0.278231 0.007918 0.008629
0 0.849114 0.271398 0.008769 0.005853
0 0.821452 0.344559 0.005435 0.006491
0 0.074115 0.403184 0.010685 0.007639
0 0.090512 0.366756 0.011244 0.008433
0 0.099049 0.371799 0.010558 0.008014
0 0.054071 0.426071 0.012005 0.008740
0 0.035856 0.354683 0.013024 0.007532
0 0.024822 0.354897 0.011460 0.007398
0 0.106965 0.423743 0.008678 0.008024
0 0.098773 0.425020 0.010088 0.006983
0 0.073409 0.395787 0.010593 0.006756
0 0.100451 0.378125 0.010241 0.006248
0 0.112955 0.358511 0.008007 0.008031
0 0.062516 0.410167 0.010781 0.008106
0 0.075297 0.395778 0.007035 0.006679
0 0.113078 0.408157 0.007762 0.008100
0 0.070396 0.379711 0.008762 0.007217
0 0.071509 0.395710 0.007817 0.006683
0 0.083234 0.372531 0.010332 0.007664
0 0.040676 0.373827 0.006700 0.005341
0 0.157905 0.399628 0.011086 0.006765
0 0.148418 0.403702 0.011651 0.007312
0 0.215442 0.432125 0.011873 0.009355
0 0.197413 0.433861 0.012112 0.008364
0 0.166083 0.404666 0.009820 0.007576
0 0.198223 0.388480 0.010989 0.008970
0 0.121521 0.363488 0.009082 0.006896
0 0.138138 0.409699 0.011780 0.007094
0 0.126355 0.369308 0.008416 0.007373
0 0.137375 0.373854 0.007302 0.006874
0 0.213061 0.419909 0.011376 0.005512
0 0.205939 0.383609 0.010186 0.008779
0 0.216939 0.386166 0.009606 0.009840
0 0.118490 0.358676 0.003062 0.007312
0 0.159626 0.415097 0.007295 0.006647
0 0.118718 0.408461 0.003502 0.006831
0 0.163352 0.410611 0.008180 0.007033
0 0.130225 0.412229 0.006962 0.006148
0 0.170773 0.364283 0.008602 0.007460
0 0.119036 0.361862 0.004119 0.009401
0 0.174650 0.359561 0.006613 0.004913
0 0.314446 0.375818 0.010000 0.007737
0 0.256418 0.427252 0.010492 0.007609
0 0.325263 0.384270 0.008698 0.006427
0 0.292659 0.356634 0.010201 0.006669
0 0.319935 0.362439 0.009815 0.006466
0 0.283331 0.357761 0.008893 0.007135
0 0.335702 0.384194 0.009974 0.006571
0 0.247976 0.426027 0.008199 0.008411
0 0.238617 0.415311 0.008924 0.006858
0 0.316143 0.386167 0.010596 0.007073
0 0.265796 0.381223 0.010678 0.008696
0 0.278881 0.387449 0.009118 0.007534
0 0.311324 0.368393 0.008509 0.007024
0 0.260266 0.435070 0.008073 0.006864
0 0.330209 0.403425 0.009202 0.007717
0 0.284154 0.352718 0.006830 0.003681
0 0.299794 0.353423 0.005019 0.004087
0 0.288822 0.429358 0.007731 0.005690
0 0.298778 0.428924 0.006456 0.004830
0 0.326677 0.390719 0.010133 0.006601
0 0.302059 0.429941 0.006576 0.006123
0 0.248712 0.434707 0.006897 0.006386
0 0.422772 0.400757 0.015533 0.009505
0 0.427351 0.385126 0.012472 0.010538
0 0.438877 0.389852 0.013659 0.011499
0 0.446957 0.411796 0.012945 0.008612
0 0.430350 0.410552 0.012437 0.010234
0 0.439500 0.404402 0.013428 0.008664
0 0.410924 0.398636 0.011525 0.008304
0 0.453535 0.375473 0.008578 0.006021
0 0.449048 0.353626 0.009523 0.005278
0 0.458953 0.355777 0.007254 0.006431
0 0.456984 0.408308 0.008249 0.006314
0 0.388075 0.373606 0.006399 0.006823
0 0.449994 0.363687 0.007358 0.005984
0 0.455430 0.369984 0.006427 0.005442
0 0.376464 0.361457 0.008616 0.007628
0 0.452634 0.369653 0.007368 0.005847
0 0.515674 0.358048 0.006295 0.005292
0 0.522115 0.361975 0.008422 0.006167
0 0.529926 0.406049 0.008585 0.006739
0 0.519511 0.352995 0.009340 0.004200
0 0.509406 0.361576 0.006929 0.006198
0 0.530447 0.418903 0.008837 0.006959
0 0.582161 0.366766 0.005268 0.006875
0 0.514452 0.357803 0.005009 0.004979
0 0.550965 0.395973 0.006703 0.005856
0 0.534690 0.414892 0.006401 0.005294
0 0.507006 0.401848 0.006861 0.005344
0 0.566967 0.389625 0.006499 0.005123
0 0.501727 0.403744 0.005058 0.004821
0 0.593027 0.372321 0.008388 0.007165
0 0.673731 0.398358 0.009570 0.007420
0 0.602839 0.362726 0.009102 0.005917
0 0.606219 0.352559 0.009843 0.003335
0 0.604066 0.370103 0.008627 0.007792
0 0.588368 0.366224 0.006471 0.005419
0 0.607446 0.378514 0.007272 0.005490
0 0.753582 0.428707 0.008066 0.009476
0 0.748007 0.421762 0.011072 0.006639
0 0.776092 0.371622 0.009576 0.007315
0 0.836060 0.409631 0.010340 0.006913
0 0.865645 0.436243 0.009232 0.004689
0 0.837426 0.418781 0.007017 0.003835
0 0.840501 0.422285 0.005527 0.003858
0 0.847244 0.427387 0.009049 0.006478
0 0.925076 0.411731 0.008020 0.006762
0 0.929243 0.425396 0.009643 0.006149
0 0.878155 0.411862 0.009836 0.007316
0 0.867311 0.406053 0.007561 0.007170
0 0.933266 0.417299 0.004813 0.007130
0 0.076734 0.447789 0.009305 0.006342
0 0.088040 0.450074 0.009726 0.005712
0 0.041639 0.468723 0.011323 0.006400
0 0.069552 0.448068 0.006353 0.005173
0 0.044590 0.454649 0.011681 0.009243
0 0.050366 0.441862 0.010718 0.006415
0 0.082521 0.453942 0.005911 0.005878
0 0.038269 0.475891 0.005373 0.004903
0 0.121108 0.470656 0.008249 0.007548
0 0.200820 0.467329 0.010064 0.008111
0 0.199678 0.448747 0.008744 0.006417
0 0.132966 0.471929 0.008883 0.006705
0 0.285301 0.504210 0.008774 0.007689
0 0.287116 0.496749 0.009973 0.007767
0 0.292417 0.514419 0.011421 0.009899
0 0.299103 0.502745 0.008517 0.008314
0 0.379904 0.467393 0.014145 0.010360
0 0.365275 0.468507 0.013097 0.010566
0 0.372091 0.474916 0.010966 0.008867
0 0.371926 0.460160 0.007373 0.006484
0 0.353960 0.447195 0.005945 0.005867
0 0.357544 0.474847 0.010152 0.009315
0 0.545589 0.491882 0.013235 0.010240
0 0.559635 0.500624 0.013363 0.010435
0 0.546358 0.501852 0.012710 0.009670
0 0.530996 0.516393 0.015394 0.009623
0 0.578624 0.485873 0.012231 0.008501
0 0.554137 0.490704 0.008787 0.008290
0 0.580758 0.493341 0.008075 0.009827
0 0.535249 0.488380 0.009239 0.006779
0 0.541384 0.523086 0.014009 0.006429
0 0.528781 0.523817 0.011515 0.004997
0 0.514717 0.500143 0.006215 0.006981
0 0.670872 0.492212 0.013901 0.008406
0 0.600865 0.500166 0.013170 0.009926
0 0.605273 0.510957 0.013587 0.010251
0 0.666160 0.501195 0.011343 0.010276
0 0.589965 0.482455 0.010340 0.009043
0 0.598329 0.490860 0.015869 0.010636
0 0.587570 0.493645 0.005449 0.009649
0 0.599669 0.491820 0.013642 0.008620
0 0.609118 0.496240 0.009223 0.008080
0 0.698260 0.473145 0.006902 0.010239
0 0.591607 0.506863 0.010220 0.007111
0 0.775978 0.474374 0.013451 0.009136
0 0.789591 0.472479 0.013453 0.007655
0 0.776408 0.466544 0.010944 0.007512
0 0.708577 0.466269 0.013646 0.008322
0 0.752492 0.477620 0.010781 0.006614
0 0.753530 0.478306 0.011379 0.007914
0 0.877312 0.475221 0.011389 0.007297
0 0.873636 0.482859 0.008872 0.007101
0 0.847369 0.513321 0.011045 0.007762
0 0.849330 0.502929 0.009970 0.008502
0 0.860379 0.504980 0.010012 0.008293
0 0.857257 0.480818 0.010709 0.008759
0 0.857693 0.448009 0.010886 0.007528
0 0.884379 0.487382 0.009586 0.007771
0 0.855821 0.460660 0.009898 0.007767
0 0.864743 0.440798 0.009621 0.004376
0 0.861132 0.455502 0.009398 0.007566
0 0.855304 0.517793 0.010205 0.008331
0 0.859586 0.480171 0.013298 0.009497
0 0.863177 0.478972 0.009290 0.007693
0 0.893468 0.498593 0.007136 0.006745
0 0.883735 0.496829 0.010343 0.007133
0 0.052706 0.535822 0.011297 0.008413
0 0.048720 0.542268 0.010442 0.007767
0 0.097245 0.612667 0.013236 0.002736
0 0.324635 0.538908 0.012446 0.011313
0 0.377287 0.591325 0.012095 0.009704
0 0.374269 0.583175 0.011943 0.008164
0 0.420410 0.596507 0.011106 0.010402
0 0.355772 0.578153 0.009623 0.008706
0 0.365273 0.579780 0.010811 0.008126
0 0.421952 0.586025 0.013078 0.009911
0 0.365517 0.588562 0.011028 0.009511
0 0.411354 0.591191 0.011901 0.010541
0 0.536488 0.596395 0.014544 0.011204
0 0.548050 0.603957 0.016475 0.013899
0 0.544305 0.588112 0.015343 0.010846
0 0.491829 0.548084 0.009390 0.007617
0 0.500709 0.550362 0.009786 0.007008
0 0.527908 0.527390 0.012776 0.002149
0 0.589618 0.571415 0.009491 0.013299
0 0.625540 0.564602 0.014262 0.009260
0 0.626528 0.556462 0.014268 0.009840
0 0.794575 0.608712 0.014173 0.010533
0 0.767700 0.531644 0.015951 0.009710
0 0.783920 0.565210 0.013716 0.009702
0 0.752532 0.532564 0.014833 0.008811
0 0.796117 0.575047 0.010822 0.009963
0 0.755171 0.550042 0.011628 0.009341
0 0.796454 0.567469 0.011398 0.007497
0 0.744633 0.530596 0.012786 0.008561
0 0.782056 0.610880 0.010185 0.006310
0 0.776158 0.600876 0.009381 0.005470
0 0.734817 0.531608 0.011008 0.010007
0 0.884774 0.539479 0.008215 0.006817
0 0.853884 0.532222 0.007509 0.006146
0 0.860944 0.533648 0.008801 0.006794
0 0.891944 0.552963 0.008256 0.006133
0 0.898939 0.548216 0.009537 0.005995
0 0.899303 0.564199 0.006592 0.006016
0 0.861799 0.532875 0.008824 0.007941
0 0.899825 0.577794 0.006589 0.005213
0 0.893953 0.558403 0.006386 0.004920
0 0.097872 0.616632 0.012366 0.005167
0 0.087658 0.621391 0.013374 0.008727
0 0.260740 0.638963 0.010153 0.008630
0 0.252359 0.636552 0.010196 0.007571
0 0.249160 0.642620 0.011208 0.007154
0 0.270367 0.639993 0.009945 0.009528
0 0.261823 0.630674 0.010010 0.007683
0 0.252359 0.647893 0.010488 0.006547
0 0.267150 0.634503 0.007473 0.005960
0 0.277469 0.616829 0.007892 0.005313
0 0.250584 0.631352 0.009874 0.006386
0 0.249006 0.631496 0.007188 0.006246
0 0.281179 0.657896 0.006909 0.006510
0 0.287228 0.654880 0.008701 0.006305
0 0.313497 0.619116 0.015252 0.008515
0 0.404898 0.682399 0.010882 0.009789
0 0.390321 0.668198 0.010997 0.009299
0 0.401756 0.667066 0.013588 0.010605
0 0.398776 0.677462 0.010891 0.009856
0 0.384157 0.676329 0.011167 0.008822
0 0.387564 0.687096 0.008419 0.010115
0 0.376380 0.665464 0.009231 0.008696
0 0.356395 0.649430 0.007004 0.005642
0 0.572517 0.678338 0.014336 0.010686
0 0.556652 0.670785 0.014744 0.009833
0 0.570201 0.669536 0.013026 0.010091
0 0.589355 0.656254 0.009095 0.009323
0 0.800717 0.618927 0.013034 0.009641
0 0.811109 0.640191 0.009410 0.010472
0 0.810470 0.627243 0.014526 0.009208
0 0.800575 0.640528 0.012675 0.009405
0 0.791212 0.627759 0.011743 0.007403
0 0.859059 0.698198 0.011706 0.007113
0 0.868271 0.698339 0.008768 0.006798
0 0.106302 0.723334 0.010183 0.008982
0 0.087131 0.718256 0.013177 0.008746
0 0.094722 0.725741 0.011503 0.010421
0 0.101733 0.718074 0.011659 0.009853
0 0.086408 0.728180 0.009557 0.008657
0 0.112788 0.725639 0.008341 0.008017
0 0.323961 0.769828 0.015054 0.011420
0 0.324275 0.759671 0.015384 0.010578
0 0.336314 0.755343 0.014163 0.010604
0 0.333449 0.730009 0.012483 0.011167
0 0.295987 0.736610 0.012759 0.009954
0 0.345498 0.718749 0.009819 0.009894
0 0.306089 0.729485 0.011399 0.009350
0 0.332502 0.720746 0.013232 0.008235
0 0.340371 0.747878 0.010863 0.008080
0 0.370371 0.714222 0.010598 0.010096
0 0.579982 0.730871 0.009626 0.011204
0 0.569457 0.727842 0.014600 0.011434
0 0.576432 0.738062 0.012977 0.010350
0 0.591311 0.733060 0.011808 0.012515
0 0.589807 0.732421 0.009854 0.012190
0 0.587147 0.731324 0.004511 0.011207
0 0.862615 0.706226 0.010251 0.007491
0 0.869817 0.702944 0.012853 0.002379
0 0.861387 0.711926 0.010388 0.007695
0 0.852118 0.708721 0.010006 0.010361
0 0.860116 0.702759 0.010427 0.002009
0 0.868861 0.721758 0.007628 0.008645
0 0.334562 0.836073 0.013888 0.012143
0 0.345188 0.839845 0.011339 0.011676
0 0.331726 0.844768 0.013782 0.009136
0 0.339896 0.898587 0.012786 0.011762
0 0.346725 0.896962 0.008304 0.012748
0 0.330225 0.895298 0.015749 0.011240
