0 0.258551 0.089091 0.004486 0.006087
0 0.256340 0.094162 0.003166 0.005306
0 0.230407 0.060133 0.003581 0.005930
0 0.317537 0.113730 0.004946 0.006459
0 0.280144 0.035465 0.003430 0.006250
0 0.275929 0.040798 0.004668 0.006779
0 0.287087 0.099311 0.004428 0.008017
0 0.294605 0.033279 0.003695 0.005703
0 0.296297 0.095728 0.003871 0.006461
0 0.264228 0.040585 0.002140 0.006567
0 0.373019 0.007311 0.005113 0.009616
0 0.368003 0.007131 0.005765 0.010255
0 0.471102 0.085081 0.005091 0.008285
0 0.471790 0.007925 0.005216 0.008089
0 0.472950 0.017832 0.005490 0.008767
0 0.470346 0.032034 0.004040 0.007069
0 0.442668 0.066764 0.005113 0.008894
0 0.466747 0.003883 0.005261 0.007766
0 0.454146 0.095171 0.004248 0.007301
0 0.542793 0.035409 0.005514 0.009189
0 0.557971 0.042630 0.004463 0.008617
0 0.559933 0.036404 0.003924 0.006287
0 0.565931 0.036972 0.003658 0.006052
0 0.565147 0.051019 0.003691 0.005983
0 0.777251 0.084444 0.004669 0.007343
0 0.823986 0.029718 0.005175 0.008348
0 0.933470 0.090358 0.006419 0.008836
0 0.906182 0.104514 0.003431 0.005420
0 0.074873 0.212081 0.003983 0.005955
0 0.076189 0.218190 0.004589 0.006712
0 0.049536 0.201752 0.004746 0.007277
0 0.094225 0.160684 0.004529 0.005850
0 0.106694 0.204253 0.005423 0.008170
0 0.102678 0.198120 0.005237 0.006955
0 0.101175 0.197999 0.005647 0.006792
0 0.157700 0.230642 0.005252 0.006552
0 0.101557 0.167442 0.004288 0.006751
0 0.152440 0.219568 0.004738 0.007290
0 0.145363 0.228821 0.005183 0.008363
0 0.363747 0.218562 0.004611 0.007148
0 0.514939 0.121684 0.004431 0.008754
0 0.521350 0.131266 0.005110 0.009495
0 0.492192 0.152937 0.004422 0.006831
0 0.514152 0.130458 0.004857 0.008472
0 0.486043 0.149259 0.004074 0.006770
0 0.480998 0.150261 0.004036 0.006076
0 0.446127 0.173779 0.003035 0.004952
0 0.606520 0.185825 0.003990 0.007163
0 0.538563 0.132698 0.003948 0.007402
0 0.565421 0.142402 0.003005 0.004297
0 0.581341 0.142836 0.004068 0.006732
0 0.541933 0.131120 0.003763 0.006636
0 0.554917 0.226859 0.003943 0.005818
0 0.660395 0.229211 0.003646 0.005640
0 0.660568 0.141709 0.003770 0.006407
0 0.753713 0.211721 0.005501 0.008274
0 0.747405 0.210221 0.005253 0.008785
0 0.762403 0.215004 0.005716 0.009113
0 0.829759 0.222678 0.004962 0.007095
0 0.843724 0.177015 0.005128 0.008353
0 0.947073 0.121683 0.004799 0.006883
0 0.001918 0.274406 0.003836 0.008164
0 0.012720 0.257571 0.005140 0.007582
0 0.334878 0.238067 0.003935 0.005782
0 0.301785 0.310196 0.004254 0.006227
0 0.329706 0.238456 0.004420 0.006668
0 0.314285 0.239008 0.005329 0.007244
0 0.338005 0.235667 0.003752 0.003499
0 0.415905 0.304626 0.003968 0.006459
0 0.419064 0.253527 0.003806 0.007643
0 0.419005 0.265722 0.003476 0.005085
0 0.417146 0.261028 0.003354 0.005178
0 0.402578 0.280181 0.004215 0.007753
0 0.483831 0.287141 0.004587 0.007865
0 0.502367 0.328279 0.004282 0.006655
0 0.483708 0.312684 0.004061 0.006370
0 0.550729 0.272097 0.004240 0.007451
0 0.549688 0.323145 0.003853 0.004944
0 0.547864 0.263498 0.005009 0.007274
0 0.535818 0.322387 0.003488 0.006543
0 0.615499 0.318335 0.002928 0.006105
0 0.718782 0.262893 0.003910 0.006007
0 0.040433 0.464806 0.003794 0.004895
0 0.078272 0.432768 0.004587 0.006786
0 0.163256 0.375253 0.004596 0.007547
0 0.168533 0.386366 0.004619 0.006921
0 0.248048 0.433723 0.003359 0.005212
0 0.298147 0.401862 0.005884 0.007965
0 0.299936 0.408292 0.004670 0.007248
0 0.389994 0.383198 0.004505 0.008057
0 0.443892 0.364044 0.003360 0.005965
0 0.464995 0.425753 0.004064 0.006179
0 0.585548 0.361101 0.004553 0.008560
0 0.590281 0.367306 0.005929 0.010306
0 0.662009 0.385800 0.004247 0.006702
0 0.655699 0.368533 0.004700 0.006670
0 0.023453 0.579141 0.005180 0.008236
0 0.155064 0.502859 0.005245 0.007622
0 0.145933 0.494319 0.005255 0.007490
0 0.201201 0.580595 0.006374 0.008400
0 0.410205 0.570161 0.004513 0.007633
0 0.078722 0.607877 0.004885 0.007655
0 0.188593 0.626774 0.005141 0.007985
0 0.221919 0.637480 0.004235 0.005928
0 0.192362 0.615424 0.006032 0.009557
0 0.347619 0.696452 0.003722 0.006477
0 0.347601 0.659931 0.004182 0.007008
0 0.339594 0.642622 0.004458 0.007242
0 0.274428 0.641612 0.003359 0.005810
0 0.271551 0.636926 0.003544 0.004440
0 0.377194 0.650554 0.004756 0.008132
0 0.542543 0.673659 0.004043 0.006337
0 0.545895 0.676763 0.004241 0.007648
0 0.571241 0.667373 0.004744 0.007636
0 0.620426 0.639147 0.005419 0.008808
0 0.593960 0.735989 0.004526 0.007180
0 0.745807 0.720611 0.005331 0.007908
0 0.751214 0.717499 0.006649 0.009634
0 0.953751 0.880860 0.010600 0.014520
