0 0.153665 0.172283 0.014855 0.021809
0 0.443004 0.214341 0.008814 0.016112
0 0.334528 0.309322 0.016284 0.024567
0 0.345751 0.307499 0.010154 0.019134
0 0.408519 0.266706 0.013058 0.024248
0 0.354670 0.309051 0.007491 0.018881
0 0.577689 0.257052 0.013808 0.024419
0 0.533278 0.333174 0.012461 0.021401
0 0.549444 0.287327 0.014629 0.024313
0 0.563015 0.319525 0.011292 0.020904
0 0.573836 0.296471 0.016838 0.022268
0 0.546569 0.317743 0.012542 0.016016
0 0.669609 0.443454 0.015663 0.021354
0 0.629761 0.402656 0.012333 0.021866
0 0.043394 0.568995 0.009822 0.014921
0 0.111335 0.556352 0.007261 0.014963
0 0.271712 0.547943 0.008951 0.013827
0 0.311657 0.498875 0.009174 0.012549
0 0.505557 0.514474 0.013682 0.024137
0 0.517891 0.581874 0.014254 0.005842
0 0.463928 0.578590 0.015670 0.012410
0 0.454796 0.570387 0.010297 0.011399
0 0.461553 0.579048 0.010675 0.011495
0 0.574957 0.561771 0.011819 0.017286
0 0.547603 0.576966 0.014393 0.015660
0 0.533975 0.580478 0.015318 0.008631
0 0.586553 0.554192 0.014403 0.024390
0 0.580583 0.571182 0.010631 0.013634
0 0.680729 0.581192 0.014907 0.007207
0 0.068294 0.683431 0.009244 0.015670
0 0.037026 0.693487 0.009418 0.014762
0 0.131915 0.691109 0.007182 0.012551
0 0.518465 0.592523 0.015661 0.015455
0 0.533693 0.590182 0.014527 0.010774
0 0.548209 0.590069 0.013065 0.010328
0 0.681241 0.596152 0.017398 0.022643
0 0.722834 0.617165 0.016269 0.026017
0 0.104215 0.757308 0.011131 0.016830
0 0.145448 0.806548 0.011444 0.016493
0 0.103072 0.801729 0.009541 0.018464
0 0.218409 0.792371 0.010622 0.017607
0 0.196741 0.815753 0.011804 0.005921
0 0.224114 0.799297 0.010907 0.018086
0 0.245800 0.759120 0.010094 0.017076
0 0.229307 0.734574 0.012291 0.020665
0 0.225098 0.777483 0.012535 0.019910
0 0.196754 0.710643 0.011393 0.016757
0 0.183512 0.735894 0.011924 0.016669
0 0.574805 0.720115 0.014919 0.025729
0 0.668253 0.729602 0.008225 0.013942
0 0.775747 0.764765 0.009506 0.012238
0 0.065527 0.883264 0.009370 0.014972
0 0.064419 0.871814 0.012586 0.013654
0 0.059455 0.864050 0.011065 0.017384
0 0.055428 0.923131 0.010747 0.016237
0 0.062685 0.907016 0.011269 0.018718
0 0.017136 0.850999 0.011876 0.019642
0 0.061670 0.892349 0.009930 0.013297
0 0.119564 0.929819 0.010736 0.011621
0 0.204539 0.857350 0.008689 0.015673
0 0.205031 0.828549 0.011671 0.018426
0 0.196261 0.823950 0.012848 0.010316
0 0.211520 0.867431 0.011634 0.020224
0 0.221032 0.863397 0.013145 0.015338
0 0.484571 0.846002 0.011145 0.014480
