0 0.280031 0.046312 0.007609 0.007091
0 0.291563 0.041456 0.007298 0.008459
0 0.308694 0.115969 0.006309 0.005661
0 0.690533 0.162302 0.004807 0.004219
0 0.286521 0.181760 0.007704 0.007406
0 0.535265 0.233702 0.005015 0.004872
0 0.328185 0.342586 0.008254 0.008033
0 0.323387 0.330451 0.008954 0.007597
0 0.404056 0.342717 0.008912 0.008587
0 0.431245 0.338805 0.006729 0.006751
0 0.821423 0.282362 0.005418 0.004952
0 0.124097 0.413626 0.013121 0.011356
0 0.226138 0.398388 0.007436 0.006737
0 0.215770 0.401412 0.006448 0.005099
0 0.266832 0.398529 0.006584 0.005954
0 0.407986 0.386100 0.008842 0.007639
0 0.460720 0.370478 0.008451 0.007814
0 0.460336 0.409913 0.006836 0.007136
0 0.399018 0.373464 0.008273 0.007460
0 0.398158 0.390735 0.007489 0.007745
0 0.529770 0.366975 0.008306 0.005229
0 0.473235 0.387840 0.006656 0.005553
0 0.522379 0.369111 0.008451 0.006428
0 0.472934 0.380971 0.006830 0.005810
0 0.481175 0.391142 0.006102 0.005240
0 0.480147 0.410104 0.007623 0.008210
0 0.533922 0.383721 0.005687 0.004999
0 0.536128 0.378537 0.006721 0.005244
0 0.481244 0.386390 0.006273 0.004819
0 0.518053 0.376666 0.008478 0.007009
0 0.485118 0.414813 0.007313 0.007291
0 0.471932 0.436301 0.006947 0.004590
0 0.520912 0.414125 0.007773 0.007326
0 0.508361 0.368348 0.006486 0.005553
0 0.525101 0.388689 0.007117 0.006281
0 0.503974 0.419039 0.007649 0.006112
0 0.646341 0.388540 0.005052 0.004639
0 0.590450 0.428176 0.005989 0.005512
0 0.587188 0.435014 0.004672 0.004854
0 0.643423 0.385070 0.005401 0.004013
0 0.808605 0.399749 0.006635 0.005483
0 0.724976 0.388887 0.005749 0.005175
0 0.812650 0.395399 0.006214 0.004881
0 0.743914 0.397322 0.005771 0.004710
0 0.706629 0.391704 0.003663 0.003346
0 0.814037 0.399420 0.005677 0.004840
0 0.426925 0.476738 0.006813 0.006308
0 0.507228 0.451925 0.006007 0.005890
0 0.501185 0.456834 0.006917 0.006123
0 0.491838 0.456889 0.006735 0.005988
0 0.555901 0.473132 0.005385 0.004705
0 0.471893 0.439907 0.007569 0.002621
0 0.486988 0.441013 0.007266 0.004767
0 0.605139 0.478618 0.005250 0.005345
0 0.592662 0.454256 0.006703 0.005483
0 0.608448 0.474533 0.006365 0.004752
0 0.611533 0.462329 0.006079 0.004888
0 0.596487 0.458091 0.006415 0.005344
0 0.610739 0.456748 0.006059 0.005512
0 0.599456 0.497959 0.005416 0.006023
0 0.597673 0.503331 0.006190 0.005290
0 0.762815 0.496185 0.004880 0.004790
0 0.768763 0.497164 0.005954 0.004873
0 0.715080 0.457447 0.005113 0.003876
0 0.729734 0.449846 0.005483 0.005552
0 0.720194 0.468432 0.005107 0.004113
0 0.723451 0.464657 0.004793 0.004041
0 0.711004 0.442733 0.005683 0.005355
0 0.121991 0.530384 0.009942 0.008080
0 0.519988 0.549969 0.007989 0.007069
0 0.860430 0.546970 0.006659 0.004644
0 0.176910 0.687808 0.012787 0.011707
0 0.212956 0.683978 0.010610 0.006402
0 0.469353 0.629132 0.003033 0.007442
0 0.199922 0.759439 0.010541 0.009861
