0 0.220327 0.109436 0.004992 0.008823
0 0.311561 0.031419 0.004959 0.007736
0 0.608351 0.061973 0.004298 0.007113
0 0.550430 0.087467 0.004111 0.006436
0 0.616732 0.105106 0.005394 0.009064
0 0.644964 0.039675 0.006026 0.009531
0 0.767635 0.041817 0.006866 0.010598
0 0.194973 0.139670 0.004744 0.008284
0 0.214770 0.138656 0.004799 0.007689
0 0.202160 0.145773 0.003952 0.005798
0 0.197924 0.130930 0.003249 0.004424
0 0.343976 0.229086 0.004543 0.006804
0 0.292237 0.161507 0.004654 0.005953
0 0.326376 0.196253 0.003992 0.006148
0 0.395775 0.176788 0.003293 0.006689
0 0.361140 0.162967 0.004922 0.008496
0 0.360330 0.122512 0.004336 0.006955
0 0.492962 0.220188 0.004829 0.005707
0 0.497558 0.217267 0.006147 0.008769
0 0.488192 0.224909 0.005141 0.006380
0 0.553249 0.149824 0.005520 0.009320
0 0.548891 0.136530 0.005482 0.008624
0 0.579290 0.126009 0.005086 0.006495
0 0.750269 0.121984 0.005652 0.007208
0 0.707418 0.188052 0.004128 0.006344
0 0.838574 0.184920 0.006830 0.009882
0 0.819398 0.127594 0.007651 0.012683
0 0.887578 0.130109 0.005860 0.010394
0 0.479744 0.254613 0.005956 0.009325
0 0.521117 0.251998 0.005824 0.010765
0 0.564627 0.259065 0.004749 0.007723
0 0.527678 0.244566 0.002725 0.004821
0 0.666510 0.266444 0.004825 0.008338
0 0.646871 0.346800 0.005800 0.006850
0 0.635914 0.297778 0.005395 0.008955
0 0.710847 0.299382 0.005472 0.006636
0 0.723837 0.298390 0.005902 0.008019
0 0.705429 0.301710 0.005690 0.008273
0 0.690342 0.382440 0.005025 0.008425
0 0.683849 0.383050 0.004747 0.007239
0 0.568842 0.539724 0.006422 0.011264
0 0.651417 0.528947 0.005680 0.008338
0 0.303571 0.624660 0.007387 0.012764
0 0.642438 0.589993 0.004921 0.008767
0 0.651998 0.611063 0.005795 0.009608
0 0.677283 0.587516 0.005197 0.005441
