0 0.146029 0.159462 0.007888 0.009829
0 0.136003 0.185310 0.006500 0.010449
0 0.477151 0.198777 0.010404 0.012197
0 0.441110 0.158891 0.005009 0.012029
0 0.611314 0.217417 0.005441 0.014247
0 0.588386 0.228106 0.011637 0.011624
0 0.616600 0.216887 0.005066 0.014075
0 0.699434 0.169895 0.004640 0.012166
0 0.623035 0.222525 0.007982 0.011379
0 0.659255 0.173805 0.005765 0.009660
0 0.703211 0.171100 0.002912 0.015702
0 0.705909 0.177771 0.007699 0.010016
0 0.715718 0.164690 0.008315 0.013112
0 0.710486 0.165937 0.005689 0.009800
0 0.732052 0.175909 0.005986 0.009711
0 0.713239 0.133158 0.006475 0.011664
0 0.722590 0.180975 0.007931 0.010008
0 0.025333 0.266801 0.006250 0.007645
0 0.075964 0.277184 0.006260 0.009736
0 0.076789 0.288400 0.006224 0.007915
0 0.030027 0.265292 0.006838 0.011357
0 0.199169 0.326856 0.007177 0.010005
0 0.210688 0.317318 0.008765 0.010804
0 0.513715 0.294755 0.007412 0.015595
0 0.466481 0.329800 0.006476 0.011832
0 0.507278 0.289490 0.006671 0.012768
0 0.488490 0.318005 0.008035 0.012055
0 0.461875 0.340336 0.007012 0.010485
0 0.487831 0.249294 0.005359 0.007656
0 0.606520 0.255614 0.012641 0.018256
0 0.588585 0.246102 0.010841 0.014908
0 0.588430 0.236563 0.011792 0.005289
0 0.612346 0.259516 0.003269 0.015791
0 0.629080 0.261622 0.016422 0.019496
0 0.635845 0.290043 0.010280 0.018039
0 0.674435 0.279953 0.008147 0.012233
0 0.678674 0.327468 0.007700 0.011302
0 0.682939 0.285622 0.010826 0.019306
0 0.676851 0.265196 0.008007 0.012018
0 0.116190 0.424024 0.006539 0.008259
0 0.126679 0.447818 0.008972 0.011074
0 0.130866 0.427816 0.008816 0.011118
0 0.416578 0.431730 0.014269 0.023900
0 0.396529 0.445738 0.007551 0.014352
0 0.470544 0.420155 0.008444 0.013285
0 0.485611 0.414660 0.010840 0.012288
0 0.475539 0.465690 0.016291 0.004292
0 0.493102 0.414611 0.006088 0.009272
0 0.533459 0.413228 0.008686 0.014576
0 0.645841 0.463310 0.005603 0.008507
0 0.871770 0.406161 0.010846 0.020629
0 0.171015 0.518131 0.008847 0.019820
0 0.165114 0.530821 0.008609 0.015369
0 0.156940 0.538408 0.008705 0.015365
0 0.091882 0.547252 0.008263 0.016502
0 0.150213 0.492660 0.008858 0.012480
0 0.168781 0.545228 0.008508 0.015746
0 0.150913 0.582513 0.009169 0.004565
0 0.144311 0.576668 0.007983 0.009902
0 0.180532 0.502314 0.010187 0.020815
0 0.177850 0.519542 0.004673 0.018013
0 0.222974 0.475436 0.008938 0.011914
0 0.346906 0.536885 0.007886 0.017482
0 0.388274 0.514449 0.009993 0.014090
0 0.399639 0.472579 0.007616 0.009387
0 0.473374 0.471618 0.010692 0.007466
0 0.456990 0.471847 0.007029 0.008021
0 0.460834 0.475765 0.006216 0.010496
0 0.475066 0.471974 0.014479 0.008175
0 0.602826 0.553338 0.007620 0.014816
0 0.705625 0.519141 0.007723 0.012592
0 0.715429 0.488109 0.007568 0.003746
0 0.081643 0.653346 0.012106 0.022336
0 0.089468 0.650969 0.003474 0.018426
0 0.150923 0.588307 0.008359 0.006957
0 0.149742 0.594821 0.008959 0.007509
0 0.186770 0.618060 0.011907 0.018689
0 0.205850 0.621759 0.007409 0.011876
0 0.208689 0.610437 0.007069 0.010210
0 0.299727 0.586826 0.010853 0.004062
0 0.646253 0.682397 0.007016 0.008437
0 0.875002 0.696089 0.004381 0.011002
0 0.867430 0.697401 0.007456 0.008497
0 0.028693 0.800357 0.009456 0.015936
0 0.507373 0.763299 0.008597 0.012983
0 0.514906 0.765767 0.009738 0.015245
0 0.518743 0.800682 0.008622 0.013031
0 0.517437 0.778086 0.009192 0.014380
0 0.587155 0.797662 0.010302 0.016656
0 0.564938 0.797882 0.015901 0.015087
0 0.577232 0.799758 0.007412 0.011768
0 0.245587 0.897104 0.011811 0.014444
0 0.474863 0.825410 0.007577 0.012413
0 0.643739 0.902037 0.008082 0.015207
0 0.712191 0.894669 0.008003 0.012664
