0 0.648447 0.346553 0.003769 0.006118
0 0.643184 0.347491 0.002728 0.004645
0 0.617086 0.438580 0.003114 0.005157
0 0.783723 0.659472 0.005329 0.005618
0 0.779616 0.662670 0.004501 0.006743
0 0.517468 0.391681 0.003835 0.007083
0 0.638628 0.344161 0.003769 0.005464
0 0.707607 0.741396 0.004342 0.006447
0 0.739323 0.761720 0.005000 0.007102
0 0.718214 0.582805 0.004131 0.007474
0 0.721998 0.588704 0.003048 0.007211
0 0.638871 0.412451 0.004424 0.006034
0 0.637544 0.405895 0.004523 0.006557
0 0.722865 0.749529 0.003986 0.006879
0 0.738773 0.756489 0.004191 0.005128
0 0.733006 0.758894 0.004334 0.008162
0 0.720537 0.597940 0.002878 0.003988
