0 0.326933 0.241928 0.006650 0.008746
0 0.621005 0.741899 0.003610 0.004806
0 0.618203 0.747803 0.005195 0.006601
0 0.462978 0.792224 0.004098 0.006341
0 0.469815 0.808335 0.005414 0.008776
0 0.466565 0.788070 0.005033 0.007968
0 0.441276 0.799830 0.005244 0.007738
0 0.464679 0.808754 0.006135 0.008531
0 0.358577 0.783370 0.006760 0.009028
0 0.420983 0.788419 0.003484 0.006758
0 0.436589 0.786842 0.003945 0.007434
0 0.431349 0.733099 0.004315 0.007376
0 0.377582 0.767116 0.005844 0.010234
0 0.425189 0.787288 0.005548 0.011462
0 0.434154 0.811820 0.006801 0.010914
0 0.186430 0.694519 0.006637 0.007394
0 0.113967 0.638511 0.007007 0.007876
0 0.038858 0.677171 0.008610 0.011740
0 0.623976 0.488492 0.005770 0.007891
0 0.619799 0.483008 0.005946 0.008180
0 0.581449 0.554962 0.004860 0.009463
0 0.586239 0.553227 0.006590 0.012061
0 0.504734 0.488931 0.006590 0.010925
0 0.421212 0.470121 0.006096 0.004459
0 0.410387 0.541060 0.006700 0.009459
0 0.409689 0.535609 0.006532 0.010932
0 0.409857 0.537767 0.006870 0.015694
0 0.435746 0.480031 0.005702 0.011648
0 0.311028 0.482038 0.007747 0.011985
0 0.439263 0.781659 0.008317 0.011389
0 0.120469 0.901542 0.006645 0.007303
0 0.412671 0.790592 0.005524 0.007931
0 0.416495 0.823730 0.004674 0.006232
0 0.354243 0.789848 0.006371 0.010384
0 0.156695 0.427348 0.009630 0.014536
0 0.284830 0.390389 0.004435 0.004916
0 0.291927 0.424247 0.007149 0.009386
0 0.288414 0.405864 0.008183 0.012240
0 0.294513 0.416594 0.007212 0.010833
0 0.295369 0.431758 0.007974 0.012200
0 0.190452 0.445747 0.007215 0.007569
0 0.196765 0.442730 0.008141 0.011966
0 0.179848 0.438077 0.006181 0.007822
0 0.172108 0.433571 0.006656 0.010409
0 0.007822 0.362953 0.005902 0.007412
0 0.008840 0.372067 0.008558 0.012116
0 0.542248 0.307356 0.006513 0.008600
0 0.520958 0.293975 0.006395 0.010442
0 0.353117 0.295945 0.004479 0.011948
0 0.358836 0.297579 0.007135 0.010208
0 0.333373 0.240736 0.005721 0.007204
0 0.348568 0.295223 0.004619 0.012303
