0 0.293385 0.399536 0.004660 0.007851
0 0.377322 0.340146 0.003377 0.005322
0 0.375160 0.347144 0.003660 0.006122
0 0.371876 0.343688 0.003446 0.005651
0 0.456627 0.131795 0.003369 0.005453
0 0.673233 0.689938 0.004942 0.008567
0 0.675766 0.687304 0.004076 0.005932
0 0.717035 0.682855 0.003829 0.005599
0 0.714442 0.720795 0.004290 0.008352
0 0.290851 0.393211 0.005491 0.007664
0 0.289263 0.413405 0.004890 0.008235
0 0.375023 0.335958 0.004707 0.005563
0 0.700731 0.482595 0.005063 0.006864
0 0.686101 0.475846 0.004120 0.006634
0 0.873828 0.620842 0.003276 0.005106
0 0.865858 0.606976 0.003777 0.005376
0 0.696845 0.695598 0.005055 0.008037
0 0.594097 0.603344 0.004515 0.008173
0 0.486715 0.637019 0.004038 0.005895
0 0.661515 0.386709 0.003407 0.005018
0 0.687485 0.411827 0.003457 0.005117
0 0.644263 0.383807 0.003882 0.006261
0 0.497596 0.425837 0.003328 0.004810
