0 0.328034 0.321323 0.012515 0.010644
0 0.160835 0.334910 0.010515 0.011365
0 0.154636 0.348262 0.010552 0.005230
0 0.143982 0.336524 0.011743 0.009276
0 0.138876 0.345115 0.010077 0.008750
0 0.133319 0.338347 0.012909 0.010537
0 0.169190 0.334893 0.014287 0.012061
0 0.039265 0.337272 0.009664 0.008854
0 0.733032 0.243973 0.011846 0.010595
0 0.513702 0.237659 0.010870 0.010323
0 0.388531 0.182120 0.012295 0.013013
0 0.406933 0.235692 0.010621 0.010863
0 0.454582 0.192860 0.013366 0.011368
0 0.372734 0.253801 0.014766 0.012815
0 0.443816 0.184926 0.014386 0.009364
0 0.410607 0.208893 0.011923 0.011519
0 0.382791 0.228307 0.011524 0.011615
0 0.347242 0.250426 0.007270 0.014372
0 0.343927 0.196472 0.013132 0.012664
0 0.336921 0.187952 0.013417 0.010515
0 0.041893 0.236801 0.003626 0.003799
0 0.830808 0.104179 0.015241 0.013358
0 0.843068 0.098958 0.014843 0.012769
0 0.437714 0.146824 0.015874 0.010946
0 0.318176 0.170217 0.012383 0.010444
0 0.827058 0.020973 0.014539 0.012560
0 0.671524 0.045625 0.012434 0.011447
0 0.501398 0.227569 0.006590 0.006754
0 0.505130 0.232918 0.010552 0.009219
0 0.512160 0.246760 0.014057 0.010543
0 0.527098 0.239922 0.013618 0.008402
0 0.533140 0.250796 0.009883 0.006094
0 0.528635 0.263810 0.006590 0.010378
0 0.486131 0.296512 0.015157 0.010546
0 0.473501 0.300713 0.012741 0.010378
0 0.513545 0.362655 0.009006 0.008566
0 0.517829 0.354253 0.009664 0.008237
0 0.475435 0.355900 0.010980 0.010874
0 0.454457 0.356560 0.007248 0.009556
0 0.460058 0.366774 0.007909 0.010872
0 0.474227 0.396098 0.012957 0.009224
0 0.467527 0.415373 0.011860 0.010214
0 0.537707 0.427811 0.010325 0.008731
0 0.545837 0.444615 0.008560 0.012355
0 0.450364 0.448058 0.012584 0.013062
0 0.442102 0.456305 0.011060 0.009726
0 0.420810 0.457830 0.019068 0.011823
0 0.376557 0.451902 0.009335 0.009183
0 0.361637 0.444831 0.013180 0.014016
0 0.320636 0.416889 0.013911 0.009474
0 0.298306 0.426238 0.016107 0.009197
0 0.294004 0.441194 0.010435 0.012481
0 0.292814 0.419434 0.008056 0.004104
0 0.279033 0.549546 0.010983 0.008808
0 0.279033 0.558242 0.016473 0.009953
0 0.254168 0.553265 0.015559 0.009380
0 0.250356 0.561501 0.011290 0.009153
0 0.265380 0.560643 0.012661 0.009038
0 0.283991 0.573399 0.011133 0.011667
0 0.303818 0.509456 0.011422 0.015814
0 0.336877 0.507644 0.015596 0.012190
0 0.353461 0.508714 0.014496 0.010378
0 0.364883 0.508468 0.008348 0.013180
0 0.354998 0.528731 0.013176 0.010543
0 0.341711 0.540181 0.013399 0.010707
0 0.332593 0.554596 0.010983 0.010874
0 0.422906 0.502020 0.012390 0.014035
0 0.439644 0.505281 0.014762 0.012256
0 0.440170 0.497473 0.011597 0.008103
0 0.453218 0.484722 0.010281 0.010282
0 0.450662 0.564925 0.009751 0.008501
0 0.524335 0.570360 0.010015 0.012651
0 0.542257 0.559982 0.010545 0.009290
0 0.468586 0.641628 0.008699 0.006524
0 0.217579 0.266306 0.018030 0.010436
0 0.199073 0.267019 0.015815 0.010913
0 0.322749 0.284337 0.012654 0.012336
0 0.332398 0.290148 0.011703 0.006880
0 0.234499 0.302246 0.015183 0.010200
0 0.311363 0.233688 0.013918 0.010200
0 0.315791 0.227876 0.012021 0.008542
0 0.327019 0.235348 0.010435 0.005455
0 0.358649 0.240211 0.011071 0.010439
0 0.371460 0.239500 0.013914 0.009964
0 0.426340 0.155877 0.013600 0.011623
0 0.426053 0.179640 0.009518 0.009734
0 0.592803 0.438151 0.010373 0.007322
0 0.587314 0.443185 0.005490 0.009380
0 0.595322 0.424995 0.008085 0.009611
0 0.616219 0.422192 0.008388 0.010869
0 0.514243 0.455136 0.009518 0.007278
0 0.666404 0.567314 0.009664 0.010378
0 0.640923 0.554537 0.008344 0.006573
0 0.635102 0.564019 0.009883 0.010378
0 0.657288 0.539555 0.009444 0.008895
0 0.715386 0.541038 0.007906 0.008895
0 0.732376 0.548390 0.009152 0.009038
0 0.726886 0.540610 0.009152 0.009953
0 0.729327 0.531689 0.010373 0.010411
0 0.715598 0.533176 0.007628 0.006521
0 0.766526 0.591568 0.013476 0.011919
0 0.758328 0.587803 0.010296 0.010869
0 0.796782 0.576268 0.010669 0.010677
0 0.804406 0.579365 0.008644 0.010962
0 0.826117 0.663671 0.010800 0.011393
0 0.832982 0.667789 0.009152 0.008923
0 0.827034 0.673968 0.010435 0.011669
0 0.869042 0.687833 0.012449 0.011669
0 0.926716 0.722582 0.011641 0.012686
0 0.898929 0.764508 0.009664 0.011861
0 0.753156 0.650395 0.010252 0.009611
0 0.758648 0.653484 0.004393 0.007001
0 0.782169 0.635500 0.010435 0.008374
0 0.702177 0.646209 0.010800 0.010296
0 0.732661 0.676617 0.012456 0.010159
0 0.944585 0.620700 0.012993 0.009197
0 0.975978 0.597019 0.011349 0.009334
0 0.967193 0.590566 0.009152 0.009334
0 0.926829 0.585007 0.010435 0.009471
0 0.915663 0.580340 0.010435 0.010296
0 0.944223 0.547858 0.009667 0.009718
0 0.955207 0.544727 0.010545 0.009718
0 0.894448 0.516638 0.009225 0.008237
0 0.888520 0.484184 0.009664 0.007579
0 0.882039 0.489620 0.008567 0.008566
0 0.810486 0.493300 0.012997 0.008514
0 0.389719 0.211153 0.008604 0.011258
0 0.788428 0.501264 0.012814 0.009611
0 0.777445 0.491035 0.010249 0.008374
0 0.801149 0.500785 0.010435 0.007272
0 0.965272 0.446240 0.009002 0.009153
0 0.817021 0.464498 0.009335 0.008925
0 0.718469 0.486532 0.010797 0.008372
0 0.607049 0.507440 0.010800 0.010433
0 0.648615 0.521787 0.008699 0.010082
0 0.581023 0.381007 0.008787 0.010546
0 0.551276 0.366711 0.014094 0.007001
0 0.584315 0.362592 0.006224 0.007278
0 0.492462 0.346776 0.007869 0.009885
0 0.495574 0.334833 0.008604 0.006590
0 0.497038 0.328174 0.008235 0.010022
0 0.505000 0.338539 0.009152 0.009611
0 0.565314 0.308749 0.011901 0.011532
0 0.360466 0.260988 0.011166 0.011258
0 0.336396 0.262910 0.009518 0.010710
0 0.325415 0.265929 0.010618 0.009611
0 0.357813 0.270529 0.010618 0.010296
0 0.365683 0.271697 0.009883 0.010159
0 0.416937 0.260233 0.011718 0.010022
0 0.275066 0.317574 0.013618 0.009046
0 0.285499 0.318398 0.009887 0.009734
0 0.281546 0.322434 0.008567 0.006277
0 0.330779 0.351376 0.013728 0.011118
0 0.293123 0.366135 0.011349 0.010296
0 0.187416 0.413976 0.017756 0.011806
0 0.176433 0.428736 0.012266 0.009748
0 0.132410 0.409653 0.012811 0.009745
0 0.177988 0.406358 0.011349 0.008923
0 0.295252 0.480096 0.014496 0.013246
0 0.305137 0.482865 0.006327 0.006524
0 0.295912 0.490376 0.011597 0.009293
0 0.208531 0.511826 0.012917 0.012654
0 0.194649 0.518669 0.010680 0.012585
0 0.155599 0.523588 0.011287 0.007780
0 0.723558 0.167618 0.010325 0.011694
0 0.717957 0.168442 0.009225 0.008731
0 0.630424 0.134175 0.008129 0.009720
0 0.720546 0.366502 0.011071 0.010280
0 0.748487 0.391907 0.008436 0.007316
0 0.691288 0.432533 0.011071 0.006721
0 0.692213 0.440736 0.010281 0.008895
0 0.863412 0.418002 0.009492 0.008898
0 0.864466 0.426798 0.007383 0.007906
0 0.877950 0.352259 0.008158 0.007149
0 0.883088 0.355238 0.004452 0.005005
0 0.887008 0.355714 0.005084 0.006116
0 0.839234 0.364374 0.006780 0.008660
0 0.826204 0.361793 0.005296 0.007467
0 0.620338 0.487403 0.014185 0.008353
0 0.635364 0.456113 0.008849 0.010981
0 0.638947 0.447018 0.009912 0.008810
0 0.617288 0.444043 0.012661 0.011782
0 0.787116 0.539045 0.007537 0.006198
0 0.032228 0.688318 0.015786 0.012234
0 0.071555 0.622330 0.022343 0.015143
0 0.017719 0.692977 0.014963 0.012621
0 0.004751 0.774840 0.009423 0.011499
0 0.496064 0.721513 0.004642 0.004079
0 0.030080 0.390254 0.012654 0.010200
0 0.007235 0.364781 0.009514 0.008421
0 0.012485 0.389400 0.012047 0.007725
0 0.011405 0.375798 0.011612 0.008624
0 0.020376 0.392240 0.007149 0.008613
0 0.010453 0.400866 0.008670 0.008405
0 0.139558 0.398805 0.015190 0.011371
0 0.131113 0.365236 0.012080 0.011584
0 0.150409 0.366797 0.014686 0.010392
0 0.186252 0.392570 0.017284 0.015370
0 0.175384 0.418377 0.014569 0.012445
0 0.170632 0.388525 0.017917 0.011749
0 0.302730 0.415292 0.014656 0.010847
0 0.314247 0.429746 0.015607 0.010238
0 0.459823 0.396240 0.011977 0.009038
0 0.462548 0.404871 0.010577 0.011513
0 0.540848 0.373316 0.011484 0.010430
0 0.540013 0.364409 0.009704 0.008709
0 0.528147 0.362157 0.010636 0.009940
0 0.589799 0.387896 0.009437 0.009378
0 0.682197 0.361132 0.008618 0.007944
0 0.766895 0.358749 0.009287 0.008457
0 0.828279 0.428103 0.009379 0.009046
0 0.837601 0.433853 0.010179 0.007941
0 0.037641 0.476462 0.021363 0.013462
0 0.064717 0.461509 0.013995 0.010293
0 0.053098 0.487579 0.018213 0.015581
0 0.090594 0.520606 0.019865 0.011228
0 0.078620 0.484257 0.015764 0.010740
0 0.092034 0.509782 0.026429 0.013287
0 0.052025 0.478411 0.010300 0.006412
0 0.076308 0.520692 0.011681 0.010726
0 0.220334 0.508465 0.015895 0.012758
0 0.225921 0.489062 0.015680 0.009967
0 0.188924 0.503258 0.015406 0.012788
0 0.150727 0.475137 0.011404 0.011891
0 0.289737 0.463528 0.015124 0.015126
0 0.307058 0.472566 0.012317 0.012308
0 0.362785 0.458713 0.014013 0.013155
0 0.356148 0.476009 0.010541 0.022429
0 0.432791 0.467245 0.012109 0.011086
0 0.601652 0.512634 0.011937 0.010526
0 0.594709 0.507245 0.012262 0.011902
0 0.798302 0.440942 0.008162 0.004690
0 0.793235 0.446517 0.010022 0.009334
0 0.874245 0.518849 0.011356 0.010938
0 0.048500 0.561626 0.018527 0.014874
0 0.057617 0.604989 0.023450 0.016902
0 0.059236 0.576165 0.018136 0.014874
0 0.078258 0.577932 0.018790 0.016099
0 0.079960 0.576401 0.015022 0.012928
0 0.342992 0.308140 0.013644 0.012481
0 0.330245 0.334235 0.013289 0.012999
0 0.513949 0.267876 0.013542 0.009435
0 0.513262 0.281695 0.010420 0.010008
0 0.472973 0.324915 0.010128 0.012188
0 0.501478 0.348229 0.008951 0.005258
0 0.503156 0.348416 0.012226 0.004923
0 0.698927 0.302423 0.005654 0.008120
0 0.732500 0.299809 0.012025 0.011505
0 0.764740 0.307260 0.013004 0.008002
0 0.708114 0.298254 0.010629 0.007396
0 0.105808 0.379172 0.015607 0.012039
0 0.077365 0.605732 0.017215 0.012664
0 0.126568 0.561634 0.018063 0.013081
0 0.134479 0.572285 0.018600 0.013539
0 0.152189 0.579341 0.016944 0.013972
0 0.138088 0.538910 0.017917 0.012974
0 0.303841 0.557039 0.018136 0.016442
0 0.486590 0.575448 0.012814 0.012744
0 0.799073 0.558265 0.008220 0.005340
0 0.410358 0.854415 0.005336 0.005518
0 0.513039 0.225097 0.011422 0.008731
