0 0.839717 0.561203 0.009857 0.008026
0 0.436526 0.355421 0.011414 0.009087
0 0.512189 0.598265 0.011389 0.011349
0 0.520901 0.593761 0.013425 0.011064
0 0.484779 0.476127 0.010398 0.008734
0 0.491899 0.471891 0.009017 0.007303
0 0.537511 0.445049 0.012719 0.011398
0 0.483896 0.530759 0.011009 0.008887
0 0.490197 0.464323 0.009203 0.007122
0 0.515415 0.447038 0.012489 0.011110
0 0.427770 0.487087 0.010541 0.008501
0 0.673708 0.380663 0.010406 0.009380
0 0.580347 0.421343 0.008896 0.011870
0 0.427122 0.360281 0.009287 0.009071
0 0.721764 0.643346 0.009185 0.007048
0 0.342177 0.372597 0.007343 0.008024
0 0.386234 0.371968 0.011539 0.009282
