0 0.588429 0.236563 0.011793 0.005289
0 0.612346 0.259516 0.003268 0.015793
0 0.629080 0.261623 0.016423 0.019496
0 0.635844 0.290042 0.010280 0.018037
0 0.674435 0.279954 0.008147 0.012233
0 0.678675 0.327467 0.007700 0.011301
0 0.676852 0.265197 0.008007 0.012018
0 0.116190 0.424024 0.006541 0.008260
0 0.126679 0.447818 0.008972 0.011075
0 0.130866 0.427816 0.008816 0.011115
0 0.416578 0.431731 0.014268 0.023900
0 0.766394 0.643357 0.010874 0.014952
0 0.440352 0.158891 0.006527 0.012029
0 0.683292 0.284836 0.010828 0.019306
0 0.873862 0.403699 0.011924 0.015702
0 0.299727 0.584669 0.010853 0.008374
0 0.707659 0.197802 0.008026 0.011802
0 0.713677 0.205119 0.005666 0.009755
0 0.707070 0.208344 0.005663 0.008969
0 0.436066 0.384167 0.009770 0.010007
0 0.712192 0.894669 0.008002 0.012664
0 0.643739 0.902038 0.008081 0.015208
0 0.474863 0.825409 0.007577 0.012412
0 0.245587 0.897105 0.011809 0.014444
0 0.577231 0.799759 0.007412 0.011769
0 0.564938 0.797882 0.015902 0.015084
0 0.587155 0.797663 0.010302 0.016656
0 0.517437 0.778087 0.009194 0.014382
0 0.518743 0.800682 0.008621 0.013030
0 0.514905 0.765766 0.009740 0.015245
0 0.507374 0.763300 0.008596 0.012982
0 0.028692 0.800358 0.009457 0.015936
0 0.646253 0.682398 0.007018 0.008436
0 0.208688 0.610437 0.007070 0.010208
0 0.205850 0.621760 0.007407 0.011875
0 0.186771 0.618061 0.011908 0.018688
0 0.149742 0.594821 0.008958 0.007507
0 0.150922 0.588308 0.008358 0.006959
0 0.089468 0.650969 0.003476 0.018428
0 0.081643 0.653346 0.012108 0.022336
0 0.715429 0.488109 0.007569 0.003746
0 0.705625 0.519141 0.007725 0.012595
0 0.602826 0.553337 0.007621 0.014817
0 0.475066 0.471974 0.014479 0.008173
0 0.460833 0.475764 0.006217 0.010497
0 0.456990 0.471848 0.007029 0.008023
0 0.473374 0.471617 0.010691 0.007467
0 0.399638 0.472579 0.007615 0.009390
0 0.388274 0.514450 0.009992 0.014090
0 0.346907 0.536884 0.007887 0.017482
0 0.222974 0.475435 0.008936 0.011915
0 0.177850 0.519543 0.004674 0.018012
0 0.180532 0.502315 0.010186 0.020815
0 0.144312 0.576668 0.007982 0.009901
0 0.150913 0.582513 0.009167 0.004565
0 0.168780 0.545227 0.008509 0.015746
0 0.150212 0.492661 0.008857 0.012478
0 0.091882 0.547253 0.008265 0.016502
0 0.156941 0.538406 0.008706 0.015365
0 0.165114 0.530821 0.008610 0.015369
0 0.171016 0.518130 0.008846 0.019821
0 0.645842 0.463310 0.005603 0.008505
0 0.533459 0.413227 0.008684 0.014576
0 0.493102 0.414611 0.006088 0.009273
0 0.475539 0.465691 0.016291 0.004291
0 0.485611 0.414660 0.010839 0.012288
0 0.470544 0.420155 0.008446 0.013286
0 0.396528 0.445738 0.007552 0.014349
0 0.194630 0.545819 0.006217 0.011382
0 0.041870 0.272189 0.004819 0.008655
0 0.046539 0.269567 0.005902 0.007869
0 0.050718 0.240393 0.006195 0.009046
0 0.862536 0.378041 0.008613 0.005037
0 0.853803 0.366162 0.009087 0.009912
0 0.861594 0.413383 0.005984 0.007760
0 0.862991 0.403110 0.010088 0.011257
0 0.871927 0.412290 0.011064 0.009507
0 0.146029 0.159461 0.007887 0.009828
0 0.136002 0.185309 0.006499 0.010450
0 0.477150 0.198777 0.010403 0.012197
0 0.611314 0.217416 0.005441 0.014247
0 0.588387 0.228107 0.011637 0.011623
0 0.616601 0.216888 0.005066 0.014075
0 0.699434 0.169896 0.004641 0.012167
0 0.623035 0.222524 0.007982 0.011378
0 0.659256 0.173807 0.005765 0.009660
0 0.703211 0.171100 0.002914 0.015702
0 0.705909 0.177770 0.007700 0.010015
0 0.715718 0.164689 0.008317 0.013114
0 0.710487 0.165937 0.005688 0.009799
0 0.732052 0.175908 0.005984 0.009711
0 0.713240 0.133158 0.006475 0.011667
0 0.722589 0.180976 0.007930 0.010007
0 0.025332 0.266802 0.006250 0.007646
0 0.075964 0.277184 0.006258 0.009733
0 0.076789 0.288399 0.006225 0.007917
0 0.030027 0.265292 0.006837 0.011360
0 0.199169 0.326855 0.007177 0.010004
0 0.210688 0.317317 0.008766 0.010804
0 0.513714 0.294755 0.007412 0.015592
0 0.466480 0.329801 0.006475 0.011831
0 0.507278 0.289490 0.006672 0.012767
0 0.488491 0.318004 0.008035 0.012054
0 0.461875 0.340336 0.007012 0.010482
0 0.487830 0.249293 0.005359 0.007657
0 0.606520 0.255614 0.012640 0.018253
0 0.588584 0.246102 0.010842 0.014909
