0 0.530684 0.347895 0.002459 0.003823
0 0.591554 0.436285 0.003893 0.004097
0 0.399010 0.395921 0.004753 0.004591
0 0.718442 0.497118 0.002618 0.003944
0 0.716875 0.494653 0.002220 0.003260
0 0.715396 0.495866 0.003243 0.004327
0 0.724714 0.483374 0.003835 0.004196
0 0.729237 0.476425 0.004032 0.004459
0 0.746398 0.527498 0.003344 0.003805
0 0.753528 0.515499 0.003640 0.005245
0 0.760805 0.519828 0.003835 0.004196
0 0.754953 0.539823 0.003739 0.005113
0 0.763706 0.536742 0.003147 0.005245
0 0.878762 0.879380 0.004592 0.005245
0 0.889867 0.873096 0.004016 0.005570
0 0.873723 0.857798 0.004178 0.005355
0 0.866675 0.860640 0.004836 0.005789
0 0.858028 0.861294 0.003769 0.004042
0 0.854217 0.865230 0.005162 0.006447
0 0.477658 0.544214 0.004246 0.006294
0 0.511456 0.555937 0.003893 0.006451
0 0.400556 0.430757 0.004008 0.004152
0 0.409567 0.432449 0.004671 0.004920
0 0.073723 0.621992 0.006727 0.006769
0 0.088391 0.788251 0.005872 0.009463
0 0.066091 0.891497 0.004534 0.008498
0 0.120754 0.898670 0.005099 0.004722
0 0.588754 0.577732 0.003347 0.004280
0 0.566650 0.504751 0.004918 0.006776
0 0.577386 0.509943 0.004098 0.005793
0 0.577590 0.503386 0.002867 0.004477
0 0.568856 0.486076 0.004131 0.003936
0 0.566909 0.481277 0.003303 0.004719
0 0.575111 0.474905 0.003895 0.005504
0 0.606972 0.452169 0.003895 0.004090
0 0.630221 0.451774 0.003895 0.005822
0 0.628510 0.457675 0.003067 0.006294
0 0.577943 0.449020 0.004131 0.004408
0 0.580539 0.449649 0.002952 0.005665
0 0.580008 0.456495 0.004249 0.005190
0 0.584611 0.449413 0.004013 0.006451
0 0.603905 0.492763 0.004603 0.005665
0 0.609746 0.490640 0.004246 0.004876
0 0.537925 0.360916 0.003416 0.005099
0 0.588925 0.442750 0.003553 0.003549
