0 0.417864 0.895363 0.020866 0.021911
0 0.473765 0.889515 0.018012 0.018448
0 0.222504 0.957437 0.018012 0.016475
0 0.241502 0.937093 0.016038 0.014992
0 0.833942 0.866679 0.011334 0.008106
0 0.825640 0.887830 0.012127 0.012848
0 0.698723 0.859364 0.015026 0.014035
0 0.631784 0.861532 0.014240 0.013059
0 0.538927 0.789348 0.015252 0.010181
0 0.410570 0.290473 0.011864 0.008501
0 0.401113 0.745744 0.016151 0.014306
0 0.386129 0.753280 0.023114 0.021850
0 0.359108 0.720204 0.015848 0.012486
0 0.579200 0.728490 0.011177 0.016129
0 0.667807 0.766749 0.014912 0.012840
0 0.588258 0.728783 0.006897 0.015367
0 0.686870 0.732415 0.015742 0.012681
0 0.758209 0.765389 0.015154 0.010943
0 0.031323 0.825195 0.015548 0.015192
0 0.012396 0.824683 0.020866 0.014849
0 0.682674 0.577495 0.017050 0.013931
0 0.598805 0.798550 0.010365 0.010822
0 0.696469 0.568169 0.010534 0.012484
0 0.593205 0.591610 0.015227 0.013616
0 0.570594 0.616715 0.014857 0.005359
0 0.596128 0.660138 0.013688 0.012448
0 0.593642 0.616316 0.017694 0.004561
0 0.777820 0.691605 0.016261 0.013928
0 0.327555 0.708973 0.023867 0.014394
0 0.359097 0.717866 0.016250 0.017788
0 0.384627 0.768453 0.016667 0.011499
0 0.617239 0.805979 0.010157 0.008273
0 0.596855 0.798838 0.014565 0.011870
0 0.549956 0.541302 0.026455 0.019178
0 0.612564 0.418394 0.017686 0.012029
0 0.420208 0.357701 0.012639 0.009317
0 0.592884 0.792226 0.011023 0.005504
0 0.682959 0.957066 0.025391 0.015694
0 0.411407 0.409962 0.018319 0.014342
0 0.388686 0.528078 0.014514 0.010729
0 0.348279 0.533679 0.016089 0.013509
0 0.353999 0.543479 0.013933 0.011672
0 0.603858 0.432730 0.014762 0.013048
0 0.554700 0.438462 0.017135 0.013048
0 0.507922 0.814064 0.014280 0.015485
0 0.521871 0.814064 0.009225 0.008566
