0 0.927643 0.169804 0.004923 0.007409
0 0.894678 0.148914 0.004921 0.008231
0 0.918803 0.164231 0.005370 0.007898
0 0.912326 0.204636 0.005123 0.007847
0 0.891053 0.142074 0.007385 0.010245
0 0.840696 0.171087 0.004967 0.007803
0 0.866420 0.184132 0.005641 0.008812
0 0.874460 0.193710 0.005011 0.008231
0 0.633842 0.153816 0.003342 0.005461
0 0.629404 0.157030 0.004531 0.006363
0 0.575883 0.211471 0.004079 0.006561
0 0.572297 0.215488 0.004413 0.006933
0 0.571797 0.207407 0.005540 0.007555
0 0.328200 0.154262 0.004202 0.006608
0 0.832288 0.065457 0.007333 0.012354
0 0.573173 0.027975 0.004740 0.007083
0 0.353150 0.048176 0.003503 0.005885
0 0.399644 0.052622 0.004934 0.007701
0 0.866288 0.137330 0.006031 0.009485
0 0.327834 0.850667 0.006963 0.008637
0 0.868162 0.710936 0.004899 0.007756
0 0.565381 0.803116 0.008092 0.010340
0 0.556103 0.802091 0.006077 0.010102
0 0.584208 0.783812 0.005395 0.009064
0 0.582146 0.775342 0.005718 0.007372
0 0.347534 0.748653 0.004948 0.008308
0 0.724516 0.647734 0.005255 0.009525
0 0.728276 0.635148 0.005132 0.009053
0 0.651930 0.649205 0.004408 0.007708
0 0.641738 0.622420 0.005345 0.009817
0 0.339121 0.697451 0.005699 0.008607
0 0.234017 0.661654 0.004537 0.007365
0 0.227200 0.658465 0.004301 0.007668
0 0.206990 0.346327 0.004287 0.006404
0 0.924309 0.149088 0.005866 0.007745
0 0.925861 0.118333 0.007505 0.010950
0 0.912468 0.135270 0.005573 0.010490
0 0.930990 0.156689 0.005899 0.008743
0 0.948163 0.357303 0.007018 0.008655
0 0.899078 0.372208 0.005463 0.007010
0 0.949300 0.397493 0.005737 0.006374
0 0.951552 0.407166 0.005652 0.007102
0 0.959090 0.413851 0.006634 0.009178
0 0.342511 0.289216 0.005203 0.006115
0 0.346412 0.285627 0.004836 0.006056
0 0.355067 0.298141 0.004641 0.006561
0 0.775806 0.253726 0.006848 0.009792
0 0.802222 0.255345 0.004959 0.007145
0 0.800212 0.298662 0.005162 0.007156
0 0.841748 0.243125 0.004992 0.007654
0 0.010311 0.391880 0.003791 0.005647
0 0.673196 0.366502 0.004112 0.007895
0 0.670058 0.366906 0.004655 0.007862
0 0.731742 0.463644 0.004482 0.006689
0 0.824157 0.374624 0.004613 0.008070
0 0.962623 0.421484 0.004578 0.010073
0 0.944176 0.408039 0.004997 0.007321
0 0.969212 0.430276 0.005244 0.006992
0 0.967492 0.417052 0.006228 0.011583
0 0.820099 0.235959 0.005630 0.009565
0 0.944996 0.401420 0.004816 0.006714
0 0.752393 0.289428 0.004380 0.007124
0 0.168956 0.193679 0.006255 0.007080
0 0.399925 0.558189 0.005074 0.007394
0 0.398448 0.528686 0.004956 0.009126
0 0.704513 0.579750 0.007081 0.008914
0 0.787848 0.423715 0.004523 0.005376
0 0.786668 0.428894 0.005310 0.007606
0 0.757233 0.195588 0.005321 0.007865
0 0.673203 0.052217 0.005408 0.009068
0 0.147246 0.004423 0.006165 0.008845
0 0.144804 0.012345 0.006982 0.011539
0 0.260603 0.035859 0.005817 0.008414
0 0.264947 0.038099 0.004997 0.008085
0 0.267937 0.035203 0.005737 0.007321
0 0.328788 0.815356 0.006020 0.011173
0 0.337012 0.744099 0.005899 0.009704
0 0.352844 0.698469 0.005704 0.007865
0 0.332784 0.704826 0.005310 0.009309
0 0.448780 0.680084 0.005570 0.006886
0 0.450747 0.673637 0.005737 0.006447
0 0.446608 0.676972 0.003851 0.007211
0 0.458369 0.663366 0.005899 0.007756
0 0.465376 0.653368 0.003525 0.005683
0 0.473243 0.640912 0.004507 0.007211
0 0.652822 0.655400 0.005491 0.007321
0 0.769947 0.521482 0.005408 0.007431
0 0.765030 0.509845 0.005082 0.007979
0 0.767899 0.513832 0.005244 0.007869
0 0.736689 0.580731 0.005779 0.009064
0 0.857190 0.237809 0.006393 0.007080
0 0.866005 0.267860 0.005178 0.009412
0 0.821986 0.229408 0.005408 0.008414
0 0.814242 0.230556 0.005984 0.010490
0 0.715826 0.356924 0.003851 0.007102
0 0.702839 0.352935 0.003934 0.006118
0 0.307411 0.305300 0.004131 0.006294
0 0.312819 0.284645 0.003934 0.005636
0 0.317342 0.270289 0.003736 0.006294
0 0.362876 0.287610 0.004128 0.006162
0 0.377908 0.288695 0.004095 0.006776
0 0.363894 0.247939 0.005408 0.007215
0 0.358446 0.253076 0.005164 0.007431
0 0.330746 0.240126 0.005329 0.007760
0 0.192034 0.350395 0.005181 0.006754
0 0.203387 0.345007 0.004438 0.005994
0 0.337892 0.159682 0.005247 0.006996
0 0.332851 0.145422 0.004671 0.007102
0 0.404652 0.097551 0.003015 0.005387
0 0.400839 0.096718 0.003246 0.004934
0 0.552907 0.069896 0.005984 0.006992
0 0.576610 0.034399 0.005112 0.007869
0 0.787540 0.086257 0.006845 0.010227
0 0.777096 0.089011 0.005781 0.008812
0 0.771079 0.080278 0.005310 0.009284
0 0.760869 0.077526 0.004485 0.006294
0 0.761695 0.066747 0.006138 0.009912
0 0.757978 0.061396 0.004603 0.009284
0 0.749718 0.057228 0.006020 0.011012
0 0.848433 0.053262 0.006609 0.011173
0 0.843358 0.054050 0.005192 0.010855
0 0.841235 0.064121 0.006845 0.012116
0 0.874711 0.133914 0.005123 0.008728
0 0.870471 0.134863 0.005291 0.009711
0 0.311985 0.149916 0.005658 0.007727
0 0.938857 0.140638 0.006228 0.006992
0 0.940537 0.133425 0.006804 0.008743
