0 0.609387 0.285919 0.005507 0.009119
0 0.568580 0.280976 0.008388 0.010965
0 0.577130 0.280868 0.008662 0.011743
0 0.468041 0.243328 0.006149 0.009514
0 0.468490 0.257485 0.007072 0.008750
0 0.518724 0.302325 0.005847 0.007697
0 0.511227 0.239437 0.009312 0.010709
0 0.488165 0.348231 0.006499 0.005292
0 0.512621 0.251647 0.007242 0.009836
0 0.452501 0.255839 0.009285 0.011941
0 0.449879 0.245881 0.007933 0.010928
0 0.522312 0.293383 0.007470 0.008944
0 0.406916 0.348450 0.007675 0.004854
0 0.424001 0.303889 0.006790 0.009247
0 0.409698 0.342752 0.005855 0.009569
0 0.417785 0.269377 0.007188 0.012548
0 0.405676 0.273385 0.009301 0.012909
0 0.690328 0.179761 0.003835 0.005610
0 0.687773 0.185247 0.004454 0.006444
0 0.521183 0.222862 0.006001 0.008882
0 0.184627 0.146963 0.005016 0.007383
0 0.072002 0.231012 0.007958 0.005804
0 0.134393 0.112432 0.004871 0.006224
0 0.477622 0.776584 0.009794 0.009126
0 0.478041 0.768088 0.008956 0.011330
0 0.805835 0.944190 0.006785 0.010618
0 0.803328 0.935601 0.007473 0.011012
0 0.830706 0.889932 0.008259 0.015340
0 0.847573 0.905404 0.007179 0.011144
0 0.848407 0.896489 0.008065 0.011407
0 0.919783 0.766427 0.007670 0.013242
0 0.799846 0.703688 0.009539 0.014686
0 0.972733 0.726943 0.007829 0.012723
0 0.969279 0.699923 0.008355 0.008684
0 0.939217 0.633575 0.005408 0.008392
0 0.899378 0.513123 0.005663 0.008183
0 0.847955 0.426583 0.005439 0.005980
0 0.872619 0.410691 0.006620 0.007551
0 0.696390 0.175689 0.004644 0.006466
0 0.704893 0.182562 0.003618 0.006374
0 0.701820 0.178739 0.004984 0.006923
0 0.697930 0.202836 0.004496 0.007588
0 0.704816 0.172295 0.004041 0.007208
0 0.683646 0.184587 0.004156 0.004781
0 0.683845 0.188724 0.004438 0.005768
0 0.618379 0.285680 0.004531 0.008874
0 0.600110 0.266515 0.006513 0.009441
0 0.611155 0.311263 0.007366 0.011707
0 0.605137 0.316361 0.006656 0.011327
0 0.512736 0.238288 0.005663 0.010764
0 0.511461 0.215724 0.005663 0.010197
0 0.554653 0.262361 0.009630 0.015863
0 0.525692 0.234039 0.007223 0.010197
0 0.492060 0.232244 0.007081 0.009627
0 0.490644 0.239797 0.005663 0.007365
0 0.486679 0.233189 0.006231 0.008118
0 0.479245 0.248671 0.008638 0.010384
0 0.491919 0.256414 0.006798 0.010007
0 0.462675 0.231113 0.007220 0.011517
0 0.184912 0.577491 0.006458 0.007701
0 0.185922 0.589046 0.007459 0.010424
0 0.178361 0.589499 0.007292 0.010424
0 0.182185 0.596071 0.008141 0.011784
0 0.280585 0.585080 0.007135 0.014730
0 0.166309 0.413622 0.008638 0.012083
0 0.150591 0.410033 0.009487 0.011330
0 0.157037 0.403617 0.009907 0.011334
0 0.215873 0.411261 0.008638 0.014159
0 0.144912 0.210663 0.010620 0.009061
0 0.155533 0.214722 0.011472 0.013406
0 0.142434 0.227845 0.009912 0.009441
0 0.150295 0.238229 0.010337 0.015106
0 0.193061 0.230583 0.008638 0.015669
0 0.098251 0.181870 0.011047 0.016049
0 0.096693 0.168651 0.011329 0.011140
0 0.106889 0.162893 0.010762 0.013220
0 0.120414 0.165819 0.012604 0.015292
0 0.095489 0.149863 0.010337 0.013973
0 0.026738 0.148353 0.012462 0.013593
0 0.041890 0.149108 0.013029 0.012463
0 0.052086 0.159587 0.010762 0.012273
0 0.056693 0.249788 0.010622 0.013845
0 0.045127 0.239561 0.012508 0.015417
0 0.057046 0.237674 0.012980 0.014163
0 0.016332 0.241606 0.013925 0.015735
0 0.022293 0.256396 0.013808 0.013216
0 0.034624 0.249633 0.014161 0.014792
0 0.141626 0.327549 0.007670 0.010859
0 0.125032 0.365044 0.009794 0.012273
0 0.115769 0.370473 0.008495 0.010545
0 0.108451 0.376610 0.010148 0.014945
0 0.125445 0.377791 0.013215 0.016678
0 0.431150 0.566433 0.006488 0.011959
0 0.063613 0.777356 0.011754 0.013973
0 0.086741 0.958936 0.011217 0.014276
0 0.137382 0.917813 0.009518 0.014046
0 0.129819 0.922911 0.010707 0.016086
0 0.094727 0.901159 0.011554 0.017449
0 0.091329 0.889717 0.012917 0.011327
0 0.089541 0.880199 0.011379 0.014053
0 0.096852 0.850066 0.010365 0.017675
0 0.081133 0.865247 0.011894 0.017219
0 0.296737 0.793626 0.009323 0.013216
0 0.313258 0.797403 0.005781 0.010069
0 0.311960 0.792761 0.007670 0.012116
0 0.360285 0.793233 0.007555 0.014002
0 0.367484 0.802988 0.007791 0.012745
0 0.612825 0.767390 0.006368 0.011711
0 0.625005 0.774750 0.006941 0.013973
0 0.605178 0.779189 0.006656 0.012273
0 0.577918 0.762100 0.007930 0.010954
0 0.567582 0.755868 0.006513 0.009441
0 0.510724 0.558896 0.008141 0.011330
0 0.549019 0.580058 0.009441 0.010227
0 0.546835 0.572114 0.007908 0.010069
0 0.563828 0.553781 0.008616 0.012431
0 0.585155 0.457293 0.007930 0.013593
0 0.578499 0.451818 0.007930 0.014726
0 0.632357 0.444126 0.008141 0.013216
0 0.629053 0.468595 0.011209 0.012745
0 0.619671 0.466314 0.008026 0.009441
0 0.610584 0.448925 0.009677 0.015892
0 0.704697 0.430281 0.009087 0.012273
0 0.698266 0.434136 0.006138 0.010859
0 0.689061 0.427763 0.006138 0.011330
0 0.704995 0.382133 0.005658 0.009126
0 0.665073 0.354596 0.006954 0.009594
0 0.668255 0.339492 0.008380 0.008341
0 0.683655 0.348697 0.006845 0.014477
0 0.773934 0.355305 0.006135 0.008183
0 0.821197 0.342482 0.004131 0.005190
0 0.816535 0.341301 0.004720 0.008494
0 0.827393 0.294097 0.005192 0.006923
0 0.835948 0.302909 0.006020 0.008494
0 0.830402 0.304011 0.005546 0.010384
0 0.830814 0.341537 0.005663 0.006765
0 0.835948 0.340437 0.005784 0.006765
0 0.900145 0.379773 0.006963 0.008341
0 0.897904 0.367973 0.004838 0.006451
0 0.744986 0.492889 0.004485 0.008966
0 0.741623 0.490450 0.006963 0.011330
0 0.765578 0.513423 0.007198 0.010698
0 0.772459 0.560122 0.008377 0.010698
0 0.779361 0.560753 0.008969 0.011645
0 0.834944 0.602328 0.006982 0.008260
0 0.835731 0.568039 0.008555 0.009178
0 0.922515 0.611542 0.006077 0.009379
0 0.927711 0.628593 0.005027 0.007083
0 0.930770 0.625146 0.005263 0.007398
0 0.935038 0.627233 0.005455 0.006637
0 0.989311 0.727562 0.005507 0.010621
0 0.992950 0.720287 0.007670 0.009704
0 0.971286 0.806431 0.008114 0.009287
0 0.974317 0.788293 0.007621 0.008852
0 0.969688 0.792390 0.007050 0.008523
0 0.961410 0.786489 0.007212 0.007650
0 0.954486 0.787200 0.007459 0.008414
0 0.958255 0.841615 0.008111 0.012785
0 0.896358 0.849861 0.008753 0.013377
0 0.903735 0.863169 0.011505 0.014817
0 0.902996 0.877200 0.010817 0.010621
0 0.756635 0.831491 0.007377 0.013246
0 0.696561 0.945327 0.011472 0.018125
0 0.706405 0.864136 0.007081 0.014726
0 0.689764 0.821652 0.008355 0.014349
0 0.665052 0.833171 0.009912 0.012460
0 0.620162 0.850446 0.008498 0.011140
0 0.614993 0.845632 0.009487 0.012083
0 0.546442 0.970126 0.008947 0.015325
0 0.462208 0.866592 0.010765 0.017372
0 0.465890 0.793311 0.008780 0.016615
0 0.473466 0.799353 0.009772 0.018129
0 0.461003 0.813138 0.008355 0.015859
0 0.447904 0.765177 0.009630 0.014726
0 0.440470 0.760552 0.008923 0.016425
0 0.459201 0.741277 0.009559 0.016363
0 0.478909 0.720980 0.008849 0.017939
0 0.467989 0.709251 0.009197 0.015563
0 0.448167 0.699344 0.007788 0.012431
0 0.452415 0.692105 0.008026 0.010541
0 0.405518 0.655382 0.010033 0.017153
0 0.412599 0.635634 0.011212 0.011641
0 0.384337 0.617540 0.008969 0.011959
0 0.389056 0.626429 0.008024 0.014006
0 0.332978 0.456966 0.008555 0.010753
0 0.325112 0.461425 0.009737 0.011016
0 0.304489 0.496806 0.007081 0.012588
0 0.328775 0.494448 0.007138 0.010665
0 0.326620 0.484412 0.007308 0.010877
0 0.349646 0.492456 0.008498 0.011557
0 0.389071 0.481806 0.008498 0.010651
0 0.382189 0.478522 0.008325 0.010420
0 0.371313 0.466966 0.006628 0.014050
0 0.378110 0.458469 0.010704 0.011557
0 0.264509 0.505484 0.006798 0.010420
0 0.234941 0.505937 0.009515 0.013593
0 0.227974 0.497206 0.009512 0.015164
0 0.366299 0.465833 0.006798 0.014503
0 0.313535 0.458242 0.011384 0.012463
0 0.302659 0.460848 0.011727 0.014956
0 0.880230 0.823854 0.009803 0.013169
0 0.755000 0.819041 0.005927 0.009865
0 0.677684 0.933110 0.009753 0.014846
0 0.756113 0.721226 0.008986 0.009302
0 0.762060 0.729179 0.008128 0.009485
0 0.766069 0.721054 0.007253 0.008914
0 0.793835 0.692893 0.008438 0.014075
0 0.724149 0.352780 0.008528 0.013235
0 0.614616 0.284167 0.006787 0.010227
0 0.525737 0.253838 0.005981 0.009123
0 0.116192 0.181069 0.010970 0.016488
0 0.368047 0.635088 0.005562 0.009547
0 0.370955 0.672308 0.007305 0.012014
0 0.612186 0.611813 0.003698 0.009730
0 0.604493 0.618046 0.007292 0.009594
0 0.610344 0.598810 0.006954 0.008805
0 0.616224 0.611208 0.004345 0.011999
0 0.802843 0.691751 0.008668 0.011572
0 0.866805 0.591164 0.006456 0.008571
0 0.942068 0.627860 0.005683 0.008607
0 0.902484 0.661245 0.003947 0.006561
0 0.302140 0.798438 0.007141 0.011393
0 0.309296 0.755969 0.005970 0.007368
0 0.265737 0.749956 0.005115 0.011791
0 0.358184 0.808726 0.007322 0.013067
0 0.557681 0.724896 0.007714 0.009602
0 0.544231 0.708322 0.005639 0.007449
0 0.564819 0.764158 0.006656 0.012255
0 0.559353 0.760029 0.006765 0.010592
0 0.689457 0.808869 0.006678 0.011714
0 0.755613 0.710281 0.008199 0.011711
0 0.729468 0.707683 0.008092 0.010227
0 0.961565 0.706360 0.004611 0.007083
0 0.696471 0.837122 0.007678 0.009207
0 0.766066 0.828207 0.006223 0.009580
0 0.896860 0.884075 0.008292 0.012288
0 0.889871 0.872409 0.008991 0.011265
0 0.373022 0.641539 0.006702 0.010709
0 0.432567 0.620894 0.008528 0.010252
0 0.417201 0.668593 0.009507 0.013377
0 0.422270 0.645179 0.008980 0.012449
0 0.422717 0.632544 0.009128 0.011974
0 0.908910 0.492016 0.007240 0.008344
0 0.887973 0.542385 0.006001 0.007986
0 0.794385 0.567306 0.007722 0.008268
0 0.828063 0.568003 0.007607 0.009777
0 0.835863 0.473609 0.003969 0.006042
0 0.815212 0.568675 0.007771 0.010471
0 0.726684 0.504583 0.007146 0.010541
0 0.767262 0.527611 0.006140 0.008520
0 0.560211 0.485146 0.003706 0.005563
0 0.551852 0.493878 0.003698 0.006652
0 0.561647 0.544287 0.007752 0.009942
0 0.529570 0.497175 0.006508 0.012851
0 0.543406 0.499781 0.007081 0.009050
0 0.553370 0.560689 0.009444 0.014126
0 0.306990 0.487240 0.006683 0.011784
0 0.293102 0.495726 0.006812 0.011838
0 0.314530 0.475508 0.007349 0.011477
0 0.313633 0.487454 0.006954 0.011875
0 0.056898 0.482082 0.008747 0.014200
0 0.923723 0.367716 0.004430 0.006842
0 0.886601 0.412515 0.005395 0.006776
0 0.887403 0.414439 0.005567 0.008900
0 0.891597 0.374667 0.007349 0.008048
0 0.929730 0.407188 0.004147 0.005998
0 0.895337 0.385413 0.007155 0.009401
0 0.936059 0.403152 0.005315 0.006948
0 0.916981 0.400347 0.004860 0.005738
0 0.839966 0.465495 0.005304 0.004682
0 0.863303 0.396544 0.005883 0.008805
0 0.856605 0.400621 0.005770 0.008165
0 0.842726 0.438202 0.004981 0.007493
0 0.870365 0.398902 0.005828 0.009200
0 0.710097 0.377317 0.006702 0.010051
0 0.712903 0.463790 0.005219 0.006959
0 0.715060 0.456173 0.005192 0.007478
0 0.730391 0.419898 0.008172 0.011725
0 0.678540 0.362593 0.006384 0.010501
0 0.625381 0.424602 0.009688 0.013911
0 0.683184 0.451043 0.006746 0.009485
0 0.623610 0.440954 0.008575 0.014613
0 0.598041 0.371787 0.009241 0.013743
0 0.534260 0.445594 0.007193 0.013469
0 0.539438 0.435965 0.009271 0.012427
0 0.484168 0.366586 0.008391 0.013246
0 0.479245 0.418353 0.007355 0.013395
0 0.523495 0.447533 0.005641 0.012961
0 0.469759 0.400815 0.006743 0.009466
0 0.502844 0.459777 0.008298 0.014057
0 0.516867 0.459494 0.007248 0.012021
0 0.463490 0.398997 0.007018 0.007803
0 0.851561 0.311679 0.006203 0.009448
0 0.834915 0.327902 0.006513 0.005665
0 0.841136 0.309530 0.006231 0.009967
0 0.842415 0.291444 0.006743 0.008004
0 0.723791 0.263540 0.004479 0.006086
0 0.707749 0.276349 0.004331 0.006520
0 0.704518 0.245437 0.004095 0.007021
0 0.727834 0.262471 0.004446 0.006769
0 0.725208 0.256919 0.004046 0.005746
0 0.658675 0.321941 0.007289 0.011491
0 0.669977 0.325267 0.007766 0.010292
0 0.603995 0.274373 0.006510 0.009726
0 0.569626 0.347641 0.005962 0.006473
0 0.581303 0.287531 0.004921 0.005018
0 0.577947 0.292601 0.005510 0.007993
0 0.577160 0.347233 0.006332 0.007288
