0 0.574805 0.720115 0.014918 0.025727
0 0.183512 0.735894 0.011924 0.016670
0 0.196754 0.710643 0.011393 0.016754
0 0.225097 0.777484 0.012536 0.019909
0 0.229306 0.734572 0.012292 0.020665
0 0.245800 0.759119 0.010093 0.017076
0 0.224113 0.799296 0.010907 0.018088
0 0.196741 0.815753 0.011804 0.005921
0 0.218409 0.792370 0.010622 0.017606
0 0.103072 0.801729 0.009542 0.018465
0 0.145448 0.806548 0.011445 0.016495
0 0.104215 0.757308 0.011132 0.016831
0 0.722833 0.617164 0.016269 0.026016
0 0.681240 0.596153 0.017399 0.022643
0 0.548210 0.590069 0.013065 0.010329
0 0.533692 0.590183 0.014529 0.010775
0 0.518465 0.592524 0.015663 0.015457
0 0.131916 0.691107 0.007182 0.012551
0 0.037026 0.693487 0.009419 0.014759
0 0.068295 0.683430 0.009243 0.015669
0 0.680729 0.581192 0.014907 0.007208
0 0.580584 0.571182 0.010630 0.013637
0 0.586553 0.554190 0.014405 0.024390
0 0.533975 0.580479 0.015318 0.008633
0 0.547603 0.576966 0.014394 0.015658
0 0.574958 0.561771 0.011817 0.017284
0 0.461553 0.579048 0.010677 0.011495
0 0.454796 0.570386 0.010299 0.011400
0 0.463928 0.578591 0.015669 0.012409
0 0.517892 0.581875 0.014254 0.005841
0 0.505558 0.514474 0.013681 0.024137
0 0.311657 0.498874 0.009175 0.012551
0 0.271712 0.547944 0.008950 0.013827
0 0.111335 0.556352 0.007259 0.014963
0 0.043395 0.568995 0.009822 0.014920
0 0.629760 0.402655 0.012333 0.021868
0 0.669608 0.443454 0.015663 0.021352
0 0.546569 0.317741 0.012541 0.016016
0 0.573836 0.296471 0.016839 0.022270
0 0.563015 0.319525 0.011294 0.020906
0 0.549445 0.287328 0.014630 0.024313
0 0.533279 0.333174 0.012462 0.021400
0 0.577689 0.257052 0.013810 0.024419
0 0.354670 0.309050 0.007492 0.018882
0 0.408520 0.266707 0.013059 0.024247
0 0.345751 0.307498 0.010154 0.019134
0 0.334529 0.309322 0.016283 0.024565
0 0.443004 0.214342 0.008816 0.016111
0 0.153665 0.172283 0.014857 0.021809
0 0.783332 0.792555 0.011741 0.016842
0 0.112363 0.937374 0.010082 0.015420
0 0.084923 0.965322 0.014583 0.018947
0 0.076397 0.941764 0.008649 0.012686
0 0.178610 0.568268 0.009633 0.014825
0 0.291672 0.514837 0.011316 0.015939
0 0.258857 0.433023 0.014945 0.014803
0 0.233557 0.434589 0.009180 0.017935
0 0.156412 0.519671 0.009430 0.012098
0 0.157745 0.507929 0.008183 0.010910
0 0.171266 0.458350 0.006760 0.011860
0 0.175448 0.451469 0.008363 0.010914
0 0.484571 0.846001 0.011143 0.014481
0 0.221032 0.863397 0.013144 0.015340
0 0.211520 0.867431 0.011637 0.020227
0 0.196261 0.823949 0.012845 0.010318
0 0.205032 0.828549 0.011669 0.018428
0 0.204539 0.857350 0.008690 0.015673
0 0.119564 0.929819 0.010735 0.011619
0 0.061669 0.892350 0.009929 0.013297
0 0.017135 0.850998 0.011875 0.019642
0 0.062685 0.907016 0.011269 0.018717
0 0.055428 0.923130 0.010746 0.016239
0 0.059454 0.864050 0.011064 0.017383
0 0.064419 0.871813 0.012588 0.013655
0 0.065526 0.883264 0.009370 0.014971
0 0.775747 0.764766 0.009504 0.012237
0 0.668252 0.729602 0.008226 0.013940
